CT	Aytful	LTR	ERVL	TguLTR5d	NC_045594.1:4457868-4458290+	NC_045594.1:8576830-8577245-	31	35	0	125,126,144,152,153,154,155,167,193,198,205,230,240,252,266,271,277,286,321,330,331,336,354,357,364,365,369,370,393,396,397	125,126,144,152,153,154,155,160,186,191,198,223,233,245,259,264,270,279,314,323,324,329,347,350,357,358,362,363,386,389,390	4	1,2,3,4,5,6,7,8,9,10,11,12,13,14,15,16,17,18,19,20,21,22,23,24,25,26,27,28,29,30,31	269	266	418	1|31|0|0|0|0|1|1|1|0|0|0
CT	Aytful	LTR	ERVL	TguLTR5d	NC_045594.1:4457868-4458290+	NC_045594.1:6672977-6673392-	32	39	0	125,126,152,153,154,155,165,167,193,198,205,230,252,266,269,271,277,354,357,364,365,369,370,393,396,397	125,126,152,153,154,155,158,160,186,191,198,223,245,259,262,264,270,347,350,357,358,362,363,386,389,390	3	2,3,4,5,6,7,8,9,10,11,12,13,15,16,17,18,19,24,25,26,27,28,29,30,31,32	169	266	418	3|32|0|0|0|0|3|0|0|0|1|0
CT	Aytful	LTR	ERVL	TguLTR5d	NC_045594.1:4457868-4458290+	NW_022474016.1:32712-33129+	33	41	0	125,126,144,152,153,154,165,167,170,193,198,205,230,240,321,330,331,336,354,357,364,365,369,370,391,393,396,397	125,126,144,152,153,154,158,160,163,186,191,198,223,233,314,323,324,329,347,350,357,358,362,363,384,386,389,390	2	1,2,3,4,5,6,7,8,9,10,11,12,13,14,20,21,22,23,24,25,26,27,28,29,30,31,32,33	186	266	417	3|33|0|1|0|0|3|0|0|0|1|0
CT	Aytful	LTR	ERVL	TguLTR5d	NC_045594.1:4457868-4458290+	NC_045594.1:16360824-16361239-	32	43	0	152,153,154,155,165,167,193,198,205,230,240,336,354,357,364,365,369,370,391,393,396,397	152,153,154,155,158,160,186,191,198,223,233,329,347,350,357,358,362,363,384,386,389,390	2	3,4,5,6,7,8,9,10,11,12,13,22,23,24,25,26,27,28,29,30,31,32	144	239	418	4|32|0|1|1|0|4|0|0|0|1|0
CT	Aytful	LTR	ERVL	TguLTR5d	NC_045594.1:4457868-4458290+	NC_045594.1:11571402-11571974+	32	44	0	152,153,154,155,165,167,193,198,205,230,321,330,331,336,354,357,364,365,369,370,391,393,396,397	152,153,154,155,158,160,186,191,198,223,314,323,324,329,347,350,357,358,362,363,384,386,389,390	2	3,4,5,6,7,8,9,10,11,12,19,20,21,22,23,24,25,26,27,28,29,30,31,32	149	239	418	3|32|0|2|1|0|5|0|0|0|1|0
CT	Aytful	LTR	ERVL	TguLTR5d	NC_045594.1:4457868-4458290+	NC_045594.1:9099035-9099450+	32	44	0	152,153,154,155,165,167,193,321,330,331,336,354,357,364,365,369,370,391,393,396,397	152,153,154,155,158,160,186,314,323,324,329,347,350,357,358,362,363,384,386,389,390	2	3,4,5,6,7,8,9,19,20,21,22,23,24,25,26,27,28,29,30,31,32	112	239	418	4|32|0|1|1|0|5|0|0|0|1|0
CT	Aytful	LTR	ERVL	TguLTR5d	NC_045594.1:4457868-4458290+	NC_045594.1:8690840-8691255+	32	44	0	152,153,154,155,165,167,193,198,205,230,336,354,357,364,365,369,370,391,393,396,397	152,153,154,155,158,160,186,191,198,223,329,347,350,357,358,362,363,384,386,389,390	2	3,4,5,6,7,8,9,10,11,12,22,23,24,25,26,27,28,29,30,31,32	134	239	418	4|32|0|1|1|0|5|0|0|0|1|0
CT	Aytful	LTR	ERVL	TguLTR5d	NC_045594.1:4457868-4458290+	NC_045594.1:6177807-6178222+	31	44	0	152,153,154,165,167,193,198,205,230,336,354,357,364,365,369,370,391,393,396,397	152,153,154,158,160,186,191,198,223,329,347,350,357,358,362,363,384,386,389,390	2	3,4,5,6,7,8,9,10,11,21,22,23,24,25,26,27,28,29,30,31	134	239	418	4|31|0|1|1|0|5|0|0|0|2|0
CT	Aytful	LTR	ERVL	TguLTR5d	NC_045594.1:4457868-4458290+	NC_045594.1:17936260-17936678+	31	45	0	152,153,154,165,167,193,198,205,230,336,354,357,364,365,369,370,391	152,153,154,158,160,186,191,198,223,329,347,350,357,358,362,363,384	2	3,4,5,6,7,8,9,10,11,21,22,23,24,25,26,27,28	128	233	418	4|31|0|2|1|0|6|0|0|0|1|0
CT	Aytful	LTR	ERVL	TguLTR5d	NC_045594.1:4457868-4458290+	NC_045594.1:17929589-17930007+	31	45	0	152,153,154,165,167,193,198,205,230,336,354,357,364,365,369,370,391	152,153,154,158,160,186,191,198,223,329,347,350,357,358,362,363,384	2	3,4,5,6,7,8,9,10,11,21,22,23,24,25,26,27,28	128	233	418	4|31|0|2|1|0|6|0|0|0|1|0
CT	Aytful	LTR	ERVL	TguLTR5d	NC_045594.1:4457868-4458290+	NC_045594.1:15792662-15793240+	32	45	0	152,153,154,155,165,167,193,198,205,230,336,354,357,364,365,369,370,391,393,396,397	152,153,154,155,158,160,186,191,198,223,329,347,350,357,358,362,363,384,386,389,390	2	3,4,5,6,7,8,9,10,11,12,22,23,24,25,26,27,28,29,30,31,32	134	239	418	4|32|0|2|1|0|5|0|0|0|1|0
CT	Aytful	LTR	ERVL	TguLTR5d	NC_045594.1:4457868-4458290+	NC_045594.1:12151063-12151660+	31	44	0	125,126,152,153,154,165,167,193,198,205,230,240,321,330,331,336,354,357,364,365,369,370,391,393,396,397	125,126,152,153,154,158,160,186,191,198,223,233,314,323,324,329,347,350,357,358,362,363,384,386,389,390	2	1,2,3,4,5,6,7,8,9,10,11,12,18,19,20,21,22,23,24,25,26,27,28,29,30,31	186	266	418	2|31|0|4|0|0|4|1|0|0|2|0
CT	Aytful	LTR	ERVL	TguLTR5d	NC_045594.1:4457868-4458290+	NC_045594.1:11475525-11476103-	32	46	0	152,153,154,155,165,167,336,354,357,364,365,369,370,391,393,396,397	152,153,154,155,158,160,329,347,350,357,358,362,363,384,386,389,390	2	3,4,5,6,7,8,22,23,24,25,26,27,28,29,30,31,32	71	239	418	4|32|0|3|1|0|5|0|0|0|1|0
CT	Aytful	LTR	ERVL	TguLTR5d	NC_045594.1:4457868-4458290+	NC_045594.1:9983077-9983655+	31	46	0	152,153,154,155,165,167,336,354,357,364,365,369,370,391,393,396,397	152,153,154,155,158,160,329,347,350,357,358,362,363,384,386,389,390	2	3,4,5,6,7,8,21,22,23,24,25,26,27,28,29,30,31	71	239	418	5|31|0|2|1|0|5|0|1|0|1|0
CT	Aytful	LTR	ERVL	TguLTR5d	NC_045594.1:4457868-4458290+	NC_045594.1:6584358-6584936+	32	46	0	152,153,154,155,165,167,193,198,205,321,330,331,336,354,357,364,365,369,370,391,393,396,397	152,153,154,155,158,160,186,191,198,314,323,324,329,347,350,357,358,362,363,384,386,389,390	2	3,4,5,6,7,8,9,10,11,19,20,21,22,23,24,25,26,27,28,29,30,31,32	124	239	418	5|32|0|2|1|0|5|0|0|0|1|0
CT	Aytful	LTR	ERVL	TguLTR5d	NC_045594.1:4457868-4458290+	NC_045594.1:16952035-16952632+	33	46	0	125,126,144,152,153,154,165,167,193,198,205,230,240,321,330,331,336,354,357,364,365,369,370,391,393,396,397	125,126,144,152,153,154,158,160,186,191,198,223,233,314,323,324,329,347,350,357,358,362,363,384,386,389,390	2	1,2,3,4,5,6,7,8,9,10,11,12,13,20,21,22,23,24,25,26,27,28,29,30,31,32,33	186	266	418	3|33|1|3|0|0|3|1|0|0|1|1
CT	Aytful	LTR	ERVL	TguLTR5d	NC_045594.1:4457868-4458290+	NC_045594.1:16884388-16884985-	33	46	0	125,126,144,152,153,154,165,167,193,198,205,230,240,321,330,331,336,354,357,364,365,369,370,391,393,396,397	125,126,144,152,153,154,158,160,186,191,198,223,233,314,323,324,329,347,350,357,358,362,363,384,386,389,390	2	1,2,3,4,5,6,7,8,9,10,11,12,13,20,21,22,23,24,25,26,27,28,29,30,31,32,33	186	266	418	3|33|1|3|0|0|3|1|0|0|1|1
CT	Aytful	LTR	ERVL	TguLTR5d	NC_045594.1:4457868-4458290+	NC_045594.1:5801502-5802077-	32	47	0	152,153,154,155,165,167,193,198,321,330,331,336,354,357,364,365,369,370,391,393,396,397	152,153,154,155,158,160,186,191,314,323,324,329,347,350,357,358,362,363,384,386,389,390	2	3,4,5,6,7,8,9,10,19,20,21,22,23,24,25,26,27,28,29,30,31,32	117	239	418	4|32|0|2|1|0|5|2|0|0|1|0
CT	Aytful	LTR	ERVL	TguLTR5d	NC_045594.1:4457868-4458290+	NC_045594.1:5807750-5808331-	32	48	0	152,153,154,155,165,167,193,198,336,354,357,364,365,369,370,391,393,396,397	152,153,154,155,158,160,186,191,329,347,350,357,358,362,363,384,386,389,390	2	3,4,5,6,7,8,9,10,22,23,24,25,26,27,28,29,30,31,32	102	239	418	6|32|0|2|1|0|5|0|1|0|1|0
CT	Aytful	LTR	ERVL	TguLTR5d	NC_045594.1:4457868-4458290+	NC_045594.1:4487225-4487642-	33	49	0	125,126,152,153,154,155,165,167,193,198,205,230,336,343,354,357,364,365,369,370,391,393,396,397	125,126,152,153,154,155,158,160,186,191,198,223,329,336,347,350,357,358,362,363,384,386,389,390	2	1,2,3,4,5,6,7,8,9,10,11,12,22,23,24,25,26,27,28,29,30,31,32,33	161	266	418	3|33|1|3|0|0|5|2|0|0|2|0
