CT	Pasdom	LTR	ERVL	DR0179808	CM004525.1:19949743-19951046+	MBAE01002325.1:4-958+	48	116	0	108,110,144,155,156,158,169,621,622,633,634,641,98	108,110,144,155,156,158,169,623,624,635,636,643,98	2	10,11,12,13,14,15,16,17,31,32,33,34,35	93	546	952	29|48|1|1|2|1|17|9|0|5|0|3
CT	Pasdom	LTR	ERVL	DR0179808	CM004527.1:52184821-52186123+	MBAE01002325.1:4-958+	48	103	0	108,110,14,144,15,156,158,169,28,403,404,414,433,435,48,49,53,620,621,632,633,640,98	108,110,14,144,15,156,158,169,28,418,419,429,446,448,48,49,53,623,624,635,636,643,98	4	1,2,3,4,5,6,10,11,12,13,14,15,16,24,25,26,27,28,32,33,34,35,36	164	630	947	24|48|3|0|0|0|16|5|0|4|1|2
CT	Pasdom	LTR	ERVL	DR0179808	CM004527.1:61317406-61318697-	MBAE01002325.1:4-958+	50	102	0	108,110,14,144,15,155,156,158,169,189,28,3,48,49,53,631,632,643,644,651	108,110,14,144,15,155,156,158,169,189,28,3,48,49,53,623,624,635,636,643	3	1,2,3,4,5,6,7,12,13,14,15,16,17,18,19,36,37,38,39,40	154	641	953	23|50|1|3|0|1|11|7|2|2|1|1
CT	Pasdom	LTR	ERVL	DR0179808	CM004528.1:1138881-1140191-	MBAE01002325.1:4-958+	48	91	0	144,155,156,158,169,48,49,53,60,624,625,637,638,645,66,669,672,676,715,735,738,744	144,155,156,158,169,48,49,53,60,623,624,635,636,643,66,667,670,674,713,733,736,742	4	4,5,6,7,8,12,13,14,15,16,33,34,35,36,37,38,39,40,41,42,43,44	166	695	951	22|48|1|0|0|2|11|2|0|2|2|1
CT	Pasdom	LTR	ERVL	DR0179808	CM004528.1:19462934-19464242-	MBAE01002325.1:4-958+	49	90	0	108,110,144,155,156,158,169,624,625,636,637,644,88	108,110,144,155,156,158,169,623,624,635,636,643,88	2	9,10,11,12,13,14,15,16,33,34,35,36,37	103	556	953	22|49|1|2|0|3|6|1|0|4|1|1
CT	Pasdom	LTR	ERVL	DR0179808	CM004528.1:27255631-27256937+	MBAE01002325.1:4-958+	47	95	0	108,110,14,144,15,155,156,158,191,192,210,258,260,28,3,48,49,53,624,625,637,638,645	108,110,14,144,15,155,156,158,192,193,211,259,261,28,3,48,49,53,623,624,635,636,643	4	1,2,3,4,5,6,7,12,13,14,15,16,17,18,19,20,21,22,33,34,35,36,37	227	641	953	22|47|3|1|0|2|8|5|0|3|1|3
CT	Pasdom	LTR	ERVL	DR0179808	CM004528.1:31053466-31054797-	MBAE01002325.1:4-958+	23	41	0	108,110,144,155,156,158,169,191,192,210,258,260	108,110,144,155,156,158,169,192,193,211,259,261	2	11,12,13,14,15,16,17,18,19,20,21,22	155	154	344	7|23|1|1|0|1|4|0|0|3|1|0
CT	Pasdom	LTR	ERVL	DR0179808	CM004528.1:46544042-46545344+	MBAE01002325.1:4-958+	46	94	0	108,110,144,155,156,158,169,192,193,211,253,255,662,665,669,708,728,731,737	108,110,144,155,156,158,169,192,193,211,259,261,667,670,674,713,733,736,742	3	7,8,9,10,11,12,13,14,15,16,17,18,35,36,37,38,39,40,41	231	635	935	17|46|1|0|0|3|20|0|0|5|1|1
CT	Pasdom	LTR	ERVL	DR0179808	CM004528.1:46545656-46546731-	MBAE01002325.1:4-958+	52	139	0	144,154,155,156,158,169,634,635,644,646,647,654	144,154,155,156,158,169,623,624,633,635,636,643	2	12,13,14,15,16,17,35,36,37,38,39,40	47	500	909	36|52|3|2|4|0|21|10|2|3|2|4
CT	Pasdom	LTR	ERVL	DR0179808	CM004528.1:76948214-76949524+	MBAE01002325.1:4-958+	48	90	0	14,144,15,155,156,158,169,3,48,49,53,624,625,636,637,644,668,671,675,714,734,737,743	14,144,15,155,156,158,169,3,48,49,53,623,624,635,636,643,667,670,674,713,733,736,742	4	1,2,3,4,5,6,12,13,14,15,16,33,34,35,36,37,38,39,40,41,42,43,44	198	740	950	25|48|1|0|0|3|4|2|0|4|2|1
CT	Pasdom	LTR	ERVL	DR0179808	CM004529.1:27907998-27909309-	MBAE01002325.1:4-958+	48	103	0	108,110,14,144,15,155,156,158,169,3,48,49,53,630,631,642,643,650,98	108,110,14,144,15,155,156,158,169,3,48,49,53,623,624,635,636,643,98	3	1,2,3,4,5,6,10,11,12,13,14,15,16,17,34,35,36,37,38	144	641	956	29|48|1|2|0|1|11|2|1|5|2|1
CT	Pasdom	LTR	ERVL	DR0179808	CM004529.1:35083100-35084377+	CM004546.1:8308190-8308500+	25	28	0	107,116,117,128,129,131,142,145,38,48,49,53,60,66,75,80,81,83,90	107,116,117,128,129,131,142,145,38,48,49,53,60,66,75,80,81,83,90	1	3,4,5,6,7,8,9,10,11,12,13,14,15,16,17,18,19,20,21	108	108	310	1|25|0|0|0|0|2|0|0|0|0|0
CT	Pasdom	LTR	ERVL	DR0179808	CM004529.1:53740081-53741400+	MBAE01002325.1:4-958+	52	134	0	144,155,156,158,169,639,640,651,652,659	144,155,156,158,169,623,624,635,636,643	2	15,16,17,18,19,37,38,39,40,41	47	500	958	40|52|2|2|2|1|20|3|3|3|4|2
CT	Pasdom	LTR	ERVL	DR0179808	CM004529.1:65499627-65500952-	MBAE01002325.1:4-958+	46	131	0	144,155,156,158,169,643,644,654,655,662	144,155,156,158,169,623,624,635,636,643	2	11,12,13,14,15,31,32,33,34,35	47	500	962	37|46|5|2|2|1|17|8|3|5|1|4
CT	Pasdom	LTR	ERVL	DR0179808	CM004529.1:71181281-71182115+	MBAE01002325.1:4-958+	42	87	0	108,110,144,155,158,169,632,633,644,645,652,98	108,110,144,155,158,169,623,624,635,636,643,98	2	10,11,12,13,14,15,16,32,33,34,35,36	93	546	830	19|42|1|2|0|2|10|5|0|4|1|1
CT	Pasdom	LTR	ERVL	DR0179808	CM004529.1:72758843-72760153-	MBAE01002325.1:4-958+	50	90	0	108,110,14,144,15,155,156,158,169,3,48,49,53,60,625,626,637,638,645,66,88	108,110,14,144,15,155,156,158,169,3,48,49,53,60,623,624,635,636,643,66,88	2	1,2,3,4,5,6,7,8,9,10,11,12,13,14,15,16,34,35,36,37,38	188	641	954	23|50|1|2|0|4|3|2|1|1|2|1
CT	Pasdom	LTR	ERVL	DR0179808	CM004529.1:74831363-74832683-	MBAE01002325.1:4-958+	49	95	0	108,110,144,155,156,158,636,637,648,649,656,98	108,110,144,155,156,158,623,624,635,636,643,98	2	11,12,13,14,15,16,17,32,33,34,35,36	82	546	960	24|49|2|2|0|2|8|2|1|4|0|1
CT	Pasdom	LTR	ERVL	DR0179808	CM004529.1:78032693-78033989-	MBAE01002325.1:4-958+	47	83	0	108,110,14,143,15,154,155,157,168,48,49,53,623,624,635,636,643,667,670,674,713,733,736,742,88	108,110,14,144,15,155,156,158,169,48,49,53,623,624,635,636,643,667,670,674,713,733,736,742,88	4	1,2,3,4,5,8,9,10,11,12,13,14,15,32,33,34,35,36,37,38,39,40,41,42,43	243	729	939	18|47|1|0|0|3|5|2|0|4|2|1
CT	Pasdom	LTR	ERVL	DR0179808	CM004529.1:78032693-78033989-	CM004546.1:8308190-8308500+	14	21	0	117,133,142,143,154,155,157,168,171,192,202,204,234	107,116,117,128,129,131,142,145,166,176,178,208,90	1	1,2,3,4,5,6,7,8,9,10,11,12,13	119	119	226	1|14|0|0|0|1|2|1|0|1|1|0
CT	Pasdom	LTR	ERVL	DR0179808	CM004529.1:78072806-78074111-	MBAE01002325.1:4-958+	49	82	0	108,110,14,144,15,155,156,158,169,192,193,211,213,253,255,3,48,49,53,60,619,620,631,632,639,66,663,666,670,709,729,732,738,88	108,110,14,144,15,155,156,158,169,192,193,211,213,259,261,3,48,49,53,60,623,624,635,636,643,66,667,670,674,713,733,736,742,88	4	1,2,3,4,5,6,7,8,9,10,11,12,13,14,15,16,17,18,19,20,21,22,34,35,36,37,38,39,40,41,42,43,44,45	381	740	948	23|49|1|0|0|3|1|1|0|2|1|1
CT	Pasdom	LTR	ERVL	DR0179808	CM004530.1:46034817-46035391+	MBAE01002325.1:4-958+	32	49	0	107,109,14,143,15,154,155,157,168,191,192,210,259,261,3,417,418,428,445,447,48,487,49,53	108,110,14,144,15,155,156,158,169,192,193,211,259,261,3,418,419,429,446,448,48,488,49,53	4	1,2,3,4,5,6,10,11,12,13,14,15,16,17,18,19,20,21,26,27,28,29,30,31	277	486	574	9|32|1|1|0|1|1|1|0|2|0|1
CT	Pasdom	LTR	ERVL	DR0179808	CM004530.1:46034817-46035391+	CM004546.1:8308190-8308500+	14	14	0	116,133,142,143,154,155,157,168,171,192,202,204,235,258	107,116,117,128,129,131,142,145,166,176,178,208,231,90	1	1,2,3,4,5,6,7,8,9,10,11,12,13,14	142	142	228	0|14|0|0|0|0|0|0|0|0|0|0
CT	Pasdom	LTR	ERVL	DR0179808	CM004530.1:55808551-55809859-	MBAE01002325.1:4-958+	47	74	0	108,110,14,144,15,155,156,158,169,192,193,211,259,261,3,417,418,428,445,447,48,487,49,53,622,623,634,635,642,666,669,673,712,732,735,741,88	108,110,14,144,15,155,156,158,169,192,193,211,259,261,3,418,419,429,446,448,48,488,49,53,623,624,635,636,643,667,670,674,713,733,736,742,88	6	1,2,3,4,5,6,9,10,11,12,13,14,15,16,17,18,19,20,21,26,27,28,29,30,31,32,33,34,35,36,37,38,39,40,41,42,43	553	740	953	20|47|1|0|0|1|1|2|0|2|0|0
CT	Pasdom	LTR	ERVL	DR0179808	CM004530.1:110585235-110586532-	MBAE01002325.1:4-958+	50	104	0	14,15,3,48,49,53,613,614,624,626,627,634	14,15,3,48,49,53,623,624,633,635,636,643	2	1,2,3,4,5,6,35,36,37,38,39,40	72	641	948	24|50|2|1|0|2|9|2|5|3|4|2
CT	Pasdom	LTR	ERVL	DR0179808	CM004531.1:42466116-42467423-	MBAE01002325.1:4-958+	52	114	0	108,110,144,155,156,158,169,192,193,211,259,261,629,630,639,641,648,98	108,110,144,155,156,158,169,192,193,211,259,261,623,624,633,635,643,98	3	12,13,14,15,16,17,18,19,20,21,22,23,24,37,38,39,40,41	186	546	955	30|52|1|2|0|1|13|1|3|5|2|4
CT	Pasdom	LTR	ERVL	DR0179808	CM004531.1:53940108-53941420-	MBAE01002325.1:4-958+	52	111	0	145,156,157,159,170,629,630,641,642,649	144,155,156,158,169,623,624,635,636,643	2	15,16,17,18,19,36,37,38,39,40	47	500	956	27|52|0|1|2|1|12|7|2|4|1|2
CT	Pasdom	LTR	ERVL	DR0179808	CM004531.1:68257823-68259132+	MBAE01002325.1:4-958+	49	95	0	108,110,14,144,15,155,156,158,169,3,48,49,53,627,628,639,640,647	108,110,14,144,15,155,156,158,169,3,48,49,53,623,624,635,636,643	3	1,2,3,4,5,6,11,12,13,14,15,16,17,34,35,36,37,38	134	641	955	25|49|1|1|0|2|8|1|0|4|3|1
CT	Pasdom	LTR	ERVL	DR0179808	CM004531.1:68398196-68399500+	MBAE01002325.1:4-958+	48	76	0	102,107,109,13,14,143,154,155,157,168,191,192,210,258,260,416,417,427,444,446,47,48,486,52,621,622,631,633,640,87	103,108,110,14,144,15,155,156,158,169,192,193,211,259,261,418,419,429,446,448,48,488,49,53,623,624,633,635,643,88	5	1,2,3,4,5,8,9,10,11,12,13,14,15,16,17,18,19,20,21,26,27,28,29,30,31,33,34,35,36,37	307	630	949	19|48|1|0|0|1|2|2|1|2|0|0
CT	Pasdom	LTR	ERVL	DR0179808	CM004532.1:103597-104904+	MBAE01002325.1:4-958+	48	94	0	107,109,14,143,15,154,155,157,3,48,49,53,627,628,638,639,646,98	108,110,14,144,15,155,156,158,3,48,49,53,623,624,635,636,643,99	3	1,2,3,4,5,6,10,11,12,13,14,15,16,33,34,35,36,37	132	641	954	27|48|1|2|0|3|5|1|1|3|1|2
CT	Pasdom	LTR	ERVL	DR0179808	CM004536.1:25140729-25141556-	CM004546.1:8308190-8308500+	14	16	0	117,134,143,144,155,156,158,169,172,193,203,205	107,116,117,128,129,131,142,145,166,176,178,90	1	1,2,3,4,5,6,7,8,9,10,11,12	89	89	227	1|14|0|0|0|0|0|0|0|0|1|0
CT	Pasdom	LTR	ERVL	DR0179808	CM004542.1:27260-28571+	MBAE01002325.1:4-958+	52	103	0	108,110,14,144,15,155,156,158,169,28,3,48,49,53,630,631,642,643,650,98	108,110,14,144,15,155,156,158,169,28,3,48,49,53,623,624,635,636,643,98	3	1,2,3,4,5,6,7,11,12,13,14,15,16,17,18,35,36,37,38,39	144	641	955	24|52|1|3|0|1|13|1|2|5|0|1
CT	Pasdom	LTR	ERVL	DR0179808	CM004549.1:20103-20931-	MBAE01002325.1:4-958+	46	98	0	108,110,14,144,15,155,156,158,169,28,3,48,49,53,626,627,638,639,646,98	108,110,14,144,15,155,156,158,169,28,3,48,49,53,623,624,635,636,643,98	3	1,2,3,4,5,6,7,11,12,13,14,15,16,17,18,35,36,37,38,39	144	641	825	26|46|1|2|0|2|10|4|1|5|0|1
CT	Pasdom	LTR	ERVL	DR0179808	MBAE01000248.1:436392-437698+	MBAE01002325.1:4-958+	50	107	0	108,110,144,155,156,158,169,624,625,635,636,643,98	108,110,144,155,156,158,169,623,624,635,636,643,98	2	9,10,11,12,13,14,15,16,34,35,36,37,38	93	546	949	26|50|1|2|0|2|16|3|2|4|0|1
CT	Pasdom	LTR	ERVL	DR0179808	MBAE01000278.1:193233-194539+	MBAE01002325.1:4-958+	50	103	0	144,155,156,158,169,191,192,210,212,258,260,630,631,640,642,649	144,155,156,158,169,192,193,211,213,259,261,623,624,633,635,643	3	13,14,15,16,17,18,19,20,21,22,23,35,36,37,38,39	140	500	956	25|50|1|4|0|3|9|2|1|3|4|1
CT	Pasdom	LTR	ERVL	DR0179808	MBAE01000337.1:6539-7372-	MBAE01002325.1:4-958+	45	91	0	108,110,14,144,15,155,156,158,169,28,3,48,49,53,631,632,643,644,651,98	108,110,14,144,15,155,156,158,169,28,3,48,49,53,623,624,635,636,643,98	3	1,2,3,4,5,6,7,10,11,12,13,14,15,16,17,34,35,36,37,38	144	641	829	22|45|1|3|1|1|8|3|1|5|0|1
CT	Pasdom	LTR	ERVL	DR0179808	MBAE01000396.1:17701-18534-	MBAE01002325.1:4-958+	46	99	0	193,194,212,260,262,632,633,642,644,651,661	192,193,211,259,261,623,624,633,635,643,653	2	19,20,21,22,23,34,35,36,37,38,39	101	462	827	19|46|1|2|0|5|13|3|0|7|1|2
