CT	Pasdom	LTR	ERVK	DR0179816	CM004525.1:47139127-47139688-	CM004535.1:29264774-29265345-	36	79	0	193,196,209,213,229,47,51,52,54,60,63,68	192,195,208,212,229,47,51,52,54,60,63,68	2	4,5,6,7,8,9,10,20,21,22,23,24	60	183	563	10|36|2|1|5|4|5|7|1|2|5|1
CT	Pasdom	LTR	ERVK	DR0179740	CM004528.1:7218682-7219410+	CM004528.1:109529293-109529785+	35	75	0	315,317,318,325,330,540,547,555,556,563	301,308,316,317,324,81,83,84,91,96	2	1,2,3,4,5,25,26,27,28,29	40	244	409	6|35|1|5|3|0|9|3|4|6|0|3
CT	Pasdom	LTR	ERVK	DR0179740	CM004528.1:109477011-109477599-	CM004538.1:2733258-2733729-	28	64	0	184,189,196,205,211,220,232,241,344,345,346,348,372,380,383,386	105,117,126,227,228,229,231,255,263,266,269,69,74,81,90,96	2	3,4,5,6,7,8,9,10,18,19,20,21,22,23,24,25	101	201	405	12|28|2|1|0|4|8|3|0|2|1|3
CT	Pasdom	LTR	ERVK	DR0179740	CM004528.1:109477011-109477599-	CM004534.1:32175439-32175879-	51	95	0	142,144,146,151,152,156,163,165,167,174,177,188,189,196,205,209,211,219,220,232,236,483,486,495,501,504	104,105,117,121,25,27,29,34,35,368,371,380,388,39,391,46,48,50,59,62,73,74,81,90,94,96	4	1,2,3,4,5,6,7,8,9,10,11,13,14,15,16,17,18,19,20,21,22,45,46,47,48,49	112	367	435	14|51|0|2|3|4|9|2|1|3|0|6
CT	Pasdom	LTR	ERVK	DR0179740	CM004528.1:109923411-109923882+	CM004538.1:2733258-2733729-	30	66	0	103,115,227,228,229,231,255,67,72,88,94	105,117,227,228,229,231,255,69,74,90,96	2	3,4,5,6,7,8,18,19,20,21,22	78	187	412	14|30|2|3|0|3|7|2|0|2|1|2
CT	Pasdom	LTR	ERVK	DR0179740	CM004528.1:110099097-110099568-	CM004539.1:45029-45493-	29	69	0	103,35,39,46,48,57,79,88,92,94	105,35,39,46,48,59,81,90,94,96	2	2,3,4,5,6,9,10,11,12,13	50	71	455	15|29|1|2|3|1|10|2|0|0|2|4
CT	Pasdom	LTR	ERVK	DR0179740	CM004528.1:110099097-110099568-	MBAE01000263.1:295283-295752-	37	80	0	255,263,266,269,27,272,282,288,29,296,297,30,39,46,48,52,57	253,261,264,267,27,270,280,286,29,294,295,30,35,42,44,48,55	2	1,2,3,4,5,6,7,8,28,29,30,31,32,33,34,35,36	72	269	459	18|37|1|3|1|1|6|2|2|4|2|3
CT	Pasdom	LTR	ERVK	DR0179740	CM004528.1:110099097-110099568-	CM004532.1:2903912-2904369+	36	82	0	255,263,266,269,272,282,34,35,39,46,48	249,257,260,263,266,276,31,32,36,43,45	2	3,4,5,6,7,25,26,27,28,29,30	43	246	448	20|36|3|2|4|2|7|5|0|1|0|2
CT	Pasdom	LTR	ERVK	DR0179816	CM004527.1:37262370-37262937-	CM004530.1:42656913-42657465+	29	83	0	247,249,254,269,273,290,321,323,324,329,344,349,356	245,247,252,267,271,284,315,317,318,323,338,342,350	2	5,6,7,8,9,10,14,15,16,17,18,19,20	76	106	559	15|29|1|2|5|3|11|5|0|0|7|5
CT	Pasdom	LTR	ERVK	DR0179740	CM004529.1:94095511-94095973-	CM004539.1:45029-45493-	28	56	0	103,257,271,274,281,284,307,57,60,67,68,72,73,92	105,248,262,265,272,275,297,59,62,69,70,74,75,94	2	7,8,9,10,11,12,13,14,21,22,23,24,25,26	97	239	456	9|28|0|2|1|2|6|2|2|1|1|2
CT	Pasdom	LTR	ERVK	DR0179740	CM004529.1:94095511-94095973-	CM004534.1:32175439-32175879-	48	83	0	102,103,115,25,27,32,33,369,37,372,382,387,391,393,57,60,67,68,71,72,73,92	104,105,117,27,29,34,35,368,371,380,385,389,39,391,59,62,69,70,73,74,75,94	3	1,2,3,4,5,10,11,12,13,14,15,16,17,18,19,20,43,44,45,46,47,48	96	365	421	9|48|0|4|2|3|9|3|3|1|0|1
CT	Pasdom	LTR	ERVK	DR0179816	CM004527.1:38213369-38213908-	CM004530.1:42656913-42657465+	28	81	0	225,227,232,247,251,268,299,301,302,307,322,327,334	245,247,252,267,271,284,315,317,318,323,338,342,350	2	5,6,7,8,9,10,15,16,17,18,19,20,21	76	106	526	16|28|1|3|4|2|9|4|0|1|6|7
CT	Pasdom	LTR	ERVK	DR0179740	CM004529.1:124883244-124883842+	CM004545.1:9851202-9851684-	22	62	0	185,188,189,195,200,290,291,295,299,304	166,167,171,175,180,59,62,63,69,74	2	5,6,7,8,9,10,11,12,13,14	123	122	465	9|22|0|2|0|3|9|5|1|4|5|2
CT	Pasdom	LTR	ERVK	DR0179857	CM004528.1:60061286-60061719-	CM004529.1:45447474-45447895-	17	43	0	12,25,254,257,265,268,283,62,63,64	12,246,249,25,256,259,273,62,63,64	2	1,2,3,4,5,11,12,13,14,15	81	262	400	1|17|4|1|3|2|4|4|2|2|3|0
CT	Pasdom	LTR	ERVK	DR0179740	CM004531.1:18349305-18349763-	CM004539.1:445108-445581+	22	63	0	138,143,157,167,168,59,62,63,81,90	138,143,157,167,168,59,62,63,81,90	2	6,7,8,9,10,12,13,14,15,16	63	110	453	22|22|2|2|0|5|3|3|0|2|0|2
CT	Pasdom	LTR	ERVK	DR0179740	CM004531.1:20791631-20792107-	CM004538.1:2733258-2733729-	31	78	0	229,230,231,233,257,59,62,63,69,90	227,228,229,231,255,59,62,63,69,90	2	9,10,11,12,13,24,25,26,27,28	61	197	459	16|31|2|1|1|1|11|6|0|4|0|5
CT	Pasdom	LTR	ERVK	DR0179740	CM004532.1:1221689-1222159-	MBAE01000263.1:295283-295752-	31	68	0	249,253,261,267,270,280,286,294,295,304,308	249,253,261,267,270,280,286,294,295,304,308	1	21,22,23,24,25,26,27,28,29,30,31	60	60	411	11|31|1|1|1|4|3|2|3|7|1|3
CT	Pasdom	LTR	ERVK	DR0179740	CM004532.1:5060896-5061483+	CM004538.1:2733258-2733729-	23	55	0	188,190,194,201,204,211,231,246,258,267	105,117,126,46,48,52,59,62,69,90	2	2,3,4,5,6,7,8,9,10,11	82	81	421	9|23|3|2|5|1|4|1|1|2|0|4
CT	Pasdom	LTR	ERVK	DR0179816	CM004529.1:94211633-94212207-	CM004535.1:29264774-29265345-	34	90	0	196,211,212,216,233,51,52,54,60,63,68,69,80,85,92	192,207,208,212,229,51,52,54,60,63,68,69,80,85,92	2	5,6,7,8,9,10,11,12,13,14,22,23,24,25,26	80	179	564	9|34|3|3|4|4|14|7|5|2|4|1
CT	Pasdom	LTR	ERVK	DR0179740	CM004532.1:5075193-5075637+	CM004538.1:2733258-2733729-	32	71	0	102,114,123,179,185,187,188,201,44,46,50,57,60,67,87	105,117,126,180,186,188,189,202,46,48,52,59,62,69,90	3	5,6,7,8,9,10,11,12,13,14,19,20,21,22,23	105	157	452	9|32|3|2|2|1|9|4|3|2|1|3
CT	Pasdom	LTR	ERVK	DR0179740	CM004532.1:6176203-6176626-	CM004534.1:32175439-32175879-	31	63	0	100,104,349,352,361,366,370,73,77,87,88	104,105,117,121,368,371,380,385,389,90,94	2	1,2,3,4,5,6,26,27,28,29,30	54	300	350	5|31|0|1|2|3|11|1|1|2|0|6
CT	Pasdom	LTR	ERVK	DR0179757	CM004530.1:18062376-18062685-	MBAE01000444.1:60354-60619-	13	22	0	100,105,125,146,154,33,51,6,68,9	103,123,144,152,31,4,49,66,7,98	1	1,2,3,4,5,6,7,8,9,10	149	149	271	3|13|0|0|0|0|3|2|1|0|0|0
CT	Pasdom	LTR	ERVK	DR0179740	CM004534.1:5186-5660-	CM004538.1:2733258-2733729-	34	69	0	105,230,231,257,265,271,46,48,52,59,62,65,69,81,90	105,228,229,255,263,269,46,48,52,59,62,65,69,81,90	2	5,6,7,8,9,10,11,12,13,14,26,27,28,29,30	102	224	458	13|34|2|1|1|2|6|4|0|2|0|4
CT	Pasdom	LTR	ERVK	DR0179816	CM004530.1:97339383-97339946+	CM004535.1:29264774-29265345-	36	81	0	249,250,251,256,259,47,51,52,54,60,63,68,80,85	247,248,249,254,257,47,51,52,54,60,63,68,80,85	2	4,5,6,7,8,9,10,11,12,25,26,27,28,29	50	211	554	12|36|3|0|6|2|8|6|1|1|4|2
CT	Pasdom	LTR	ERVK	DR0179740	CM004535.1:6060967-6061437+	MBAE01000263.1:295283-295752-	33	65	0	253,257,265,271,274,284,290,298,299,308,39,46,48,52,64	249,253,261,267,270,280,286,294,295,304,35,42,44,48,58	2	3,4,5,6,7,22,23,24,25,26,27,28,29,30,31	80	270	459	10|33|2|3|0|1|4|1|4|4|2|1
CT	Pasdom	LTR	ERVK	DR0179740	CM004535.1:24530121-24530579+	MBAE01000263.1:295283-295752-	28	65	0	242,250,256,259,269,275,45,47,51,63,70,75	253,261,267,270,280,286,42,44,48,58,65,70	2	2,3,4,5,6,7,20,21,22,23,24,25	63	245	463	12|28|0|4|2|1|6|5|1|4|0|2
CT	Pasdom	LTR	ERVK	DR0179740	CM004535.1:24530121-24530579+	CM004535.1:27394261-27394732-	33	75	0	417,423,424,426,429,431,437,60,63,70,74,75	430,436,437,439,442,444,450,57,60,67,71,72	2	1,2,3,4,5,26,27,28,29,30,31,32	37	394	412	17|33|2|2|1|6|5|6|0|0|0|3
CT	Pasdom	LTR	ERVK	DR0179740	CM004535.1:26470583-26471063+	CM004535.1:27394261-27394732-	44	81	0	445,446,448,451,453,459,71,75,76,78,92	436,437,439,442,444,450,67,71,72,74,88	2	9,10,11,12,13,39,40,41,42,43,44	37	384	462	17|44|1|3|1|1|6|5|0|0|2|1
CT	Pasdom	LTR	ERVK	DR0179740	CM004535.1:26648999-26649467-	MBAE01000263.1:295283-295752-	33	78	0	250,254,262,268,271,281,36,43,45,49,56,59	249,253,261,267,270,280,35,42,44,48,55,58	2	3,4,5,6,7,8,25,26,27,28,29,30	56	246	467	10|33|0|2|2|2|6|4|3|5|2|9
CT	Pasdom	LTR	ERVK	DR0179740	CM004536.1:22260397-22260844-	CM004538.1:2733258-2733729-	29	65	0	105,46,48,52,59,62,69,74,81,90	105,46,48,52,59,62,69,74,81,90	1	4,5,6,7,8,9,10,11,12,13	60	60	457	14|29|3|2|2|1|3|3|1|1|1|5
CT	Pasdom	LTR	ERVK	DR0179740	CM004536.1:22260397-22260844-	MBAE01000263.1:295283-295752-	32	66	0	242,250,254,256,259,269,46,48,52,59,62,69,74,81	253,261,265,267,270,280,42,44,48,55,58,65,70,77	2	3,4,5,6,7,8,9,10,23,24,25,26,27,28	64	239	458	12|32|1|2|2|2|2|1|3|3|1|5
CT	Pasdom	LTR	ERVK	DR0179740	CM004539.1:985462-985935-	CM004544.1:8603498-8603967-	40	94	0	256,264,267,270,283,55,59,62,69,73	257,264,267,270,283,55,59,62,69,73	2	8,9,10,11,12,27,28,29,30,31	46	229	458	15|40|2|6|1|7|12|1|4|1|0|5
CT	Pasdom	LTR	ERVK	DR0179740	CM004542.1:939220-939691-	MBAE01000263.1:295283-295752-	35	86	0	255,263,266,269,272,282,39,46,47,48,52,59,62	253,261,264,267,270,280,35,42,43,44,48,55,58	2	3,4,5,6,7,8,9,25,26,27,28,29,30	52	246	465	22|35|1|3|5|2|3|2|3|3|2|5
CT	Pasdom	LTR	ERVK	DR0179780	CM004528.1:104097188-104097784-	CM004537.1:3679445-3680031-	39	84	0	107,108,109,116,124,127,128,60,69,70,88,91	109,110,111,118,126,129,130,60,69,70,88,91	1	9,10,11,12,13,14,15,16,17,18,19,20	71	71	580	10|39|1|4|4|5|6|4|3|4|1|3
CT	Pasdom	LTR	ERVK	DR0179740	CM004545.1:10508992-10509461+	MBAE01000263.1:295283-295752-	30	69	0	254,262,268,271,281,287,295,296,37,46,50,60,67	253,261,267,270,280,286,294,295,35,44,48,58,65	2	1,2,3,4,5,20,21,22,23,24,25,26,27	74	261	429	12|30|0|2|2|2|9|3|2|3|3|1
CT	Pasdom	LTR	ERVK	DR0179740	CM004546.1:8271268-8271770-	MBAE01000263.1:295283-295752-	35	83	0	286,294,300,303,313,319,327,328,61,63,64,73,80,81,82,86,93,96,97	253,261,267,27,270,280,286,29,294,295,30,35,42,43,44,48,55,58,59	2	1,2,3,4,5,6,7,8,9,10,11,27,28,29,30,31,32,33,34	76	269	457	18|35|1|5|1|3|5|2|5|5|1|2
CT	Pasdom	LTR	ERVK	DR0179740	CM004546.1:14311336-14311815-	MBAE01000263.1:295283-295752-	36	74	0	249,257,260,263,266,27,29,30,39,46,47,48,52,59,62	253,261,264,267,27,270,29,30,35,42,43,44,48,55,58	2	1,2,3,4,5,6,7,8,9,10,24,25,26,27,28	50	244	469	15|36|1|1|0|1|6|2|5|3|2|2
CT	Pasdom	LTR	ERVK	DR0179740	CM004550.1:4855094-4855556+	MBAE01000263.1:295283-295752-	32	81	0	256,259,262,265,280,39,46,48,52,59,62	261,264,267,270,286,35,42,44,48,55,58	2	2,3,4,5,6,7,24,25,26,27,28	50	252	462	11|32|1|5|5|0|10|3|3|5|3|3
