CT	Taegut	LTR	ERVK	TguERVK1_LTR4	NC_044211.2:14928335-14928679-	NC_044224.2:19023759-19024037-	23	31	0	131,135,137,145,153,57,58,61,68,86,90	131,135,137,145,153,57,58,61,68,86,90	2	2,3,4,5,6,7,12,13,14,15,16	57	97	278	2|23|0|0|1|0|0|2|0|0|2|1
CT	Taegut	LTR	ERVK	TguERVK1_LTR4	NC_044211.2:19609924-19610270-	NC_044224.2:19023759-19024037-	22	29	0	108,109,114,120,131,135,137,145,57,58,61,68,86	108,109,114,120,131,135,137,145,57,58,61,68,86	2	2,3,4,5,6,7,8,9,10,11,12,13,14	90	89	277	2|22|0|0|0|0|2|0|1|0|1|1
CT	Taegut	LTR	ERVK	TguERVK1_LTR4	NC_044211.2:19614175-19614521-	NC_044224.2:19023759-19024037-	21	27	0	108,109,114,120,131,135,145,154,187,57,58,61,68,86	108,109,114,120,131,135,145,153,186,57,58,61,68,86	2	2,3,4,5,6,7,8,9,10,11,12,13,14,15	131	130	277	2|21|0|0|0|0|2|0|1|0|1|0
CT	Taegut	LTR	ERVK	TguERVK1_LTR4	NC_044211.2:112260659-112261003+	NC_044224.2:19023759-19024037-	18	27	0	109,110,115,121,132,136,138,146,154,57,58,61,87	108,109,114,120,131,135,137,145,153,57,58,61,86	2	2,3,4,5,6,7,8,9,10,11,12,13,14	98	97	279	3|18|0|0|0|0|2|1|0|1|2|0
CT	Taegut	LTR	ERVK	TguERVK1_LTR4	NC_044213.2:19129454-19129798-	NC_044224.2:19023759-19024037-	21	25	0	108,109,114,120,131,135,137,145,57,58,68,86	108,109,114,120,131,135,137,145,57,58,68,86	2	2,3,4,5,6,7,8,9,10,11,12,13	90	89	278	1|21|0|0|0|0|1|0|1|0|1|0
CT	Taegut	LTR	ERVK	TguERVK1_LTR4	NC_044213.2:56762064-56762406+	NC_044224.2:19023759-19024037-	20	25	0	108,109,131,135,137,145,153,155,185,200,201,57,58,61,68,86	108,109,131,135,137,145,153,155,186,201,202,57,58,61,68,86	1	2,3,4,5,6,7,8,9,10,11,12,13,14,15,16,17	146	146	277	2|20|0|0|0|1|1|0|0|1|0|0
CT	Taegut	LTR	ERVK	TguERVK1_LTR4	NC_044213.2:56765389-56765731+	NC_044224.2:19023759-19024037-	20	29	0	108,109,131,135,137,145,153,155,185,200,201,86	108,109,131,135,137,145,153,155,186,201,202,86	1	6,7,8,9,10,11,12,13,14,15,16,17	117	117	277	2|20|0|0|0|2|2|1|0|2|0|0
CT	Taegut	LTR	ERVK	TguERVK1_LTR4	NC_044213.2:78577369-78577713+	NC_044224.2:19023759-19024037-	23	26	0	106,107,112,118,129,133,135,143,152,154,185,200,201,226,234,266,268,55,56,59,66,84	108,109,114,120,131,135,137,145,153,155,186,201,202,227,235,265,267,57,58,61,68,86	2	2,3,4,5,6,7,8,9,10,11,12,13,14,15,16,17,18,19,20,21,22,23	212	211	277	2|23|0|0|0|0|0|0|0|0|1|0
CT	Taegut	LTR	ERVK	TguERVK1_LTR4	NC_044213.2:84266873-84267215-	NC_044224.2:19023759-19024037-	23	28	0	107,108,113,119,130,134,136,144,152,166,186,201,202,57,58,61,68,86,90	108,109,114,120,131,135,137,145,153,166,186,201,202,57,58,61,68,86,90	2	3,4,5,6,7,8,9,10,11,12,13,14,15,16,17,18,19,20,21	147	146	278	1|23|0|0|0|0|1|1|1|0|1|0
CT	Taegut	LTR	ERVK	TguERVK1_LTR4	NC_044213.2:138679694-138680039-	NC_044224.2:19023759-19024037-	23	29	0	120,131,135,137,145,154,168,57,58,61,68,86,87	120,131,135,137,145,153,166,57,58,61,68,86,87	2	2,3,4,5,6,7,11,12,13,14,15,16,17	78	110	279	2|23|0|1|0|0|0|0|0|1|1|1
CT	Taegut	LTR	ERVK	TguERVK1_LTR4	NC_044214.2:75536758-75537102-	NC_044224.2:19023759-19024037-	24	31	0	107,108,113,119,130,134,136,145,153,155,186,201,202,56,57,60,67,85	108,109,114,120,131,135,137,145,153,155,186,201,202,57,58,61,68,86	2	2,3,4,5,6,7,8,9,10,11,12,13,14,15,16,17,18,19	147	146	279	3|24|0|0|0|0|2|1|0|0|1|0
CT	Taegut	LTR	ERVK	TguERVK1_LTR4	NC_044214.2:75540440-75540784-	NC_044224.2:19023759-19024037-	25	34	0	107,108,113,145,153,155,186,201,202,56,57,60,67,85	108,109,114,145,153,155,186,201,202,57,58,61,68,86	2	2,3,4,5,6,7,8,9,14,15,16,17,18,19	116	146	279	3|25|0|0|0|0|3|2|0|0|1|0
CT	Taegut	LTR	ERVK	TguERVK1_LTR4	NC_044214.2:79759848-79760191+	NC_044224.2:19023759-19024037-	20	23	0	108,109,114,120,131,135,137,145,154,57,58,61,68,86	108,109,114,120,131,135,137,145,153,57,58,61,68,86	2	1,2,3,4,5,6,7,8,9,10,11,12,13,14	98	97	278	0|20|0|0|0|0|0|0|1|0|1|1
CT	Taegut	LTR	ERVK	TguERVK1_LTR4	NC_044215.2:55642021-55642368-	NC_044224.2:19023759-19024037-	22	27	0	108,109,114,120,131,135,137,145,154,68,86	108,109,114,120,131,135,137,145,153,68,86	2	5,6,7,8,9,10,11,12,13,14,15	87	86	280	1|22|0|0|0|0|0|1|0|1|1|1
CT	Taegut	LTR	ERVK	TguERVK1_LTR4	NC_044215.2:55645370-55645716-	NC_044224.2:19023759-19024037-	22	28	0	108,109,114,120,131,135,137,145,153,57,58,61,68,86	108,109,114,120,131,135,137,145,153,57,58,61,68,86	2	2,3,4,5,6,7,8,9,10,11,12,13,14,15	98	97	279	1|22|0|0|0|0|1|1|0|1|1|1
CT	Taegut	LTR	ERVK	TguERVK1_LTR4	NC_044216.2:19252624-19252970-	NC_044224.2:19023759-19024037-	21	25	0	109,110,115,121,132,136,138,146,154,189,204,205,230,57,58,61,66,87	108,109,114,120,131,135,137,145,153,186,201,202,227,57,58,61,66,86	2	2,3,4,5,6,7,8,9,10,11,12,13,14,15,16,17,18,19	172	171	279	2|21|0|0|0|0|1|0|0|0|1|0
CT	Taegut	LTR	ERVK	TguERVK1_LTR4	NC_044217.2:1040556-1040901-	NC_044224.2:19023759-19024037-	22	31	0	120,131,135,137,145,154,189,57,58,61,68,86	120,131,135,137,145,153,186,57,58,61,68,86	2	2,3,4,5,6,10,11,12,13,14,15,16	97	130	279	3|22|0|0|0|1|2|1|0|0|2|0
CT	Taegut	LTR	ERVK	TguERVK1_LTR4	NC_044217.2:6748238-6748583-	NC_044224.2:19023759-19024037-	23	27	0	121,132,136,138,146,154,168,170,188,203,204,229,237,34,57,58,59,66,87	120,131,135,137,145,153,166,168,186,201,202,227,235,34,57,58,59,66,86	3	1,2,3,4,5,6,10,11,12,13,14,15,16,17,18,19,20,21,22	170	202	279	0|23|0|0|0|0|1|0|0|0|1|2
CT	Taegut	LTR	ERVK	TguERVK1_LTR4	NC_044221.2:150672-151014+	NC_044224.2:19023759-19024037-	21	25	0	108,109,114,120,131,135,137,145,153,57,58,61,68,86	108,109,114,120,131,135,137,145,153,57,58,61,68,86	2	3,4,5,6,7,8,9,10,11,12,13,14,15,16	98	97	278	1|21|0|0|0|0|0|0|0|0|2|1
CT	Taegut	LTR	ERVK	TguERVK1_LTR4	NC_044223.2:20579829-20580173+	NC_044224.2:19023759-19024037-	22	25	0	109,110,115,121,132,136,138,146,154,187,202,203,35,58,59,62,69,87	108,109,114,120,131,135,137,145,153,186,201,202,34,57,58,61,68,86	2	1,2,3,4,5,6,7,8,9,10,11,12,13,14,15,16,17,18	170	169	278	0|22|0|0|0|0|0|0|0|1|2|0
CT	Taegut	LTR	ERVK	TguERVK1_LTR4	NC_044223.2:20582877-20583221+	NC_044224.2:19023759-19024037-	22	25	0	109,110,115,121,132,136,138,146,154,187,202,203,35,58,59,62,69,87	108,109,114,120,131,135,137,145,153,186,201,202,34,57,58,61,68,86	2	1,2,3,4,5,6,7,8,9,10,11,12,13,14,15,16,17,18	170	169	278	0|22|0|0|0|0|0|0|0|1|2|0
CT	Taegut	LTR	ERVK	TguERVK1_LTR4	NC_044223.2:21003614-21003958-	NC_044224.2:19023759-19024037-	22	27	0	108,109,114,120,131,135,137,145,34,57,58,61,68,86	108,109,114,120,131,135,137,145,34,57,58,61,68,86	2	1,2,3,4,5,6,7,8,9,10,11,12,13,14	113	112	278	1|22|0|0|0|0|1|0|1|0|1|1
CT	Taegut	LTR	ERVK	TguERVK5_LTR1b	NC_044211.2:14295640-14296208+	NC_044227.2:9399558-9400103+	24	66	0	195,234,247,254,259,52,54,60,63,81,85	178,210,223,230,235,38,40,46,49,68,72	2	1,2,3,4,5,6,9,10,11,12,13	93	198	519	21|24|2|1|1|1|5|8|1|1|1|0
CT	Taegut	LTR	ERVK	TguERVK5_LTR1a	NC_044216.2:15520863-15521427+	NC_044241.2:31599529-31600094+	30	71	0	181,182,183,191,199,518,521,523,528,533	183,184,185,193,201,519,522,524,529,534	2	11,12,13,14,15,26,27,28,29,30	35	352	552	15|30|4|2|1|4|8|4|1|1|0|1
CT	Taegut	LTR	ERVK	TguERVK4_I-int	NC_044214.2:76417083-76423426+	NC_045028.1:17822800-17829310+	29	75	0	170,183,185,208,244,449,452,468,513,515	171,184,186,209,245,453,456,472,517,519	2	4,5,6,7,8,14,15,16,17,18	142	349	1004	8|29|2|6|2|1|10|7|1|4|4|1
CT	Taegut	LTR	ERVK	TguERVK9_LTR1a	NC_044211.2:40846669-40846882+	NC_044213.2:106757063-106757356-	15	22	0	141,142,148,163,164,175,178,179,24,34,63,64,7	141,142,148,163,164,175,178,179,24,34,63,64,7	2	1,2,3,4,5,8,9,10,11,12,13,14,15	97	173	213	2|15|0|0|0|0|5|0|0|0|0|0
CT	Taegut	LTR	ERVK	TguERVK9_LTR1a	NC_044212.2:52756397-52756688-	NC_044213.2:106757063-106757356-	16	27	0	101,104,141,142,148,151,163,164,175,179	101,104,141,142,148,151,163,164,175,179	1	6,7,8,9,10,11,12,13,14,15	79	79	292	3|16|0|0|1|1|5|0|0|1|0|0
CT	Taegut	LTR	ERVK	TguERVK9_LTR1a	NC_044212.2:54082459-54082752-	NC_044213.2:106757063-106757356-	15	19	0	101,104,141,142,148,163,164,175,179,24,34,63,64,7	101,104,141,142,148,163,164,175,179,24,34,63,64,7	2	1,2,3,4,5,6,7,8,9,10,11,12,13,14	174	173	293	2|15|0|0|0|0|1|0|0|1|0|0
CT	Taegut	LTR	ERVK	TguERVK4_I-int	NC_045028.1:8236911-8243033-	NC_045028.1:17822800-17829310+	28	62	0	124,170,183,185,244,396,400,447,450,511,513	125,171,184,186,245,399,403,453,456,517,519	2	4,5,6,7,8,12,13,14,15,16,17	242	395	1003	7|28|1|4|2|1|5|6|0|4|3|1
CT	Taegut	LTR	ERVK	TguERVK9_LTR1d	NC_044213.2:3031393-3031689-	NC_044236.2:5572976-5573271-	23	41	0	103,105,106,147,148,177,186,192,59,61,65,83,87	101,103,104,141,142,171,180,186,57,59,63,81,85	2	4,5,6,7,8,9,10,11,14,15,16,17,18	94	130	294	6|23|1|0|0|4|2|3|0|1|0|1
CT	Taegut	LTR	ERVK	TguERVK9_LTR1d	NC_044214.2:68606298-68606591-	NC_044236.2:5572976-5573271-	19	44	0	103,106,173,180,182,188,191,79,83,87	101,104,171,178,180,186,189,77,81,85	2	5,6,7,8,9,12,13,14,15,16	47	113	274	14|19|0|2|0|3|0|5|0|0|0|1
CT	Taegut	LTR	ERVK	TguERVK9_LTR1c	NC_044213.2:141506273-141506565-	NC_044222.2:1534558-1534849-	11	24	0	102,25,4,44,48,65,75,8,82,99	102,25,4,44,48,65,75,8,82,99	2	1,2,3,4,5,6,7,8,9,10	100	99	291	6|11|0|0|0|0|1|5|0|0|0|1
CT	Taegut	LTR	ERVK	TguERVK9_LTR1d	NC_044216.2:3130200-3130493-	NC_044225.2:1956934-1957230+	18	42	0	14,25,32,36,48,59,62,65,69,7	15,29,36,40,51,63,66,69,7,73	1	1,2,3,4,5,6,7,8,9,10	67	67	289	4|18|1|0|3|1|5|4|1|0|1|4
CT	Taegut	LTR	ERVK	TguERVK9_LTR1d	NC_044220.2:28287558-28287854+	NC_044234.2:3093579-3093841+	13	27	0	13,14,32,35,4,49,63,69,72,8	13,14,32,35,4,50,63,69,72,8	1	1,2,3,4,5,6,7,8,9,10	69	69	256	0|13|0|0|0|1|5|4|0|2|0|2
CT	Taegut	LTR	ERVK	TguERVK9_LTR1d	NC_044220.2:28287558-28287854+	NC_044236.2:5572976-5573271-	22	37	0	13,169,173,182,188,191,44,48,49,52	11,167,171,180,186,189,42,46,47,50	2	1,2,3,4,5,15,16,17,18,19	63	179	288	7|22|1|0|1|1|2|1|0|0|0|2
CT	Taegut	LTR	ERVK	TguERVK9_LTR1d	NC_044221.2:24640801-24641084+	NC_044234.2:1261898-1262191+	14	34	0	43,51,59,6,62,64,75,78,8,85,92,93	45,53,6,61,64,66,77,8,80,87,94,95	2	1,2,3,4,5,6,7,8,9,10,11,12	91	90	288	7|14|3|2|0|0|3|3|2|0|0|0
CT	Taegut	LTR	ERVK	TguERVK9_LTR1d	NC_044222.2:143555-143849-	NC_044236.2:5572976-5573271-	16	30	0	103,106,180,182,185,188,191,65,83,87	101,104,178,180,183,186,189,63,81,85	2	3,4,5,6,7,11,12,13,14,15	54	127	280	4|16|0|0|1|0|7|1|1|0|0|0
CT	Taegut	LTR	ERVK	TguERVK9_LTR1d	NC_044223.2:8418707-8419000-	NC_044234.2:1261898-1262191+	15	21	0	114,14,173,238,261,266,289,44,6,63,65,76,8,88	115,14,174,239,261,266,289,45,6,64,66,77,8,89	2	1,2,3,4,5,6,7,8,9,11,12,13,14,15	226	284	293	2|15|0|0|1|0|2|1|0|0|0|0
CT	Taegut	LTR	ERVK	TguLTRK4b	NC_044211.2:108397445-108398013+	NC_044224.2:13297729-13298128-	28	68	0	247,248,251,257,260,262,263,32,36,41,49,56,58,59	246,247,250,257,260,262,263,31,35,40,48,55,57,58	2	3,4,5,6,7,8,9,20,21,22,23,24,25,26	46	233	374	8|28|0|4|1|1|18|1|2|2|1|2
CT	Taegut	LTR	ERVK	TguLTRK8b	NC_044211.2:61745562-61746034+	NC_044218.2:5744879-5745355+	36	87	0	277,280,290,296,304,374,376,377,386,390	279,282,292,298,306,376,378,379,388,392	2	22,23,24,25,26,28,29,30,31,32	45	114	468	11|36|2|4|3|4|8|4|3|5|3|4
CT	Taegut	LTR	ERVK	TguLTRK8b	NC_044211.2:110373809-110374026-	NC_044212.2:2755768-2756099-	14	27	0	139,144,145,148,151,26,30,35,49,57,65	142,146,151,165,173,180,254,259,260,263,266	2	1,2,3,4,5,6,9,10,11,12,13	52	125	218	2|14|0|0|1|1|3|3|0|0|1|2
CT	Taegut	LTR	ERVK	TguLTRK8a	NC_044211.2:5746809-5747277+	NC_044214.2:26465863-26466331+	25	68	0	104,105,35,39,46,48,52,59,62,69,90,94	102,103,33,37,44,46,50,57,60,67,88,92	2	3,4,5,6,7,8,9,10,11,12,13,14	72	71	459	15|25|0|3|1|1|9|8|1|0|0|5
CT	Taegut	LTR	ERVK	TguLTRK8b	NC_044213.2:2186966-2187425-	NC_044221.2:2753462-2753929-	33	69	0	205,225,230,231,233,52,56,62,65,72	207,222,227,228,230,52,56,62,65,72	2	5,6,7,8,9,22,23,24,25,26	45	179	447	17|33|0|1|4|3|4|0|3|1|1|2
CT	Taegut	LTR	ERVK	TguLTRK8a	NC_044211.2:111260881-111261425-	NC_044224.2:18090305-18090766-	27	72	0	106,108,110,116,120,150,155,156,175,186	105,25,27,29,35,39,69,74,75,94	2	1,2,3,4,5,9,10,11,12,13	52	81	457	12|27|5|1|1|5|6|5|0|2|4|4
CT	Taegut	LTR	ERVK	TguLTRK8a	NC_044211.2:113238263-113238475-	NC_044238.2:5559497-5559968-	14	28	0	166,167,168,169,171,49,51,58,68,73	167,168,169,170,172,50,52,59,69,74	2	4,5,6,7,8,10,11,12,13,14	31	123	211	8|14|0|1|1|0|1|0|0|0|1|2
CT	Taegut	LTR	ERVK	TguLTRK1b	NC_044219.2:7763549-7764172-	NC_045028.1:20790676-20791295-	23	51	0	104,111,127,131,135,147,151,153,49,60,70,76,82,84,93,97	104,111,127,131,135,147,151,153,49,60,70,76,82,84,93,97	2	1,2,3,4,5,6,7,8,9,10,11,12,13,14,15,16	106	105	621	4|23|0|3|0|1|10|4|1|1|3|1
