CT	Taegut	LTR	ERV1	TguERV6_LTR2	NC_044211.2:31533666-31534260-	NC_045028.1:9930944-9931537+	31	36	0	106,115,125,127,129,135,141,199,207,219,234,235,249,260,273,285,296,318,320,333,337,351,356,359,363,373,85,96	106,115,125,127,129,135,141,199,207,219,234,235,249,260,273,285,296,318,320,333,337,351,356,359,363,373,85,96	2	4,5,6,7,8,9,10,11,12,13,14,15,16,17,18,19,20,21,22,23,24,25,26,27,28,29,30,31	290	289	593	1|31|0|0|0|0|2|2|0|0|0|0
CT	Taegut	LTR	ERV1	TguERV6_LTR2	NC_044211.2:61279772-61280366+	NC_045028.1:9930944-9931537+	32	37	0	106,115,125,127,129,135,141,18,199,207,219,234,235,249,260,27,273,285,296,318,320,333,337,351,356,359,363,373,48,49,85,96	106,115,125,127,129,135,141,18,199,207,219,234,235,249,260,27,273,285,296,318,320,333,337,351,356,359,363,373,48,49,85,96	2	1,2,3,4,5,6,7,8,9,10,11,12,13,14,15,16,17,18,19,20,21,22,23,24,25,26,27,28,29,30,31,32	357	356	593	2|32|0|0|0|0|2|1|0|0|0|0
CT	Taegut	LTR	ERV1	TguERV6_LTR2	NC_044211.2:61288741-61289335+	NC_045028.1:9930944-9931537+	32	37	0	106,115,125,127,129,135,141,18,199,207,219,234,235,249,260,27,273,285,296,318,320,333,337,351,356,359,363,373,48,49,85,96	106,115,125,127,129,135,141,18,199,207,219,234,235,249,260,27,273,285,296,318,320,333,337,351,356,359,363,373,48,49,85,96	2	1,2,3,4,5,6,7,8,9,10,11,12,13,14,15,16,17,18,19,20,21,22,23,24,25,26,27,28,29,30,31,32	357	356	593	1|32|0|1|0|0|1|2|0|0|0|0
CT	Taegut	LTR	ERV1	TguERV6_LTR2	NC_044213.2:75683526-75684119+	NC_045028.1:9930944-9931537+	33	61	0	106,115,18,27,330,334,348,353,356,360,370,43,48,65,85,90,96	106,115,18,27,333,337,351,356,359,363,373,43,48,65,85,90,96	2	1,2,3,4,5,6,7,8,9,10,27,28,29,30,31,32,33	139	356	593	4|33|0|1|0|1|13|4|2|1|0|2
CT	Taegut	LTR	ERV1	TguERV6_LTR2	NC_044215.2:49170550-49171146-	NC_045028.1:9930944-9931537+	32	43	0	106,115,125,127,129,135,141,18,219,234,235,249,260,27,273,285,318,320,333,337,351,356,359,363,373,48,49,85,96	106,115,125,127,129,135,141,18,219,234,235,249,260,27,273,285,318,320,333,337,351,356,359,363,373,48,49,85,96	4	1,2,3,4,5,6,7,8,9,10,11,12,13,16,17,18,19,20,21,22,24,25,26,27,28,29,30,31,32	248	356	594	1|32|0|1|0|0|8|1|0|0|0|0
CT	Taegut	LTR	ERV1	TguERV6_LTR2	NC_044215.2:49177805-49178400-	NC_045028.1:9930944-9931537+	32	42	0	106,115,125,127,129,135,141,18,219,234,235,249,260,27,273,285,318,320,333,337,351,356,359,363,373,48,49,85,96	106,115,125,127,129,135,141,18,219,234,235,249,260,27,273,285,318,320,333,337,351,356,359,363,373,48,49,85,96	4	1,2,3,4,5,6,7,8,9,10,11,12,13,16,17,18,19,20,21,22,24,25,26,27,28,29,30,31,32	248	356	594	0|32|0|1|0|0|8|1|0|0|0|0
CT	Taegut	LTR	ERV1	TguERV6_LTR2	NC_044240.2:5133052-5133648+	NC_045028.1:9930944-9931537+	32	43	0	106,115,125,127,129,135,141,18,27,319,321,334,338,352,357,360,364,374,48,49,85,96	106,115,125,127,129,135,141,18,27,318,320,333,337,351,356,359,363,373,48,49,85,96	3	1,2,3,4,5,6,7,8,9,10,11,12,13,23,24,25,26,27,28,29,30,31	181	356	594	1|32|0|0|0|0|7|2|0|0|0|1
CT	Taegut	LTR	ERV1	TguERV6_LTR2	NC_044240.2:5479321-5479914+	NC_045028.1:9930944-9931537+	33	38	0	106,115,125,127,129,135,141,18,199,207,219,234,235,249,260,27,273,285,296,318,320,333,337,351,356,359,363,373,48,49,85,96	106,115,125,127,129,135,141,18,199,207,219,234,235,249,260,27,273,285,296,318,320,333,337,351,356,359,363,373,48,49,85,96	2	1,2,3,4,5,6,7,8,9,10,11,12,13,14,15,16,17,18,19,20,21,22,23,24,25,26,27,28,29,30,31,32	357	356	593	1|33|0|0|1|1|0|2|0|0|0|0
CT	Taegut	LTR	ERV1	TguERV6_LTR2	NC_044240.2:5487991-5488584+	NC_045028.1:9930944-9931537+	33	35	0	106,115,125,127,129,135,141,18,199,207,219,234,235,249,260,27,273,285,296,318,320,333,337,351,356,359,363,373,48,49,85,96	106,115,125,127,129,135,141,18,199,207,219,234,235,249,260,27,273,285,296,318,320,333,337,351,356,359,363,373,48,49,85,96	2	1,2,3,4,5,6,7,8,9,10,11,12,13,14,15,16,17,18,19,20,21,22,23,24,25,26,27,28,29,30,31,32	357	356	593	1|33|0|0|0|0|0|1|0|0|0|0
CT	Taegut	LTR	ERV1	TguERV6_LTR2	NC_044240.2:5650118-5650704-	NC_045028.1:9930944-9931537+	30	38	0	105,114,124,126,128,134,140,18,259,27,272,284,295,317,319,330,344,349,352,356,366,48,49,84,95	106,115,125,127,129,135,141,18,260,27,273,285,296,318,320,337,351,356,359,363,373,48,49,85,96	2	1,2,3,4,5,6,7,8,9,10,11,12,13,19,20,21,22,23,24,25,26,27,28,29,30	238	356	589	2|30|0|0|0|0|4|1|0|0|0|1
CT	Taegut	LTR	ERV1	TguERV6_LTR2	NC_044241.2:26711960-26712552-	NC_045028.1:9930944-9931537+	32	61	0	106,18,27,330,334,348,353,356,360,370,43,48,65,85,90,96	106,18,27,333,337,351,356,359,363,373,43,48,65,85,90,96	2	1,2,3,4,5,6,7,8,9,26,27,28,29,30,31,32	130	356	592	3|32|0|1|1|1|15|4|2|0|0|2
CT	Taegut	LTR	ERV1	TguERV6_LTR2	NC_044241.2:27790981-27791575-	NC_045028.1:9930944-9931537+	32	35	0	106,115,125,127,129,135,141,18,199,207,219,234,235,249,260,27,273,285,296,318,320,333,337,351,356,359,363,373,48,49,85,96	106,115,125,127,129,135,141,18,199,207,219,234,235,249,260,27,273,285,296,318,320,333,337,351,356,359,363,373,48,49,85,96	3	1,2,3,4,5,6,7,8,9,10,11,12,13,14,15,16,17,18,19,20,21,22,23,24,25,26,27,28,29,30,31,32	358	356	593	2|32|0|0|0|0|0|1|0|0|0|0
CT	Taegut	LTR	ERV1	TguERV6_LTR2	NC_044241.2:27796524-27797118-	NC_045028.1:9930944-9931537+	33	36	0	106,115,125,127,129,135,141,18,199,207,219,234,235,249,260,27,273,285,296,318,320,333,337,351,356,359,363,373,48,49,85,96	106,115,125,127,129,135,141,18,199,207,219,234,235,249,260,27,273,285,296,318,320,333,337,351,356,359,363,373,48,49,85,96	3	1,2,3,4,5,6,7,8,9,10,11,12,13,14,15,16,17,18,19,20,21,22,23,24,25,26,27,28,29,30,31,32	358	356	593	2|33|0|0|0|0|0|1|0|0|0|0
CT	Taegut	LTR	ERV1	TguERV6_LTR2	NC_045028.1:7626-8219+	NC_045028.1:9930944-9931537+	33	57	0	106,115,18,27,315,317,330,334,348,353,356,360,370,43,48,65,85,96	106,115,18,27,318,320,333,337,351,356,359,363,373,43,48,65,85,96	2	1,2,3,4,5,6,7,8,9,25,26,27,28,29,30,31,32,33	154	356	593	4|33|0|1|0|1|11|5|1|0|0|1
CT	Taegut	LTR	ERV1	TguERV6_LTR2	NC_045028.1:2835063-2835656-	NC_045028.1:9930944-9931537+	32	58	0	106,115,18,27,330,334,348,353,356,360,370,43,48,65,85,90,96	106,115,18,27,333,337,351,356,359,363,373,43,48,65,85,90,96	2	1,2,3,4,5,6,7,8,9,10,26,27,28,29,30,31,32	139	356	593	3|32|0|1|1|1|12|5|1|0|0|2
CT	Taegut	LTR	ERV1	TguERV6_LTR2	NC_045028.1:2843732-2844328-	NC_045028.1:9930944-9931537+	32	44	0	106,115,125,127,129,135,141,18,219,234,235,249,260,27,273,285,318,320,333,337,351,356,359,363,373,48,49,85,96	106,115,125,127,129,135,141,18,219,234,235,249,260,27,273,285,318,320,333,337,351,356,359,363,373,48,49,85,96	4	1,2,3,4,5,6,7,8,9,10,11,12,13,16,17,18,19,20,21,22,24,25,26,27,28,29,30,31,32	248	356	594	1|32|0|0|0|1|8|1|0|0|0|1
CT	Taegut	LTR	ERV1	TguERV6_LTR2	NC_045028.1:3083462-3084055-	NC_045028.1:9930944-9931537+	33	60	0	106,115,18,27,330,334,348,353,356,360,370,43,48,65,85,90,96	106,115,18,27,333,337,351,356,359,363,373,43,48,65,85,90,96	2	1,2,3,4,5,6,7,8,9,10,26,27,28,29,30,31,32	139	356	593	5|33|0|1|1|1|11|5|1|0|0|2
CT	Taegut	LTR	ERV1	TguERV6_LTR2	NC_045028.1:3092123-3092716-	NC_045028.1:9930944-9931537+	33	59	0	106,115,18,27,330,334,348,353,356,360,370,43,48,65,85,90,96	106,115,18,27,333,337,351,356,359,363,373,43,48,65,85,90,96	2	1,2,3,4,5,6,7,8,9,10,26,27,28,29,30,31,32	139	356	593	4|33|0|1|1|1|11|5|1|0|0|2
CT	Taegut	LTR	ERV1	TguERV6_LTR2	NC_045028.1:4994812-4995405-	NC_045028.1:9930944-9931537+	33	56	0	106,115,18,27,330,334,348,353,356,360,370,43,48,65,85,90,96	106,115,18,27,333,337,351,356,359,363,373,43,48,65,85,90,96	2	1,2,3,4,5,6,7,8,9,10,27,28,29,30,31,32,33	139	356	593	4|33|0|1|1|0|11|3|1|0|0|2
CT	Taegut	LTR	ERV1	TguERV6_LTR2	NC_045028.1:6543855-6544448+	NC_045028.1:9930944-9931537+	35	60	0	106,115,18,27,315,317,330,334,348,353,356,360,43,48,49,65,85,90,96	106,115,18,27,318,320,333,337,351,356,359,363,43,48,49,65,85,90,96	2	1,2,3,4,5,6,7,8,9,10,11,27,28,29,30,31,32,33,34	144	346	593	4|35|0|1|1|0|12|4|1|1|0|1
CT	Taegut	LTR	ERV1	TguERV6_LTR2	NC_045028.1:6552526-6553119+	NC_045028.1:9930944-9931537+	35	59	0	106,115,18,217,231,232,246,257,27,270,43,48,49,65,85,90,96	106,115,18,220,234,235,249,260,27,273,43,48,49,65,85,90,96	2	1,2,3,4,5,6,7,8,9,10,11,19,20,21,22,23,24	152	256	593	4|35|0|1|0|0|13|4|1|0|0|1
CT	Taegut	LTR	ERV1	TguERV6_LTR2	NC_045028.1:7130861-7131457+	NC_045028.1:9930944-9931537+	30	41	0	106,115,18,219,234,235,249,260,27,273,285,318,320,333,337,351,356,359,363,373,48,49,85,96	106,115,18,219,234,235,249,260,27,273,285,318,320,333,337,351,356,359,363,373,48,49,85,96	3	1,2,3,4,5,6,7,8,14,15,16,17,18,19,20,22,23,24,25,26,27,28,29,30	221	356	594	1|30|0|1|0|0|8|1|0|0|0|0
CT	Taegut	LTR	ERV1	TguERV6_LTR2	NC_045028.1:8804331-8804924-	NC_045028.1:9930944-9931537+	31	54	0	106,115,18,27,330,334,348,353,356,370,43,48,65,85,90,96	106,115,18,27,333,337,351,356,359,373,43,48,65,85,90,96	2	1,2,3,4,5,6,7,8,9,10,26,27,28,29,30,31	139	356	593	2|31|0|1|1|0|12|4|1|0|0|2
CT	Taegut	LTR	ERV1	TguERV6_LTR2	NC_045028.1:9036751-9037344+	NC_045028.1:9930944-9931537+	32	56	0	18,27,330,334,348,353,356,360,370,43,48,65,85,90,96	18,27,333,337,351,356,359,363,373,43,48,65,85,90,96	2	1,2,3,4,5,6,7,8,26,27,28,29,30,31,32	120	356	593	4|32|0|1|1|0|11|3|1|1|0|2
CT	Taegut	LTR	ERV1	TguERV6_LTR2	NC_045028.1:9045427-9046020+	NC_045028.1:9930944-9931537+	33	58	0	18,27,330,334,348,353,356,360,370,43,48,65,85,90,96	18,27,333,337,351,356,359,363,373,43,48,65,85,90,96	2	1,2,3,4,5,6,7,8,27,28,29,30,31,32,33	120	356	593	4|33|0|1|1|0|12|3|1|1|0|2
CT	Taegut	LTR	ERV1	TguERV7c_LTR	NC_044211.2:3925309-3925925+	NC_044214.2:100584654-100585237+	32	75	0	256,266,269,273,274,287,324,325,330,347,349	224,234,237,241,242,255,293,294,299,315,317	2	15,16,17,18,19,20,22,23,24,25,26	57	94	583	11|32|1|3|2|0|13|6|3|2|0|2
CT	Taegut	LTR	ERV1	TguERV7c_LTR	NC_044211.2:4580654-4581292+	NC_044214.2:100584654-100585237+	31	74	0	100,103,104,118,274,284,287,291,292,95,99	224,234,237,241,242,53,57,58,61,62,76	2	2,3,4,5,6,7,17,18,19,20,21	43	190	590	12|31|2|1|5|3|9|6|3|1|0|1
CT	Taegut	LTR	ERV1	TguLTR10b	NC_044215.2:10385422-10385924-	NC_045028.1:19642223-19642721-	48	89	0	110,113,115,119,127,128,129,133,188,189,195,196,203	110,113,115,119,127,128,129,133,187,188,194,195,202	2	12,13,14,15,16,17,18,19,23,24,25,26,27	40	93	499	12|48|0|2|1|2|13|5|0|3|2|1
CT	Taegut	LTR	ERV1	TguLTR10a	NC_044214.2:15542105-15542597+	NC_044236.2:6222990-6223473-	31	85	0	109,118,119,120,123,139,147,178,180,185	108,109,110,113,129,137,168,170,175,99	2	6,7,8,9,10,11,12,13,14,15	78	77	487	9|31|0|1|4|0|25|5|4|0|1|5
CT	Taegut	LTR	ERV1	TguERV7c_LTR	NC_044211.2:18779379-18779990-	NC_044215.2:6420909-6421539-	50	92	0	391,393,406,408,418,427,461,470,475,477,490,491	410,412,425,427,437,446,480,489,494,496,509,510	2	33,34,35,36,37,38,39,40,41,42,43,44	102	101	620	8|50|2|3|4|3|9|4|3|3|1|2
CT	Taegut	LTR	ERV1	TguERV7c_LTR	NC_044211.2:18779379-18779990-	NC_044214.2:100584654-100585237+	38	77	0	246,256,259,263,264,274,277,73,75,77,93,94	224,234,237,241,242,252,255,32,34,36,52,53	2	1,2,3,4,5,19,20,21,22,23,24,25	54	224	575	10|38|1|2|6|1|8|3|2|2|1|3
CT	Taegut	LTR	ERV1	TguERV7c_LTR	NC_044211.2:20202456-20203054+	NC_044214.2:100584654-100585237+	41	77	0	238,240,248,251,255,262,265,301,302,303,308,311	224,226,234,237,241,251,255,292,293,294,299,302	2	18,19,20,21,22,23,24,28,29,30,31,32	43	79	570	12|41|1|1|2|2|2|6|3|3|1|3
CT	Taegut	LTR	ERV1	TguERV7c_LTR	NC_044211.2:20202456-20203054+	NC_044215.2:6420909-6421539-	54	99	0	103,225,226,240,248,251,301,303,305,308,311,379,381,385,390,394,396,449,458,464,465,470,477,478,75,91,94,95,99	100,104,252,253,267,275,278,332,334,336,339,342,410,412,416,421,425,427,480,489,496,497,502,509,510,74,92,95,96	5	3,4,5,6,7,8,18,19,20,21,22,27,28,29,30,31,35,36,37,38,39,40,42,43,44,45,46,47,48	118	437	613	13|54|1|3|1|3|3|11|2|3|1|4
CT	Taegut	LTR	ERV1	TguERV7c_LTR	NC_044211.2:21836939-21837557+	NC_044214.2:100584654-100585237+	44	80	0	257,267,270,274,275,87,88,92,93,96,97	224,234,237,241,242,52,53,57,58,61,62	2	3,4,5,6,7,8,23,24,25,26,27	30	191	583	11|44|2|1|3|2|6|3|3|1|1|3
CT	Taegut	LTR	ERV1	TguERV7c_LTR	NC_044211.2:22063034-22063620+	NC_044215.2:6420909-6421539-	37	66	0	231,234,246,252,261,437,446,452,453,465,466	275,278,290,296,305,480,489,496,497,509,510	2	8,9,10,11,12,27,28,29,30,31,32	62	236	435	7|37|1|1|1|4|2|4|3|1|1|4
CT	Taegut	LTR	ERV1	TguERV7c_LTR	NC_044211.2:22832351-22832952+	NC_044215.2:6420909-6421539-	46	92	0	307,310,313,326,335,80,81,85,89,97	100,104,112,336,339,342,355,364,95,96	2	4,5,6,7,8,26,27,28,29,30	47	270	615	11|46|1|4|1|6|6|6|1|3|1|6
CT	Taegut	LTR	ERV1	TguERV7c_LTR	NC_044211.2:22832351-22832952+	NC_044214.2:100584654-100585237+	37	81	0	304,310,313,326,335,80,84,85,88,89	293,299,302,315,324,53,57,58,61,62	2	1,2,3,4,5,28,29,30,31,32	42	272	548	12|37|1|4|2|4|7|6|2|3|0|3
CT	Taegut	LTR	ERV1	TguERV7c_LTR	NC_044211.2:70052036-70052666-	NC_044214.2:100584654-100585237+	39	86	0	100,103,104,262,272,275,279,280,290,293,94,95,99	224,234,237,241,242,252,255,52,53,57,58,61,62	2	3,4,5,6,7,8,23,24,25,26,27,28,29	43	204	585	11|39|1|1|4|2|9|9|5|2|0|3
CT	Taegut	LTR	ERV1	TguLTR10a	NC_044225.2:5168350-5168827+	NC_044236.2:6222990-6223473-	29	78	0	133,141,163,165,170,204,208,217,218,221	129,137,168,170,175,209,213,222,223,226	2	10,11,12,13,14,17,18,19,20,21	65	98	480	26|29|0|5|2|1|3|6|1|3|1|1
CT	Taegut	LTR	ERV1	TguERV7c_LTR	NC_044211.2:105850588-105851216+	NC_044215.2:6420909-6421539-	51	103	0	372,397,409,411,415,479,488,494,495,499,507,508	373,398,410,412,416,480,489,496,497,501,509,510	2	32,33,34,35,36,41,42,43,44,45,46,47	75	138	628	11|51|3|6|2|4|12|2|4|4|3|1
CT	Taegut	LTR	ERV1	TguERV7c_LTR	NC_044212.2:52233456-52234083+	NC_044214.2:100584654-100585237+	49	86	0	101,102,103,133,134,141,153,160,164,329,330,331,336,339,352,361,97,98	101,113,120,124,292,293,294,299,302,315,324,57,58,61,62,63,93,94	3	5,6,7,8,9,12,13,14,15,16,17,38,39,40,41,42,43,44	72	268	584	13|49|1|2|1|2|9|2|3|1|1|2
CT	Taegut	LTR	ERV1	TguERV7c_LTR	NC_044212.2:53435178-53435808-	NC_044215.2:6420909-6421539-	56	103	0	137,138,157,164,167,168,306,309,315,332,337,340,411,413,417,426,428,481,490,496,497,509,510	135,136,155,162,165,166,305,308,314,331,336,339,410,412,416,425,427,480,489,496,497,509,510	4	12,13,14,15,16,17,31,32,33,34,35,36,39,40,41,42,43,45,46,47,48,49,50	116	376	629	14|56|1|2|4|2|5|7|3|3|2|4
CT	Taegut	LTR	ERV1	TguERV7c_LTR	NC_044212.2:53435178-53435808-	NC_044214.2:100584654-100585237+	44	84	0	100,101,137,138,145,157,164,168,267,277,280,284,293,294,297,75,77,95,96	101,113,120,124,224,234,237,242,251,252,255,34,36,52,53,57,58,93,94	3	1,2,3,4,5,6,10,11,12,13,14,15,26,27,28,29,30,31,32	89	222	586	14|44|1|0|5|1|7|5|1|2|1|3
CT	Taegut	LTR	ERV1	TguLTR10b	NC_045028.1:344984-345481-	NC_045028.1:19642223-19642721-	42	74	0	127,128,129,133,149,188,189,195,203,207,273,287,293,296,315,316,329	127,128,129,133,149,187,188,194,202,206,271,285,291,294,313,314,327	3	15,16,17,18,19,22,23,24,25,26,36,37,38,39,40,41,42	100	201	491	9|42|1|3|3|3|6|4|0|2|0|1
CT	Taegut	LTR	ERV1	TguERV7c_LTR	NC_044212.2:67803504-67804113-	NC_044215.2:6420909-6421539-	53	116	0	334,337,340,353,377,389,391,395,404,406,416,459,468,474,475,487,488	336,339,342,355,398,410,412,416,425,427,437,480,489,496,497,509,510	3	31,32,33,34,35,36,37,38,39,40,41,43,44,45,46,47,48	134	175	619	14|53|1|4|5|2|17|8|3|4|2|3
CT	Taegut	LTR	ERV1	TguLTR10b	NC_045028.1:5113541-5114041-	NC_045028.1:19642223-19642721-	47	87	0	110,113,115,119,127,128,129,133,288,294,297,316,317,330,335	110,113,115,119,127,128,129,133,285,291,294,313,314,327,331	2	12,13,14,15,16,17,18,19,40,41,42,43,44,45,46	71	222	498	10|47|0|2|1|2|12|5|2|5|0|1
CT	Taegut	LTR	ERV1	TguERV7c_LTR	NC_044212.2:71299861-71300308+	NC_044215.2:6420909-6421539-	36	64	0	216,228,230,234,243,245,255,298,307,313,314,326,327	398,410,412,416,425,427,437,480,489,495,496,509,510	2	18,19,20,21,22,23,24,26,27,28,29,30,31	71	113	446	7|36|1|2|2|2|2|3|4|1|1|3
CT	Taegut	LTR	ERV1	TguERV7c_LTR	NC_044213.2:21926639-21927266-	NC_044215.2:6420909-6421539-	53	98	0	103,111,288,294,303,306,312,408,410,414,423,425,444,478,487,493,494,499,506,507,94,95,99	100,104,112,290,296,305,308,314,410,412,416,425,427,446,480,489,496,497,502,509,510,95,96	4	4,5,6,7,8,26,27,28,29,30,36,37,38,39,40,41,42,43,44,45,46,47,48	145	416	621	16|53|1|7|2|2|5|4|3|1|1|3
CT	Taegut	LTR	ERV1	TguERV7c_LTR	NC_044213.2:57525173-57525778+	NC_044214.2:100584654-100585237+	34	71	0	102,103,176,177,182,198,213,75,77,93,94,98,99	135,136,141,158,173,34,36,52,53,57,58,61,62	2	1,2,3,4,5,6,7,8,14,15,16,17,18	68	140	573	11|34|1|3|2|0|10|4|1|1|3|1
CT	Taegut	LTR	ERV1	TguERV7c_LTR	NC_044213.2:72728316-72728940+	NC_044215.2:6420909-6421539-	56	111	0	330,333,336,349,358,474,483,488,490,492,503,504	336,339,342,355,364,480,489,494,496,498,509,510	2	30,31,32,33,34,44,45,46,47,48,49,50	60	175	626	14|56|1|4|6|2|14|4|1|4|2|3
CT	Taegut	LTR	ERV1	TguERV7c_LTR	NC_044213.2:72728316-72728940+	NC_044214.2:100584654-100585237+	43	93	0	276,277,284,287,290,327,333,336,349,358	241,242,249,252,255,293,299,302,315,324	2	25,26,27,28,29,33,34,35,36,37	47	84	581	14|43|1|5|7|0|12|5|2|2|0|2
CT	Taegut	LTR	ERV1	TguLTR10b	NC_045028.1:10000921-10001414-	NC_045028.1:19642223-19642721-	43	79	0	110,113,115,119,127,128,129,133,149,195,196,203,207,210	110,113,115,119,127,128,129,133,149,194,195,202,206,209	2	11,12,13,14,15,16,17,18,19,25,26,27,28,29	56	100	495	9|43|0|2|2|4|7|3|0|6|2|1
CT	Taegut	LTR	ERV1	TguERV7c_LTR	NC_044213.2:127692991-127693528+	NC_044214.2:100584654-100585237+	28	58	0	158,159,161,188,194,204,207,244,250,253,266,275	211,212,214,234,242,252,255,293,299,302,315,324	2	11,12,13,14,15,16,17,21,22,23,24,25	77	114	522	8|28|1|2|3|7|5|2|1|1|0|0
CT	Taegut	LTR	ERV1	TguERV7c_LTR	NC_044213.2:127692991-127693528+	NC_044215.2:6420909-6421539-	44	80	0	247,250,253,266,275,321,323,327,336,338,348,357	336,339,342,355,364,410,412,416,425,427,437,446	2	20,21,22,23,24,27,28,29,30,31,32,33	66	111	532	11|44|1|3|1|5|3|7|2|1|1|1
CT	Taegut	LTR	ERV1	TguLTR10b	NC_045028.1:14921156-14921661+	NC_045028.1:19642223-19642721-	44	75	0	119,127,128,129,133,150,189,190,192,196,197,204,208	119,127,128,129,133,149,187,188,190,194,195,202,206	2	13,14,15,16,17,18,21,22,23,24,25,26,27	51	88	501	10|44|0|3|1|3|6|3|0|3|0|2
CT	Taegut	LTR	ERV1	TguLTR10b	NC_045028.1:17082938-17083340-	NC_045028.1:19642223-19642721-	34	59	0	103,107,173,193,196,215,216,229,234,28,29,30,34,50,88,89,91,95,96	127,128,129,133,149,187,188,190,194,195,202,206,271,291,294,313,314,327,331	3	5,6,7,8,9,11,12,13,14,15,16,17,27,28,29,30,31,32,33	104	205	397	4|34|0|1|2|2|8|3|0|2|1|2
CT	Taegut	LTR	ERV1	TguERV7c_LTR	NC_044214.2:3299338-3299953+	NC_044215.2:6420909-6421539-	46	85	0	474,480,481,493,494,79,81,82,86,90	100,104,489,496,497,509,510,92,95,96	2	4,5,6,7,8,38,39,40,41,42	35	419	622	9|46|1|5|4|3|4|6|1|2|1|3
CT	Taegut	LTR	ERV1	TguERV7c_LTR	NC_044214.2:82665257-82665846+	NC_044215.2:6420909-6421539-	34	63	0	368,370,374,385,395,447,452,454,467,468	410,412,416,427,437,489,494,496,509,510	2	17,18,19,20,21,24,25,26,27,28	50	101	398	8|34|3|1|0|1|3|5|2|2|1|3
CT	Taegut	LTR	ERV1	TguERV7c_LTR	NC_044214.2:107450458-107451069-	NC_044215.2:6420909-6421539-	42	92	0	318,321,324,337,346,355,380,387,392,394,398,407,409,419,462,471,477,478,490,491	336,339,342,355,364,373,398,405,410,412,416,425,427,437,480,489,496,497,509,510	3	20,21,22,23,24,25,26,27,28,29,30,31,32,33,35,36,37,38,39,40	134	175	616	9|42|0|3|7|3|7|7|4|3|1|6
CT	Taegut	LTR	ERV1	TguERV7c_LTR	NC_044215.2:5286844-5287481-	NC_044215.2:6420909-6421539-	50	93	0	306,315,318,324,338,419,421,425,446,455,489,498,504,505,517,518	296,305,308,314,328,410,412,416,437,446,480,489,496,497,509,510	3	24,25,26,27,28,35,36,37,38,39,40,41,42,43,44,45	135	215	630	13|50|0|3|5|2|4|9|1|3|2|1
