CT	Taegut	LTR	ERVL	TguERVL2a3_LTR	NC_044211.2:5303581-5304088-	NC_044225.2:15952445-15953102-	23	59	0	103,175,179,192,200,201,73,85,87,88	100,172,176,189,197,198,71,82,84,85	2	2,3,4,5,6,11,12,13,14,15	57	128	504	7|23|3|2|3|1|4|5|1|3|5|2
CT	Taegut	LTR	ERVL	TguLTRL2a5	NC_044211.2:44843631-44844984-	NC_045028.1:20282788-20284177-	32	73	0	485,503,504,53,536,539,54,58,77,94	488,506,507,51,52,539,542,56,75,92	2	2,3,4,5,6,27,28,29,30,31	97	492	603	10|32|1|7|0|0|12|4|3|2|1|1
CT	Taegut	LTR	ERVL	TguLTRL2a6	NC_044214.2:16875480-16876864+	NC_045028.1:10461092-10461669-	36	90	0	120,134,143,144,156,167,326,331,332,336,338,339,340,341,345	121,135,144,145,157,171,327,332,333,337,339,340,341,342,346	2	7,8,9,10,11,12,19,20,21,22,23,24,25,26,27	71	226	572	25|36|2|5|3|0|6|5|4|0|1|3
CT	Taegut	LTR	ERVL	TguLTRL2a5	NC_044212.2:4915990-4917370-	NC_045028.1:20282788-20284177-	57	167	0	31,33,418,419,422,458,466,47,475,493,494,51,52,526,529,56,75,92,95	31,33,424,425,428,47,471,479,488,506,507,51,52,539,542,56,75,92,95	3	1,2,3,4,5,6,7,8,9,27,28,29,30,31,32,33,34,35,36	185	512	1379	52|57|2|7|3|3|17|11|5|2|4|4
CT	Taegut	LTR	ERVL	TguLTRL2a6	NC_044214.2:22568784-22570127-	NC_044223.2:20932626-20933982+	103	213	0	1043,1044,1046,1048,1051,1052,416,417,422,423,431,447,448,461,462,466,498,499,501,502,504,681,684,690,693,696,697,700,702,784,787,788,793,794,946,954,962,964,969	1052,1053,1055,1057,1060,1061,431,432,437,438,446,461,462,474,475,479,512,513,515,516,518,684,687,693,696,699,700,703,705,784,787,788,793,794,949,957,966,968,973	7	8,9,10,11,12,16,17,18,19,20,22,23,24,25,26,42,43,44,45,46,47,48,49,58,59,60,61,62,78,79,80,81,82,90,91,92,93,94,95	110	631	1018	46|103|2|10|4|6|18|5|5|7|2|5
CT	Taegut	LTR	ERVL	TguLTRL2b2	NC_044211.2:16309563-16310672+	NC_044241.2:15756408-15757805-	48	108	0	347,350,352,353,355,356,620,628,629,632,633,637,676,679,750,768,777,782,784,787,788	1044,1062,1071,1076,1078,1081,1082,635,638,640,641,643,644,914,922,923,926,927,931,970,973	3	3,4,5,6,7,8,26,27,28,29,30,31,32,33,39,40,41,42,43,44,45	109	448	891	25|48|2|4|0|3|10|7|0|3|2|4
CT	Taegut	LTR	ERVL	TguLTRL2a4	NC_044211.2:39750464-39751880+	NC_044214.2:37881920-37883323+	52	106	0	117,124,502,503,508,51,52,537,540,543,55,56,565,569,576,578,79,96	117,124,503,504,509,51,52,538,541,544,55,56,566,570,577,579,79,96	2	1,2,3,4,5,6,7,8,22,23,24,25,26,27,28,29,30,31	151	529	1409	39|52|2|0|2|0|8|2|0|0|0|1
CT	Taegut	LTR	ERVL	TguLTRL2b2	NC_044211.2:18742680-18743794-	NC_044241.2:15756408-15757805-	66	141	0	235,237,240,241,278,361,364,366,367,369,370,627,629,636,644,645,648,649,653,791,796,798,801,802	1071,1076,1078,1081,1082,498,500,503,504,542,635,638,640,641,643,644,905,907,914,922,923,926,927,931	4	12,13,14,15,16,18,19,20,21,22,23,39,40,41,42,43,44,45,46,56,57,58,59,60	94	585	1125	27|66|2|4|2|4|13|10|2|3|3|5
CT	Taegut	LTR	ERVL	TguLTRL2a6	NC_044214.2:67077957-67078462+	NC_044223.2:20932626-20933982+	37	82	0	101,118,126,132,206,207,209,211,214,215,42,47,50,51,62,63,80,81,85,87,99	1052,1053,1055,1057,1060,1061,869,874,877,878,889,890,905,906,910,912,924,926,949,957,965	3	4,5,6,7,8,9,10,11,12,13,14,15,16,17,18,26,27,28,29,30,31	108	193	515	29|37|0|2|1|0|6|3|1|0|1|2
CT	Taegut	LTR	ERVL	TguLTRL2b1	NC_044211.2:21721499-21722916-	NC_044211.2:21723134-21724551-	59	62	0	115,116,125,131,133,141,142,158,167,168,170,174,175,179,185,215,229,230,261,263,298,300,305,306,308,309,316,328,330,364,375,4,412,413,417,420,444,452,476,480,509,511,512,515,577,63,631,655,692,700,767,768,774,815,82,84	115,116,125,131,133,141,142,158,167,168,170,174,175,179,185,215,229,230,261,263,298,300,305,306,308,309,316,328,330,364,375,4,412,413,417,420,444,452,476,480,509,511,512,515,577,63,631,655,692,700,767,768,774,815,82,84	1	1,2,3,4,5,6,7,8,9,10,11,12,13,14,15,16,17,18,19,20,21,22,23,24,25,26,27,28,29,30,31,32,33,34,35,36,37,38,39,40,41,42,43,44,45,46,47,48,49,50,51,52,53,54,55,56	812	812	1417	0|59|0|0|2|0|0|0|1|0|0|0
CT	Taegut	LTR	ERVL	TguLTRL2a6	NC_044214.2:83856636-83857608-	NC_044223.2:20932626-20933982+	66	172	0	243,251,252,254,255,267,368,369,370,371,372,376,379,516,517,518,533,534,538,672,673,675,677,680,681	1052,1053,1055,1057,1060,1061,628,635,636,638,639,651,749,750,751,752,753,757,760,888,889,890,905,906,910	4	6,7,8,9,10,11,20,21,22,23,24,25,26,38,39,40,41,42,43,54,55,56,57,58,59	69	434	811	54|66|4|7|3|6|8|3|5|3|3|10
CT	Taegut	LTR	ERVL	TguLTRL2b2	NC_044211.2:20623551-20624947-	NC_044241.2:15756408-15757805-	72	185	0	1084,1089,1091,1094,1095,306,308,309,315,319,648,651,653,654,656,657,931,939,940,943,944,948	1071,1076,1078,1081,1082,287,289,290,297,301,635,638,640,641,643,644,914,922,923,926,927,931	4	12,13,14,15,16,31,32,33,34,35,36,54,55,56,57,58,59,65,66,67,68,69	55	796	1303	37|72|7|6|2|3|17|13|7|8|2|11
CT	Taegut	LTR	ERVL	TguLTRL2a6	NC_044214.2:85276206-85277473-	NC_044223.2:20932626-20933982+	104	212	0	337,343,344,352,355,360,368,419,420,422,423,425,597,600,606,609,612,613,618,662,664,666,670,671,673,688,690,697,700,701,703,706,707,708,960,961,963,965,968,969,970	1052,1053,1055,1057,1060,1061,1062,431,437,438,446,449,453,461,512,513,515,516,518,684,687,693,696,699,700,705,749,751,753,757,758,760,775,777,784,787,788,790,793,794,795	6	7,8,9,10,11,12,13,17,18,19,20,21,39,40,41,42,43,44,45,46,47,48,49,50,51,52,53,54,55,56,57,58,59,60,93,94,95,96,97,98,99	163	632	1021	63|104|2|6|1|3|16|6|4|3|1|3
CT	Taegut	LTR	ERVL	TguLTRL2a4	NC_044211.2:41676319-41677722-	NC_044214.2:37881920-37883323+	54	109	0	49,50,501,502,507,53,536,539,54,542,564,575,577,77,94	503,504,509,51,52,538,541,544,55,56,566,577,579,79,96	2	1,2,3,4,5,6,22,23,24,25,26,27,28,29,30	123	529	1403	37|54|1|2|2|0|8|2|1|1|1|0
CT	Taegut	LTR	ERVL	TguLTRL2b2	NC_044211.2:41768661-41769831-	NC_044241.2:15756408-15757805-	50	124	0	410,422,426,429,431,432,434,435,667,681,704,712,713,716,717,721	619,631,635,638,640,641,643,644,875,889,914,922,923,926,927,931	2	9,10,11,12,13,14,15,16,29,30,31,32,33,34,35,36	83	313	956	19|50|2|5|2|3|23|10|1|3|0|6
CT	Taegut	LTR	ERVL	TguLTRL2a6	NC_044217.2:25492495-25493828-	NC_044223.2:20932626-20933982+	101	207	0	1042,1043,1045,1047,1050,1051,414,415,420,421,432,496,497,499,500,502,679,682,688,691,695,745,746,747,749,753,756,771,773,780,783,784,786,789,790,791,870,873,874,884,885,886,945,953,961,963,968	1052,1053,1055,1057,1060,1061,431,432,437,438,449,512,513,515,516,518,684,687,693,696,700,749,750,751,753,757,760,775,777,784,787,788,790,793,794,795,874,877,878,888,889,890,949,957,966,968,973	8	8,9,10,11,12,19,20,21,22,23,37,38,39,40,41,44,45,46,47,48,49,50,51,52,53,54,55,56,57,58,65,66,67,68,69,70,76,77,78,79,80,86,87,88,89,90,91	143	631	1012	52|101|0|8|2|4|17|7|4|4|2|6
CT	Taegut	LTR	ERVL	TguLTRL2b2	NC_044211.2:54811148-54812492-	NC_044241.2:15756408-15757805-	62	156	0	1008,1013,1015,1018,1019,281,286,290,296,300,571,574,576,577,579,844,846,852,860,861,864,865,869	1071,1076,1078,1081,1082,343,348,352,358,362,635,638,640,641,643,905,907,914,922,923,926,927,931	4	1,2,3,4,5,15,16,17,18,19,34,35,36,37,38,39,40,41,53,54,55,56,57	68	740	1088	16|62|2|3|2|1|43|8|3|4|4|8
CT	Taegut	LTR	ERVL	TguLTRL2a4	NC_044211.2:41909187-41910594-	NC_044214.2:37881920-37883323+	51	107	0	495,496,501,530,533,536,558,562,569,571,773,775,776,817,820	503,504,509,538,541,544,566,570,577,579,781,783,784,826,829	2	20,21,22,23,24,25,26,27,28,29,34,35,36,37,38	126	327	1405	37|51|0|2|2|0|7|6|1|0|0|1
CT	Taegut	LTR	ERVL	TguLTRL2b2	NC_044211.2:55234867-55235918-	NC_044241.2:15756408-15757805-	58	143	0	303,306,308,309,311,312,521,535,549,565,572,580,581,584,585,589,628,631,730,735,737,740,741	1071,1076,1078,1081,1082,635,638,640,641,643,644,862,875,889,907,914,922,923,926,927,931,970,973	3	14,15,16,17,18,19,32,33,34,35,36,37,38,39,40,41,42,43,51,52,53,54,55	134	448	1058	38|58|2|4|1|5|13|11|2|4|0|5
CT	Taegut	LTR	ERVL	TguLTRL2b2	NC_044211.2:60128404-60129520-	NC_044241.2:15756408-15757805-	55	127	0	340,343,345,346,348,349,636,640,641,645,684,687,776,785,790,792,795	1062,1071,1076,1078,1081,635,638,640,641,643,644,922,926,927,931,970,973	3	13,14,15,16,17,18,38,39,40,41,42,43,49,50,51,52,53	82	447	1082	22|55|2|6|0|2|10|10|4|7|3|6
CT	Taegut	LTR	ERVL	TguLTRL2b1	NC_044211.2:36956049-36957463+	NC_044241.2:18358117-18359535+	37	97	0	1242,1243,1244,1252,1254,1257,457,471,475,504,507	1246,1247,1248,1256,1258,1259,460,474,478,507,510	2	18,19,20,21,22,30,31,32,33,34,35	65	800	1416	30|37|2|2|1|3|8|6|4|1|2|1
CT	Taegut	LTR	ERVL	TguLTRL2b2	NC_044211.2:108090505-108091896+	NC_044241.2:15756408-15757805-	76	149	0	1034,1052,1061,1066,1068,1071,1072,290,292,298,299,303,493,496,498,499,536,624,628,631,633,634,636,637,881,897,904,912,913,916,917,921,960	1044,1062,1071,1076,1078,1081,1082,287,289,296,297,301,499,502,504,505,542,631,635,638,640,641,643,644,889,907,914,922,923,926,927,931,970	5	12,13,14,15,16,24,25,26,27,28,31,32,33,34,35,36,37,52,53,54,55,56,57,58,59,60,66,67,68,69,70,71,72	194	796	1378	24|76|6|3|3|4|9|12|1|4|0|7
CT	Taegut	LTR	ERVL	TguLTRL2b2	NC_044211.2:109652901-109654281-	NC_044241.2:15756408-15757805-	84	173	0	1009,1032,1033,1051,1060,1065,1067,1070,1071,286,288,294,295,299,335,340,343,344,354,626,629,631,632,634,635,896,903,911,912,915,920,959,962,968,979,982,992	1003,1021,1044,1045,1062,1071,1076,1078,1081,1082,287,289,296,297,301,343,348,351,352,362,635,638,640,641,643,644,907,914,922,923,926,931,970,973,979,990,993	6	13,14,15,16,17,18,19,20,21,22,35,36,37,38,39,40,57,58,59,60,61,62,63,64,65,66,67,68,69,70,71,72,73,74,75,76,77	265	796	1383	31|84|4|4|3|4|10|13|6|5|3|6
CT	Taegut	LTR	ERVL	TguLTRL2a4	NC_044211.2:43100354-43101731+	NC_045028.1:2793853-2795246-	44	114	0	108,113,161,173,174,180,306,308,312,313,320,442,446,459,477,478	110,115,163,175,176,182,334,336,340,341,348,468,472,485,503,504	3	5,6,7,8,9,10,16,17,18,19,20,25,26,27,28,29	125	395	1385	23|44|0|4|4|3|19|9|4|1|2|1
CT	Taegut	LTR	ERVL	TguLTRL2a4	NC_044211.2:43100354-43101731+	NC_044214.2:37881920-37883323+	38	85	0	472,473,478,507,510,513,535,546,548,750,752,753,794,797	503,504,509,538,541,544,566,577,579,781,783,784,826,829	2	7,8,9,10,11,12,13,14,15,19,20,21,22,23	126	327	1166	32|38|2|1|1|0|7|2|1|0|1|0
CT	Taegut	LTR	ERVL	TguLTRL2b2	NC_044211.2:114001446-114002152-	NC_044241.2:15756408-15757805-	34	76	0	199,213,229,236,244,245,248,249,253,255,291,292,391,396,398,401,402	1071,1076,1078,1081,1082,875,889,907,914,922,923,926,927,931,933,969,970	3	8,9,10,11,12,13,14,15,16,17,18,19,26,27,28,29,30	109	208	616	17|34|3|2|0|1|6|5|1|2|1|4
CT	Taegut	LTR	ERVL	TguLTRL2b2	NC_044212.2:15031862-15033287+	NC_044241.2:15756408-15757805-	76	167	0	1096,1101,1102,1103,1106,1107,296,298,299,307,308,655,658,660,661,663,664,776,777,779,782,786,904,918,934,941,949,950,953,954,958	1071,1076,1077,1078,1081,1082,287,289,290,295,296,635,638,640,641,643,644,756,757,759,762,766,875,889,907,914,922,923,926,927,931	5	12,13,14,15,16,30,31,32,33,34,35,39,40,41,42,43,51,52,53,54,55,56,57,58,59,67,68,69,70,71,72	100	796	1406	28|76|3|5|2|2|15|12|7|4|6|7
CT	Taegut	LTR	ERVL	TguLTRL2b1	NC_044211.2:48805370-48806767-	NC_045028.1:9107272-9108683-	52	110	0	145,150,152,154,155,156,157,160,161,162,216,217,246,247,249,250,284,293,294,295,296,297	158,164,166,168,169,170,171,174,175,176,230,231,260,261,263,264,298,306,307,308,309,310	2	15,16,17,18,19,20,21,22,23,24,27,28,29,30,31,32,33,34,35,36,37,38	100	153	1397	29|52|1|3|1|1|11|7|2|3|0|0
CT	Taegut	LTR	ERVL	TguLTRL2b2	NC_044212.2:37123070-37124510+	NC_044241.2:15756408-15757805-	60	126	0	1077,1104,1109,1111,1114,1115,672,675,677,678,680,681	1044,1071,1076,1078,1081,1082,635,638,640,641,643,644	2	15,16,17,18,19,20,51,52,53,54,55,56	49	448	1092	24|60|4|3|2|4|12|6|3|2|0|6
CT	Taegut	LTR	ERVL	TguLTRL2b1	NC_044211.2:48871869-48873289-	NC_045028.1:9107272-9108683-	53	97	0	115,116,117,127,133,135,143,144,160,165,167,169,170,171,172,175,176,177,307,308,309,310,311,326,328	115,116,117,127,131,133,141,142,158,164,166,168,169,170,171,174,175,176,306,307,308,309,310,325,327	3	6,7,8,9,10,11,12,13,14,15,16,17,18,19,20,21,22,23,32,33,34,35,36,37,38	85	213	1415	23|53|1|3|2|0|6|3|1|2|0|3
CT	Taegut	LTR	ERVL	TguLTRL2a4	NC_044211.2:51529585-51530988-	NC_044214.2:37881920-37883323+	52	116	0	159,163,166,175,182,532,535,538,560,571,573,775,777,778,819,822	160,164,167,176,183,538,541,544,566,577,579,781,783,784,826,829	3	9,10,11,12,13,25,26,27,28,29,30,33,34,35,36,37	115	670	1403	39|52|1|2|2|3|7|4|3|1|1|1
CT	Taegut	LTR	ERVL	TguLTRL2b2	NC_044212.2:47110926-47111989+	NC_044241.2:15756408-15757805-	60	135	0	306,308,309,311,312,559,574,582,590,591,594,595,599,731,736,738,741,742	1071,1076,1078,1081,1082,638,640,641,643,644,889,905,914,922,923,926,927,931	3	14,15,16,17,18,34,35,36,37,38,39,40,41,52,53,54,55,56	62	445	1061	23|60|3|5|1|2|11|12|3|5|3|7
CT	Taegut	LTR	ERVL	TguLTRL2b2	NC_044212.2:57550485-57551891-	NC_044241.2:15756408-15757805-	78	174	0	1071,1076,1078,1081,1082,289,291,292,297,301,636,639,641,642,644,645,915,923,924,927,928,932,971,974	1071,1076,1078,1081,1082,287,289,290,297,301,635,638,640,641,643,644,914,922,923,926,927,931,970,973	4	14,15,16,17,18,34,35,36,37,38,39,54,55,56,57,58,59,60,61,70,71,72,73,74	97	796	1401	30|78|5|4|4|4|26|12|2|3|0|6
CT	Taegut	LTR	ERVL	TguLTRL2a5	NC_044213.2:121359979-121361402-	NC_045028.1:19387108-19388502+	39	89	0	280,285,286,292,295,500,506,538,541,543	280,285,286,292,295,517,523,555,558,560	2	17,18,19,20,21,35,36,37,38,39	60	281	579	7|39|3|3|5|1|13|7|1|2|4|4
CT	Taegut	LTR	ERVL	TguLTRL2b2	NC_044213.2:27279160-27280552+	NC_044241.2:15756408-15757805-	76	162	0	1068,1073,1075,1078,1079,639,641,642,644,645,922,923,926,927,931	1071,1076,1078,1081,1082,638,640,641,643,644,922,923,926,927,931	3	30,31,32,33,34,53,54,55,56,57,66,67,68,69,70	29	445	1386	26|76|2|5|2|7|16|11|1|4|4|8
CT	Taegut	LTR	ERVL	TguLTRL2a4	NC_044211.2:52761259-52762663+	NC_044214.2:37881920-37883323+	52	111	0	502,503,508,537,540,543,565,569,576,578	503,504,509,538,541,544,566,570,577,579	1	20,21,22,23,24,25,26,27,28,29	77	77	1403	38|52|3|2|2|1|4|4|1|0|1|3
CT	Taegut	LTR	ERVL	TguERVL2a3_LTR	NC_044214.2:104824206-104824869+	NC_045028.1:9119645-9120321+	22	53	0	138,139,170,197,199,509,510,511,512,514	140,141,172,199,201,516,517,518,519,521	2	2,3,4,5,6,14,15,16,17,18	68	382	666	4|22|2|3|5|1|2|7|2|3|1|1
CT	Taegut	LTR	ERVL	TguLTRL2b2	NC_044213.2:57457435-57458474+	NC_044241.2:15756408-15757805-	57	115	0	277,289,293,296,298,299,301,302,534,548,563,571,579,580,583,584,588,627,630,720,729,734,736,739,740	1062,1071,1076,1078,1081,1082,619,631,635,638,640,641,643,644,875,889,905,914,922,923,926,927,931,970,973	3	12,13,14,15,16,17,18,19,33,34,35,36,37,38,39,40,41,42,43,49,50,51,52,53,54	146	464	1037	21|57|1|3|0|1|9|12|2|5|0|4
CT	Taegut	LTR	ERVL	TguLTRL2b1	NC_044211.2:52409025-52410447-	NC_045028.1:9107272-9108683-	51	120	0	127,129,131,141,156,158,163,165,167,168,169,170,173,174,175,259,260,262,263,297	127,129,131,141,156,158,164,166,168,169,170,171,174,175,176,260,261,263,264,298	2	7,8,9,10,11,12,13,14,15,16,17,18,19,20,21,27,28,29,30,31	89	172	1416	19|51|1|2|1|3|30|4|4|2|0|3
CT	Taegut	LTR	ERVL	TguLTRL2a4	NC_044211.2:53090097-53091494+	NC_044214.2:37881920-37883323+	52	111	0	159,163,166,175,182,496,497,502,531,534,537,772,774,775,817,820	160,164,167,176,183,503,504,509,538,541,544,781,783,784,826,829	3	7,8,9,10,11,20,21,22,23,24,25,32,33,34,35,36	115	670	1400	33|52|1|0|3|1|13|4|1|1|1|1
CT	Taegut	LTR	ERVL	TguLTRL2a4	NC_044211.2:53090097-53091494+	NC_045028.1:2793853-2795246-	44	112	0	109,114,162,174,175,181,285,291,333,335,339,340,347	110,115,163,175,176,182,286,292,334,336,340,341,348	2	3,4,5,6,7,8,14,15,16,17,18,19,20	136	239	1395	18|44|0|3|3|5|22|9|4|2|1|1
CT	Taegut	LTR	ERVL	TguLTRL2b2	NC_044213.2:71592355-71593757-	NC_044241.2:15756408-15757805-	64	172	0	1077,1082,1084,1087,1088,1089,660,667,669,670,672,940,947,955,956,959,960,964,967,982	1071,1076,1078,1081,1082,1083,631,638,640,641,643,907,914,922,923,926,927,931,934,949	3	23,24,25,26,27,43,44,45,46,47,48,49,50,51,55,56,57,58,59,60	69	453	1327	24|64|5|14|3|7|20|14|2|7|2|10
CT	Taegut	LTR	ERVL	TguLTRL2b2	NC_044213.2:73598510-73599884+	NC_044241.2:15756408-15757805-	72	169	0	1050,1055,1057,1060,1061,116,133,134,141,142,622,624,625,627,628,658,82,859,873,889,896,904,905,908,909,913,952,955	1071,1076,1078,1081,1082,116,133,134,141,142,638,640,641,643,644,672,82,875,889,907,914,922,923,926,927,931,970,973	4	3,4,5,6,7,8,28,29,30,31,32,33,45,46,47,48,49,50,51,52,53,54,55,62,63,64,65,66	207	1001	1380	28|72|3|8|3|6|12|16|5|4|6|6
CT	Taegut	LTR	ERVL	TguLTRL2b2	NC_044213.2:73863689-73864387-	NC_044241.2:15756408-15757805-	39	82	0	193,209,216,224,225,228,229,233,251,272,275,363,372,377,379,382,383	1062,1071,1076,1078,1081,1082,889,907,914,922,923,926,927,931,949,970,973	2	14,15,16,17,18,19,20,21,22,23,24,31,32,33,34,35,36	106	194	700	13|39|2|2|0|2|5|9|1|5|2|2
CT	Taegut	LTR	ERVL	TguLTRL2b1	NC_044211.2:53052451-53053850-	NC_044241.2:26182176-26183582+	34	96	0	297,300,304,305,321,357,365,368,404,413	296,299,303,304,321,357,365,368,406,415	2	15,16,17,18,19,20,21,22,23,24	121	120	1402	33|34|2|3|1|1|9|6|2|3|0|2
CT	Taegut	LTR	ERVL	TguLTRL2b2	NC_044213.2:74260486-74261886+	NC_044241.2:15756408-15757805-	55	137	0	1074,1079,1080,1081,1084,1085,508,509,512,514,515,932,933,936,937,941	1071,1076,1077,1078,1081,1082,498,499,502,504,505,922,923,926,927,931	3	1,2,3,4,5,32,33,34,35,36,44,45,46,47,48,49	30	585	925	24|55|3|4|6|4|12|12|5|4|0|8
CT	Taegut	LTR	ERVL	TguLTRL2b2	NC_044213.2:74832063-74833471+	NC_044241.2:15756408-15757805-	68	171	0	303,312,313,316,317,321,650,652,653,655,656,933,934,937,938,942	290,292,293,296,297,301,638,640,641,643,644,922,923,926,927,931	3	12,13,14,15,16,17,29,30,31,32,33,49,50,51,52,53	29	642	1397	31|68|4|6|2|3|16|16|3|6|2|14
CT	Taegut	LTR	ERVL	TguLTRL2b1	NC_044211.2:53693855-53695266-	NC_044241.2:26182176-26183582+	35	105	0	142,146,156,168,181,356,364,367,404,413,441,445,447	142,146,156,168,181,357,365,368,406,415,443,447,449	2	10,11,12,13,14,22,23,24,25,26,27,28,29	133	308	1408	26|35|3|4|4|1|17|9|2|3|1|0
CT	Taegut	LTR	ERVL	TguLTRL2a5	NC_044214.2:7276086-7277438+	NC_045028.1:19387108-19388502+	23	54	0	269,275,279,284,285,291,47,51,52,63,75	269,276,280,285,286,292,47,51,52,63,75	2	2,3,4,5,6,13,14,15,16,17,18	53	246	414	11|23|1|1|3|1|4|6|1|0|1|2
CT	Taegut	LTR	ERVL	TguLTRL2a5	NC_044214.2:7276086-7277438+	NC_045028.1:20282788-20284177-	25	49	0	361,368,369,372,379,390,391,394,51,52,56,75,92	359,366,367,370,377,388,389,392,51,52,56,75,92	2	4,5,6,7,8,18,19,20,21,22,23,24,25	76	342	416	5|25|2|4|0|1|4|3|2|1|2|0
CT	Taegut	LTR	ERVL	TguLTRL2b2	NC_044213.2:75154476-75155433+	NC_044241.2:15756408-15757805-	57	123	0	211,213,214,216,217,317,330,331,333,340,451,465,480,488,496,647,652,654,657,658	1071,1076,1078,1081,1082,638,640,641,643,644,743,756,757,759,766,875,889,905,914,922	4	12,13,14,15,16,21,22,23,24,25,33,34,35,36,37,49,50,51,52,53	91	445	963	23|57|2|6|1|3|8|8|4|5|0|6
CT	Taegut	LTR	ERVL	TguLTRL2b2	NC_044213.2:75882599-75883983-	NC_044241.2:15756408-15757805-	77	184	0	1055,1060,1062,1065,1066,294,296,297,302,303,622,625,628,630,631,876,892,899,907,908,911,912,916	1071,1076,1078,1081,1082,287,289,290,296,297,635,638,641,643,644,889,907,914,922,923,926,927,931	4	14,15,16,17,18,32,33,34,35,36,53,54,55,56,57,58,59,60,68,69,70,71,72	76	796	1387	33|77|8|7|1|3|16|19|3|7|2|8
CT	Taegut	LTR	ERVL	TguLTRL2b1	NC_044211.2:55172072-55173517+	NC_044241.2:18358117-18359535+	35	91	0	1268,1269,1270,1271,1272,1273,488,502,506,535,538	1243,1244,1245,1246,1247,1248,460,474,478,507,510	2	19,20,21,22,23,29,30,31,32,33,34	57	789	1431	32|35|3|1|1|1|6|4|2|2|3|1
CT	Taegut	LTR	ERVL	TguLTRL2b3	NC_044212.2:40598308-40599705+	NC_045028.1:17325364-17326551+	46	135	0	441,445,446,468,471,608,613,622,634,641,643,647,761,763,770,794,801	234,238,239,261,264,398,403,412,424,431,433,437,551,553,560,584,591	3	13,14,15,16,17,19,20,21,22,23,24,25,31,32,33,34,35	112	358	1171	46|46|2|4|2|5|9|12|3|1|3|2
CT	Taegut	LTR	ERVL	TguLTRL2b2	NC_044213.2:75909172-75910299+	NC_044241.2:15756408-15757805-	57	130	0	359,363,366,368,369,371,372,620,636,643,651,652,655,656,660,799,804,806,809,810	1071,1076,1078,1081,1082,631,635,638,640,641,643,644,889,907,914,922,923,926,927,931	3	10,11,12,13,14,15,16,33,34,35,36,37,38,39,40,49,50,51,52,53	69	452	1018	19|57|6|6|1|4|15|9|3|5|0|5
CT	Taegut	LTR	ERVL	TguLTRL2a1	NC_045028.1:13304126-13305528-	NC_045028.1:13305697-13307099-	35	37	0	1000,1081,113,1155,147,148,173,255,276,279,285,331,332,334,336,338,399,417,436,474,477,504,534,537,54,573,643,669,779,782,831,858,872,920,938	1000,1081,113,1155,147,148,173,255,276,279,285,331,332,334,336,338,399,417,436,474,477,504,534,537,54,573,643,669,779,782,831,858,872,920,938	2	1,2,3,4,5,6,7,8,9,10,11,12,13,14,15,16,17,18,19,20,21,22,23,24,25,26,27,28,29,30,31,32,33,34,35	1103	1102	1402	0|35|0|0|0|0|0|1|0|0|1|0
CT	Taegut	LTR	ERVL	TguLTRL2a4	NC_044211.2:63154272-63155671-	NC_044214.2:37881920-37883323+	55	117	0	155,159,162,171,178,495,496,501,530,533,536,558,569,571,773,775,776,817,820	160,164,167,176,183,503,504,509,538,541,544,566,577,579,781,783,784,826,829	3	9,10,11,12,13,22,23,24,25,26,27,28,29,30,34,35,36,37,38	150	670	1401	37|55|2|2|2|1|8|5|2|1|0|2
CT	Taegut	LTR	ERVL	TguLTRL2a1	NC_045028.1:14451488-14452892+	NW_024545307.1:76379-77786+	33	77	0	148,162,181,198,201,398,500,501,532,540	150,164,183,200,203,402,503,504,535,543	2	6,7,8,9,10,14,15,16,17,18	196	394	1405	29|33|0|1|1|1|2|5|3|1|1|0
CT	Taegut	LTR	ERVL	TguLTRL2b2	NC_044213.2:81629803-81630812-	NC_044241.2:15756408-15757805-	61	116	0	246,249,251,252,254,255,489,503,518,526,534,535,538,539	635,638,640,641,643,644,875,889,905,914,922,923,926,927	2	11,12,13,14,15,16,31,32,33,34,35,36,37,38	63	293	1008	19|61|2|5|0|4|10|7|2|2|0|4
CT	Taegut	LTR	ERVL	TguLTRL2b1	NC_044211.2:62929855-62931263+	NC_044241.2:15827817-15829230+	25	71	0	1074,1221,1225,1228,1231,1232,1233,1234,1235,1236,1237,1238,1239,1240,1241,1244,1246	1081,1228,1232,1237,1241,1242,1243,1244,1245,1246,1247,1248,1249,1250,1251,1254,1256	1	9,10,11,12,13,14,15,16,17,18,19,20,21,22,23,24,25	176	176	1410	9|25|0|3|2|0|16|12|1|3|0|0
CT	Taegut	LTR	ERVL	TguLTRL2b1	NC_044211.2:62929855-62931263+	NC_044213.2:97346787-97348200-	24	69	0	1074,1077,1231,1232,1233,1234,1236,1237,1238,1239,1240,1241,1244	1085,1088,1243,1244,1245,1246,1248,1249,1250,1251,1252,1253,1256	2	11,12,13,14,15,16,17,18,19,20,21,22,23	173	172	1410	6|24|4|6|5|1|10|9|1|1|0|2
CT	Taegut	LTR	ERVL	TguLTRL2a4	NC_044211.2:63442243-63443638-	NC_045028.1:2793853-2795246-	42	100	0	109,114,162,174,287,293,335,337,341,342,55,59,66,95	110,115,163,175,286,292,334,336,340,341,56,60,67,96	2	1,2,3,4,5,6,7,8,14,15,16,17,18,19	176	286	1392	24|42|0|5|3|2|10|8|3|2|1|0
CT	Taegut	LTR	ERVL	TguLTRL2b2	NC_044213.2:84486422-84487821+	NC_044241.2:15756408-15757805-	76	196	0	1078,1083,1085,1088,1089,116,133,141,142,294,296,302,303,304,308,651,653,654,656,657,82	1071,1076,1078,1081,1082,116,133,141,142,287,289,295,296,297,301,638,640,641,643,644,82	4	3,4,5,6,7,14,15,16,17,18,19,35,36,37,38,39,69,70,71,72,73	95	1001	1393	34|76|6|6|4|3|22|18|5|9|4|9
CT	Taegut	LTR	ERVL	TguLTRL2b2	NC_044213.2:88495959-88497003+	NC_044241.2:15756408-15757805-	59	133	0	295,298,300,301,303,304,417,418,425,446,448,449,576,577,580,581,585,725,730,732,735,736	1071,1076,1078,1081,1082,635,638,640,641,643,644,756,757,766,790,792,793,922,923,926,927,931	4	12,13,14,15,16,17,21,22,23,24,25,26,35,36,37,38,39,49,50,51,52,53	70	448	1052	22|59|2|5|1|4|19|8|0|5|1|7
CT	Taegut	LTR	ERVL	TguLTRL2a4	NC_044211.2:66402062-66403464+	NC_044214.2:37881920-37883323+	55	111	0	158,162,165,174,181,499,500,505,534,537,540,562,573,575	160,164,167,176,183,503,504,509,538,541,544,566,577,579	2	10,11,12,13,14,23,24,25,26,27,28,29,30,31	101	420	1402	38|55|3|1|1|0|7|2|2|0|0|2
CT	Taegut	LTR	ERVL	TguLTRL2a5	NC_044214.2:38587795-38589158+	NC_045028.1:19387108-19388502+	21	57	0	280,285,286,292,295,51,52,63,69,75	280,285,286,292,295,51,52,63,69,75	2	3,4,5,6,7,17,18,19,20,21	41	245	337	7|21|2|4|1|0|11|7|0|0|2|2
CT	Taegut	LTR	ERVL	TguLTRL2b2	NC_044213.2:89391534-89392941-	NC_044241.2:15756408-15757805-	71	212	0	1054,1072,1081,1086,1088,1091,1092,117,134,136,142,143,648,650,651,653,654	1044,1062,1071,1076,1078,1081,1082,116,133,135,141,142,638,640,641,643,644	3	2,3,4,5,6,25,26,27,28,29,59,60,61,62,63,64,65	73	967	1402	23|71|5|6|1|4|70|10|1|7|2|12
CT	Taegut	LTR	ERVL	TguLTRL2b2	NC_044213.2:94342351-94343060-	NC_044241.2:15756408-15757805-	36	84	0	269,270,273,274,275,279,601,604,606,607,609,610	292,293,295,296,297,301,635,638,640,641,643,644	2	12,13,14,15,16,17,28,29,30,31,32,33	20	353	720	14|36|0|4|2|5|4|9|1|2|3|4
CT	Taegut	LTR	ERVL	TguLTRL2b2	NC_044213.2:96687191-96688269-	NC_044241.2:15756408-15757805-	62	127	0	296,299,301,302,304,305,572,580,581,584,585,587,589,730,735,737,740,741	1071,1076,1078,1081,1082,635,638,640,641,643,644,914,922,923,926,927,929,931	3	16,17,18,19,20,21,41,42,43,44,45,46,47,54,55,56,57,58	40	448	1069	22|62|2|4|0|3|9|7|2|6|2|8
CT	Taegut	LTR	ERVL	TguLTRL2b2	NC_044213.2:131182386-131183444-	NC_044241.2:15756408-15757805-	61	133	0	296,299,301,302,304,305,562,578,586,594,595,598,599,603,642,645,740,745,747,750,751,752	1071,1076,1078,1081,1082,1083,635,638,640,641,643,644,889,905,914,922,923,926,927,931,970,973	3	14,15,16,17,18,19,31,32,33,34,35,36,37,38,39,40,50,51,52,53,54,55	108	449	1059	20|61|3|6|0|3|11|13|4|2|0|10
CT	Taegut	LTR	ERVL	TguLTRL2b1	NC_044211.2:71255228-71256512+	NC_045028.1:9107272-9108683-	27	70	0	192,193,222,223,225,226,259,267,268,269,270,271,288	230,231,260,261,263,264,298,306,307,308,309,310,327	2	1,2,3,4,5,6,7,8,9,10,11,12,13	99	98	1057	21|27|0|2|3|1|6|5|1|4|0|0
CT	Taegut	LTR	ERVL	TguLTRL2b2	NC_044213.2:147326878-147328261-	NC_044241.2:15756408-15757805-	78	172	0	1052,1057,1059,1062,1063,117,134,142,143,623,626,628,629,631,632,745,747,754,775,777,83,861,875,890,898,906,907,910,911,915	1071,1076,1078,1081,1082,116,133,141,142,635,638,640,641,643,644,757,759,766,790,792,82,875,889,905,914,922,923,926,927,931	5	2,3,4,5,6,29,30,31,32,33,34,39,40,41,42,43,49,50,51,52,53,54,55,56,57,67,68,69,70,71	176	1001	1390	30|78|7|10|2|4|10|14|3|3|5|6
CT	Taegut	LTR	ERVL	TguLTRL2a4	NC_044211.2:91220452-91221844-	NC_045028.1:2793853-2795246-	48	125	0	106,111,330,331,333,335,337,339,340,342,452,467,471,484,502,52,56,63,92	110,115,331,332,334,336,338,340,341,343,453,468,472,485,503,56,60,67,96	3	1,2,3,4,5,6,16,17,18,19,20,21,22,23,26,27,28,29,30	124	448	1391	27|48|1|1|1|2|29|7|6|0|1|2
CT	Taegut	LTR	ERVL	TguLTRL2b2	NC_044214.2:8809971-8811315+	NC_044241.2:15756408-15757805-	39	67	0	470,473,474,475,476,605,608,610,611,613,614,845,859,874,882,890,891,894,895,899	499,502,503,504,505,635,638,640,641,643,644,875,889,905,914,922,923,926,927,931	3	3,4,5,6,7,11,12,13,14,15,16,31,32,33,34,35,36,37,38,39	74	433	572	10|39|1|3|0|1|4|4|1|2|0|2
CT	Taegut	LTR	ERVL	TguLTRL2b2	NC_044214.2:16417343-16418620+	NC_044241.2:15756408-15757805-	52	105	0	395,398,400,401,438,542,545,547,548,550,551,827,828,831,832,836,875,878,966,975,980,982,985,986	1062,1071,1076,1078,1081,1082,499,502,504,505,542,635,638,640,641,643,644,922,923,926,927,931,970,973	4	4,5,6,7,8,11,12,13,14,15,16,33,34,35,36,37,38,39,45,46,47,48,49,50	127	584	1033	20|52|2|3|2|4|7|6|0|3|0|6
CT	Taegut	LTR	ERVL	TguLTRL2a4	NC_044211.2:91287007-91288403-	NC_045028.1:2793853-2795246-	46	101	0	107,112,160,172,173,193,452,467,471,484,502,503,53,57,64,93	110,115,163,175,176,196,453,468,472,485,503,504,56,60,67,96	2	1,2,3,4,5,6,7,8,9,10,22,23,24,25,26,27	193	449	1394	25|46|1|3|1|2|8|5|4|3|2|1
CT	Taegut	LTR	ERVL	TguLTRL2b2	NC_044214.2:19184681-19186072-	NC_044241.2:15756408-15757805-	84	183	0	1070,1075,1077,1080,1081,286,288,289,294,295,296,301,502,505,507,508,538,637,640,642,643,645,646,922,923,926,927,931,970,973	1071,1076,1078,1081,1082,287,289,290,295,296,297,301,499,502,504,505,535,635,638,640,641,643,644,922,923,926,927,931,970,973	5	16,17,18,19,20,21,22,29,30,31,32,33,37,38,39,40,41,42,60,61,62,63,64,65,66,74,75,76,77,78	126	796	1394	33|84|4|5|7|3|11|13|5|8|1|9
CT	Taegut	LTR	ERVL	TguLTRL2a4	NC_044211.2:91368331-91369719-	NC_044214.2:37881920-37883323+	58	117	0	115,122,158,162,165,174,181,519,522,525,547,558,560,762,764,765,77,807,810,85,94	117,124,160,164,167,176,183,538,541,544,566,577,579,781,783,784,79,826,829,87,96	4	6,7,8,9,10,12,13,14,15,16,29,30,31,32,33,34,38,39,40,41,42	161	751	1395	36|58|2|2|1|3|7|3|1|0|3|1
CT	Taegut	LTR	ERVL	TguLTRL2b2	NC_044214.2:21758444-21759529+	NC_044241.2:15756408-15757805-	62	125	0	325,326,328,330,331,567,581,597,604,612,613,616,621,758,763,765,768,769	1071,1076,1078,1081,1082,638,639,641,643,644,875,889,907,914,922,923,926,931	3	14,15,16,17,18,35,36,37,38,39,40,41,42,53,54,55,56,57	76	445	1074	23|62|2|2|1|3|11|6|2|2|1|10
CT	Taegut	LTR	ERVL	TguLTRL2b2	NC_044214.2:25835583-25836916-	NC_044241.2:15756408-15757805-	61	118	0	277,279,280,284,290,292,294,296,298,302,620,622,623,625,626,861,875,890,898,906,907,910,911,915	287,289,290,297,307,309,311,313,315,319,638,640,641,643,644,875,889,905,914,922,923,926,927,931	3	13,14,15,16,17,18,19,20,21,22,36,37,38,39,40,53,54,55,56,57,58,59,60,61	97	645	952	17|61|1|3|4|5|9|8|2|3|1|4
CT	Taegut	LTR	ERVL	TguLTRL2b1	NC_044211.2:73932158-73933570-	NC_045028.1:9107272-9108683-	57	113	0	1241,1242,1243,1244,1245,1246,1253,141,142,158,163,165,167,168,169,170,173,174,179,215,218,306,307,308,309,326	1239,1240,1241,1242,1243,1244,1253,141,142,158,164,166,168,169,170,171,174,175,180,216,219,307,308,309,310,327	3	14,15,16,17,18,19,20,21,22,23,24,25,26,27,35,36,37,38,39,51,52,53,54,55,56,57	115	1113	1411	26|57|0|1|2|1|17|5|2|1|0|1
CT	Taegut	LTR	ERVL	TguLTRL2b2	NC_044214.2:26973829-26975213-	NC_044241.2:15756408-15757805-	46	105	0	626,628,629,631,632,896,903,906,911,912,915,916,920	638,640,641,643,644,907,914,917,922,923,926,927,931	2	4,5,6,7,8,26,27,28,29,30,31,32,33	32	294	862	25|46|3|3|0|2|5|8|2|3|1|7
CT	Taegut	LTR	ERVL	TguLTRL2b2	NC_044214.2:31987907-31989305-	NC_044241.2:15756408-15757805-	76	185	0	1077,1082,1084,1087,1088,286,288,289,298,299,300,304,640,644,646,647,649,650,923,931,932,935,936,940,978,979,982	1071,1076,1078,1081,1082,287,289,290,295,296,297,301,634,638,640,641,643,644,914,922,923,926,927,931,969,970,973	4	12,13,14,15,16,17,18,31,32,33,34,35,36,54,55,56,57,58,59,60,61,62,68,69,70,71,72	98	796	1392	33|76|6|5|5|5|14|18|5|7|2|9
CT	Taegut	LTR	ERVL	TguLTRL2a5	NC_044216.2:9728622-9729989+	NC_045028.1:19387108-19388502+	20	51	0	273,277,282,283,289,292,47,51,52,63,75	276,280,285,286,292,295,47,51,52,63,75	2	3,4,5,6,7,15,16,17,18,19,20	49	249	340	11|20|1|2|2|1|4|4|1|0|2|3
CT	Taegut	LTR	ERVL	TguLTRL2a5	NC_044216.2:9728622-9729989+	NC_045028.1:20282788-20284177-	26	53	0	370,377,388,389,392,51,52,56,75,92	370,377,388,389,392,51,52,56,75,92	2	4,5,6,7,8,22,23,24,25,26	65	342	421	6|26|1|7|0|1|6|2|1|0|2|1
CT	Taegut	LTR	ERVL	TguLTRL2b2	NC_044214.2:35800064-35801456-	NC_044241.2:15756408-15757805-	80	166	0	1062,1067,1069,1072,1073,736,748,749,751,758,868,882,898,905,914,917,918,922	1071,1076,1078,1081,1082,744,756,757,759,766,875,889,907,914,923,926,927,931	3	42,43,44,45,46,55,56,57,58,59,60,61,62,72,73,74,75,76	92	339	1394	33|80|4|6|1|3|14|6|3|6|3|7
CT	Taegut	LTR	ERVL	TguLTRL2b1	NC_044211.2:77035981-77037398+	NC_045028.1:9107272-9108683-	51	105	0	115,116,117,127,129,131,133,141,142,158,163,165,167,168,169,170,173,174,179,215,218,259,260,262,263,297,305,306,307,308,309	115,116,117,127,129,131,133,141,142,158,164,166,168,169,170,171,174,175,180,216,219,260,261,263,264,298,306,307,308,309,310	3	7,8,9,10,11,12,13,14,15,16,17,18,19,20,21,22,23,24,25,26,27,30,31,32,33,34,35,36,37,38,39	157	196	1414	28|51|0|2|5|2|11|3|0|3|0|0
CT	Taegut	LTR	ERVL	TguLTRL2b2	NC_044214.2:71099968-71101375-	NC_044241.2:15756408-15757805-	80	169	0	637,640,642,643,645,646,724,760,761,763,770,878,892,908,915,923,924,927,928,932	635,638,640,641,643,644,720,756,757,759,766,875,889,907,914,922,923,926,927,931	3	34,35,36,37,38,39,42,43,44,45,46,54,55,56,57,58,59,60,61,62	114	297	1401	30|80|4|5|2|3|13|12|3|5|3|9
CT	Taegut	LTR	ERVL	TguLTRL2a4	NC_044211.2:102606858-102608242-	NC_044214.2:37881920-37883323+	57	122	0	534,537,540,562,573,575,762,764,765,806,809	538,541,544,566,577,579,781,783,784,826,829	2	28,29,30,31,32,33,37,38,39,40,41	91	292	1393	35|57|2|1|1|3|11|7|2|1|1|1
CT	Taegut	LTR	ERVL	TguLTRL2b2	NC_044214.2:77546879-77547985+	NC_044241.2:15756408-15757805-	59	120	0	212,214,217,218,255,347,350,352,353,355,356,634,635,638,639,643,750,768,777,782,784,787,788	1044,1062,1071,1076,1078,1081,1082,498,500,503,504,542,635,638,640,641,643,644,922,923,926,927,931	4	6,7,8,9,10,13,14,15,16,17,18,37,38,39,40,41,47,48,49,50,51,52,53	104	585	1073	19|59|2|2|1|3|10|8|3|6|1|6
CT	Taegut	LTR	ERVL	TguLTRL2b2	NC_044214.2:84082623-84083279-	NC_044241.2:15756408-15757805-	37	69	0	145,161,168,176,177,180,181,185,299,317,326,331,333,336,337	1044,1062,1071,1076,1078,1081,1082,889,907,914,922,923,926,927,931	2	12,13,14,15,16,17,18,19,27,28,29,30,31,32,33	82	194	649	12|37|2|0|0|0|4|6|1|3|0|4
CT	Taegut	LTR	ERVL	TguLTRL2b2	NC_044214.2:95085608-95086832+	NC_044241.2:15756408-15757805-	76	155	0	1042,1047,1049,1052,1053,116,133,141,142,83,919,920,923,924,928	1071,1076,1078,1081,1082,116,133,141,142,82,922,923,926,927,931	3	2,3,4,5,6,56,57,58,59,60,68,69,70,71,72	83	1001	1231	24|76|4|6|2|4|10|9|5|8|2|5
CT	Taegut	LTR	ERVL	TguLTRL2a5	NC_044224.2:19834380-19835750+	NC_045028.1:19387108-19388502+	22	51	0	250,265,271,275,280,281,287,290,47,51,52,63,75	254,269,276,280,285,286,292,295,47,51,52,63,75	2	3,4,5,6,7,15,16,17,18,19,20,21,22	71	249	336	8|22|2|1|2|0|5|5|3|0|1|2
CT	Taegut	LTR	ERVL	TguLTRL2b1	NC_044211.2:100222355-100223775+	NC_045028.1:9107272-9108683-	51	102	0	115,116,117,127,129,131,133,141,158,163,165,167,168,169,170,173,174,175,179,260,261,263,264,298,307,308,309,310,311	115,116,117,127,129,131,133,141,158,164,166,168,169,170,171,174,175,176,180,260,261,263,264,298,306,307,308,309,310	3	5,6,7,8,9,10,11,12,13,14,15,16,17,18,19,20,21,22,23,28,29,30,31,32,33,34,35,36,37	118	196	1415	24|51|1|1|4|2|7|6|1|2|0|3
CT	Taegut	LTR	ERVL	TguLTRL2b2	NC_044215.2:37283627-37284906+	NC_044241.2:15756408-15757805-	50	125	0	517,520,522,523,525,526,562,578,949,954,956,959,960	1071,1076,1078,1081,1082,635,638,640,641,643,644,680,695	2	4,5,6,7,8,9,10,11,42,43,44,45,46	73	448	792	24|50|3|4|0|2|13|15|3|5|0|6
CT	Taegut	LTR	ERVL	TguLTRL2b2	NC_044215.2:41253551-41254957-	NC_044241.2:15756408-15757805-	74	133	0	115,131,132,140,141,275,277,278,283,284,288,620,623,625,626,628,629,905,906,909,910,914,953,956	116,132,133,141,142,287,289,290,296,297,301,635,638,640,641,643,644,922,923,926,927,931,970,973	4	5,6,7,8,9,15,16,17,18,19,20,34,35,36,37,38,39,61,62,63,64,65,66,67	104	858	1031	20|74|3|1|2|2|8|8|2|7|3|3
CT	Taegut	LTR	ERVL	TguLTRL2b2	NC_044215.2:50364620-50365987-	NC_044241.2:15756408-15757805-	56	121	0	101,116,141,142,287,289,290,295,296,300,627,630,632,633,635,636,82	101,116,141,142,287,289,290,296,297,301,635,638,640,641,643,644,82	3	3,4,5,6,7,15,16,17,18,19,20,35,36,37,38,39,40	86	563	892	20|56|3|3|2|2|9|7|2|4|5|8
CT	Taegut	LTR	ERVL	TguLTRL2b2	NC_044215.2:52947837-52949220+	NC_044241.2:15756408-15757805-	74	161	0	1061,1066,1068,1071,1072,117,134,142,295,297,298,303,304,305,309,507,509,512,513,551,627,638,64,640,641,643,644,757,758,760,780,782,83,898,905,913,914,917,918,922	1071,1076,1078,1081,1082,116,133,141,287,289,290,295,296,297,301,498,500,503,504,542,619,63,638,640,641,643,644,756,757,759,790,792,82,907,914,922,923,926,927,931	7	1,2,3,4,5,11,12,13,14,15,16,17,24,25,26,27,28,30,31,32,33,34,35,40,41,42,43,44,52,53,54,55,56,57,58,67,68,69,70,71	239	1020	1385	29|74|7|6|3|2|13|16|1|3|2|5
CT	Taegut	LTR	ERVL	TguLTRL2b2	NC_044215.2:56004312-56005362-	NC_044241.2:15756408-15757805-	58	119	0	152,154,157,158,195,287,290,292,293,295,296,527,541,557,565,573,574,577,578,582,621,624,723,728,730,733,734	1071,1076,1078,1081,1082,498,500,503,504,542,635,638,640,641,643,644,875,889,905,914,922,923,926,927,931,970,973	4	6,7,8,9,10,14,15,16,17,18,19,34,35,36,37,38,39,40,41,42,43,44,51,52,53,54,55	166	585	1049	26|58|2|2|3|1|7|9|1|5|1|4
CT	Taegut	LTR	ERVL	TguLTRL2b2	NC_044215.2:63929261-63930642+	NC_044241.2:15756408-15757805-	57	124	0	1019,1037,1046,1051,1053,1056,1057,617,619,620,622,623,867,882,890,898,899,902,903,907,946,949	1044,1062,1071,1076,1078,1081,1082,638,640,641,643,644,889,905,914,922,923,926,927,931,970,973	3	12,13,14,15,16,31,32,33,34,35,36,37,38,39,40,47,48,49,50,51,52,53	131	445	1076	25|57|3|3|2|4|11|8|1|2|0|8
CT	Taegut	LTR	ERVL	TguLTRL2b1	NC_044212.2:26224257-26225668-	NC_044241.2:18358117-18359535+	30	86	0	454,468,472,501,504,583,621,627,633,656,683	460,474,478,507,510,591,630,636,642,664,691	2	17,18,19,20,21,22,23,24,25,26,27	233	232	1414	34|30|3|1|0|2|7|6|1|0|2|0
CT	Taegut	LTR	ERVL	TguLTRL2b1	NC_044212.2:26224257-26225668-	NC_045028.1:9107272-9108683-	54	98	0	141,142,158,163,165,167,168,169,170,173,174,175,179,304,305,306,307,308	141,142,158,164,166,168,169,170,171,174,175,176,180,306,307,308,309,310	2	14,15,16,17,18,19,20,21,22,23,24,25,26,36,37,38,39,40	45	170	1411	28|54|1|1|1|3|4|3|1|1|0|1
CT	Taegut	LTR	ERVL	TguLTRL2b2	NC_044217.2:1215478-1216844+	NC_044241.2:15756408-15757805-	69	158	0	1007,1030,1039,1044,1046,1049,1050,245,247,248,253,254	1044,1062,1071,1076,1078,1081,1082,287,289,290,295,296	2	2,3,4,5,6,59,60,61,62,63,64,65	49	796	1149	27|69|3|6|1|3|9|14|4|6|4|12
CT	Taegut	LTR	ERVL	TguLTRL2b2	NC_044217.2:1556203-1557568+	NC_044241.2:15756408-15757805-	79	153	0	282,284,285,290,291,292,335,344,354,397,457,460,491,493,496,497,527,534,626,628,629,631,632,902,910,911,914,915,919,958,961	287,289,290,295,296,297,343,352,362,405,465,468,498,500,503,504,535,542,638,640,641,643,644,914,922,923,926,927,931,970,973	5	13,14,15,16,17,18,20,21,22,23,24,25,26,27,28,29,30,31,36,37,38,39,40,59,60,61,62,63,64,65,66	279	687	1381	28|79|4|2|5|2|9|6|2|9|1|6
CT	Taegut	LTR	ERVL	TguLTRL2b2	NC_044217.2:1678258-1679325-	NC_044241.2:15756408-15757805-	63	153	0	315,317,318,320,321,589,597,598,601,602,606,645,648,744,749,751,754,755,756	1071,1076,1078,1081,1082,1083,638,640,641,643,644,914,922,923,926,927,931,970,973	3	15,16,17,18,19,37,38,39,40,41,42,43,44,53,54,55,56,57,58	80	446	1006	22|63|1|5|1|3|16|12|3|9|4|14
CT	Taegut	LTR	ERVL	TguLTRL2b1	NC_044212.2:31189918-31191340-	NC_045028.1:9107272-9108683-	57	130	0	155,156,172,177,179,181,182,183,184,187,188,189,193,273,274,276,277,311,319,320,321,322,323,340	141,142,158,164,166,168,169,170,171,174,175,176,180,260,261,263,264,298,306,307,308,309,310,327	3	10,11,12,13,14,15,16,17,18,19,20,21,22,27,28,29,30,31,32,33,34,35,36,37	109	187	1364	30|57|0|2|3|2|17|5|4|8|0|2
CT	Taegut	LTR	ERVL	TguLTRL2a4	NC_044212.2:58953536-58954938+	NC_045028.1:2793853-2795246-	41	100	0	278,288,294,336,338,342,343,471,475,488,506,507	276,286,292,334,336,340,341,468,472,485,503,504	2	12,13,14,15,16,17,18,22,23,24,25,26	103	229	1397	21|41|1|3|4|3|13|7|2|1|1|3
CT	Taegut	LTR	ERVL	TguLTRL2b2	NC_044217.2:4396036-4397416+	NC_044241.2:15756408-15757805-	74	182	0	1025,1040,1045,1054,1059,1061,1064,1065,491,494,496,497,534,630,632,633,635,636,658,902,910,911,914,915,919	1044,1057,1062,1071,1076,1078,1081,1082,499,502,504,505,542,638,640,641,643,644,672,914,922,923,926,927,931	4	22,23,24,25,26,29,30,31,32,33,34,52,53,54,55,56,57,62,63,64,65,66,67,68,69	136	584	1383	25|74|6|7|5|3|14|15|6|6|4|17
CT	Taegut	LTR	ERVL	TguLTRL2b2	NC_044217.2:34323468-34324855+	NC_044241.2:15756408-15757805-	76	161	0	1053,1062,1067,1069,1072,1073,287,289,290,295,296,297,456,460,489,491,494,495,626,629,631,632,634,635,868,882,898,905,913,914,917,918,922	1062,1071,1076,1078,1081,1082,287,289,290,295,296,297,466,470,498,500,503,504,635,638,640,641,643,644,875,889,907,914,922,923,926,927,931	5	13,14,15,16,17,18,21,22,23,24,25,26,31,32,33,34,35,36,52,53,54,55,56,57,58,59,60,68,69,70,71,72,73	138	796	1387	28|76|4|5|3|1|17|13|3|4|1|6
CT	Taegut	LTR	ERVL	TguLTRL2b1	NC_044212.2:31811079-31812471-	NC_044241.2:18358117-18359535+	38	92	0	215,230,251,261,267,398,408,409,427,450	216,231,252,262,268,399,409,410,428,451	2	5,6,7,8,9,17,18,19,20,21	106	236	1398	32|38|2|0|0|0|11|6|1|0|2|0
CT	Taegut	LTR	ERVL	TguLTRL2b2	NC_044217.2:54998056-54999443+	NC_044241.2:15756408-15757805-	73	173	0	498,501,503,504,541,636,638,639,641,642,908,916,917,920,921,925,943,964,967	499,502,504,505,542,638,640,641,643,644,914,922,923,926,927,931,949,970,973	3	20,21,22,23,24,28,29,30,31,32,46,47,48,49,50,51,52,53,54	111	475	1387	30|73|6|12|2|2|16|14|0|5|5|8
CT	Taegut	LTR	ERVL	TguLTRL2b1	NC_044212.2:39845502-39846921+	NC_044241.2:18358117-18359535+	30	81	0	179,215,230,260,266,458,472,476,505,508	180,216,231,262,268,460,474,478,507,510	2	4,5,6,7,8,20,21,22,23,24	140	331	1418	30|30|1|0|0|0|9|6|1|2|1|1
CT	Taegut	LTR	ERVL	TguLTRL2b1	NC_044212.2:39845502-39846921+	NC_045028.1:9107272-9108683-	59	112	0	1246,1247,1248,1249,1250,1251,129,131,133,141,142,158,163,165,167,168,169,170,173,174,175,229,230,259,260,262,263,305,306,307,308,309,326	1241,1242,1243,1244,1245,1246,129,131,133,141,142,158,164,166,168,169,170,171,174,175,176,230,231,260,261,263,264,306,307,308,309,310,327	4	11,12,13,14,15,16,17,18,19,20,21,22,23,24,25,29,30,31,32,33,34,36,37,38,39,40,41,54,55,56,57,58,59	111	1118	1415	26|59|0|1|3|1|9|5|2|4|0|2
CT	Taegut	LTR	ERVL	TguLTRL2b2	NC_044218.2:430675-432047-	NC_044241.2:15756408-15757805-	74	198	0	1056,1061,1063,1066,1067,288,290,291,296,297	1071,1076,1078,1081,1082,287,289,290,295,296	2	12,13,14,15,16,65,66,67,68,69	22	796	1379	38|74|6|6|1|4|22|17|7|10|2|11
CT	Taegut	LTR	ERVL	TguLTRL2b2	NC_044218.2:466310-467336-	NC_044241.2:15756408-15757805-	51	130	0	538,546,547,550,551,555,662,663,681,690,695,701	1044,1045,1062,1071,1076,1081,914,922,923,926,927,931	2	33,34,35,36,37,38,44,45,46,47,48,49	56	168	972	22|51|3|3|2|4|11|12|2|8|2|10
CT	Taegut	LTR	ERVL	TguLTRL2a4	NC_044213.2:26012623-26014031+	NC_044214.2:37881920-37883323+	55	117	0	117,124,160,164,167,176,183,539,542,545,567,578,580,782,784,785,79,826,829,87,96	117,124,160,164,167,176,183,538,541,544,566,577,579,781,783,784,79,826,829,87,96	4	5,6,7,8,9,11,12,13,14,15,26,27,28,29,30,31,35,36,37,38,39	161	751	1405	39|55|2|2|3|2|6|4|2|0|1|1
CT	Taegut	LTR	ERVL	TguLTRL2b2	NC_044219.2:7428736-7430068+	NC_044241.2:15756408-15757805-	38	97	0	1008,1013,1015,1018,1019,849,856,864,865,868,869,873	1071,1076,1078,1081,1082,907,914,922,923,926,927,931	2	14,15,16,17,18,19,20,29,30,31,32,33	37	176	670	18|38|2|2|1|1|15|8|4|3|0|5
CT	Taegut	LTR	ERVL	TguLTRL2b2	NC_044219.2:7428736-7430068+	NC_044241.2:15756408-15757805-	36	87	0	116,133,141,142,606,608,609,611,612,82	116,133,141,142,638,640,641,643,644,82	2	3,4,5,6,7,30,31,32,33,34	68	563	673	15|36|3|3|2|0|10|7|4|0|1|6
CT	Taegut	LTR	ERVL	TguLTRL2b1	NC_044212.2:40888125-40889111-	NC_044241.2:18358117-18359535+	28	65	0	215,230,260,266,300,309,459,473,477,506,509	216,231,262,268,302,311,460,474,478,507,510	2	5,6,7,8,9,10,19,20,21,22,23	147	295	985	18|28|1|1|0|0|11|3|1|1|1|0
CT	Taegut	LTR	ERVL	TguLTRL2b2	NC_044219.2:28330023-28330954-	NC_044241.2:15756408-15757805-	61	123	0	118,135,143,144,617,620,622,623,625,626,84,870,885,893,901,902,905,906,910	116,133,141,142,635,638,640,641,643,644,82,889,905,914,922,923,926,927,931	3	2,3,4,5,6,32,33,34,35,36,37,54,55,56,57,58,59,60,61	114	850	936	20|61|4|3|2|2|8|10|2|3|2|6
CT	Taegut	LTR	ERVL	TguLTRL2a5	NC_045028.1:6777012-6777938-	NC_045028.1:19387108-19388502+	58	146	0	254,269,280,285,286,292,295,507,51,513,52,545,548,550,63,658,659,663,664,668,73,75	254,269,280,285,286,292,295,51,517,52,523,555,558,560,63,648,649,653,654,658,73,75	4	4,5,6,7,8,15,16,17,18,19,20,21,34,35,36,37,38,42,43,44,45,46	122	608	921	20|58|8|4|5|0|21|8|6|6|4|6
CT	Taegut	LTR	ERVL	TguLTRL2b2	NC_044220.2:13526589-13527639+	NC_044241.2:15756408-15757805-	56	119	0	293,295,296,298,299,580,581,584,585,589,627,628,726,731,733,736,737	1071,1076,1078,1081,1082,638,640,641,643,644,922,923,926,927,931,969,970	3	13,14,15,16,17,34,35,36,37,38,39,40,48,49,50,51,52	68	445	1050	23|56|1|3|0|3|7|9|5|6|0|6
CT	Taegut	LTR	ERVL	TguLTRL2a4	NC_044213.2:49344711-49346082-	NC_045028.1:2793853-2795246-	22	34	0	108,113,291,298,325,333,335,339,340,54,58,65,94	110,115,292,299,326,334,336,340,341,56,60,67,96	2	2,3,4,5,6,7,16,17,18,19,20,21,22	110	286	390	1|22|0|0|1|0|3|2|5|0|0|0
CT	Taegut	LTR	ERVL	TguLTRL2b2	NC_044220.2:30957616-30959000-	NC_044241.2:15756408-15757805-	73	157	0	1030,1031,1049,1058,1065,1069,116,133,141,142,288,290,291,296,300,495,498,500,501,538,630,633,635,636,638,639,82,866,880,896,903,911,912,915,916,920,958,959	1044,1045,1062,1071,1077,1081,116,133,141,142,287,289,290,297,301,499,502,504,505,542,635,638,640,641,643,644,82,875,889,907,914,922,923,926,927,931,969,970	6	3,4,5,6,7,14,15,16,17,18,25,26,27,28,29,32,33,34,35,36,37,51,52,53,54,55,56,57,58,59,60,61,66,67,68,69,70,71	264	1000	1385	33|73|2|6|3|3|10|11|5|4|2|5
CT	Taegut	LTR	ERVL	TguLTRL2b2	NC_044220.2:31205324-31206707-	NC_044241.2:15756408-15757805-	73	163	0	1029,1030,1048,1057,1064,1068,115,132,140,141,287,289,290,295,299,629,632,634,635,637,638,81,865,879,895,902,910,911,914,915,919,957,958	1044,1045,1062,1071,1077,1081,116,133,141,142,287,289,290,297,301,635,638,640,641,643,644,82,875,889,907,914,922,923,926,927,931,969,970	5	3,4,5,6,7,14,15,16,17,18,32,33,34,35,36,37,51,52,53,54,55,56,57,58,59,60,61,66,67,68,69,70,71	220	1000	1385	29|73|3|7|4|4|13|13|5|5|2|5
CT	Taegut	LTR	ERVL	TguLTRL2b2	NC_044221.2:7616541-7617937+	NC_044241.2:15756408-15757805-	59	152	0	497,500,502,503,533,540,635,637,638,640,641,898,913,921,929,930,933,934,938,940	499,502,504,505,535,542,638,640,641,643,644,889,905,914,922,923,926,927,931,933	3	4,5,6,7,8,9,13,14,15,16,17,30,31,32,33,34,35,36,37,38	96	435	1030	30|59|5|6|2|2|14|13|3|7|1|10
CT	Taegut	LTR	ERVL	TguLTRL2a4	NC_044213.2:51861839-51863237-	NC_044214.2:37881920-37883323+	55	114	0	532,535,538,560,564,571,573,775,777,778,820,823	538,541,544,566,570,577,579,781,783,784,826,829	2	25,26,27,28,29,30,31,35,36,37,38,39	91	292	1400	38|55|2|1|3|0|5|3|1|3|1|2
CT	Taegut	LTR	ERVL	TguLTRL2b2	NC_044223.2:946833-948188-	NC_044241.2:15756408-15757805-	75	162	0	1006,1024,1033,1038,1040,1043,1044,612,615,617,618,620,621,839,853,868,876,884,885,888,889,893,932,935	1044,1062,1071,1076,1078,1081,1082,635,638,640,641,643,644,875,889,905,914,922,923,926,927,931,970,973	3	26,27,28,29,30,31,47,48,49,50,51,52,53,54,55,56,57,64,65,66,67,68,69,70	148	448	1364	34|75|4|5|2|2|8|15|3|5|1|8
CT	Taegut	LTR	ERVL	TguLTRL2a5	NC_045028.1:9160654-9161471+	NC_045028.1:20282788-20284177-	44	96	0	145,146,160,162,171,175,31,47,51,52,56,75,92	145,146,160,162,171,175,31,47,51,52,56,75,92	2	1,2,3,4,5,6,7,8,9,10,11,12,13	146	145	812	10|44|4|6|1|0|14|6|4|2|4|1
CT	Taegut	LTR	ERVL	TguLTRL2b2	NC_044223.2:20755506-20756600-	NC_044241.2:15756408-15757805-	60	164	0	604,621,628,636,637,640,641,645,768,773,775,778,779	1071,1076,1078,1081,1082,889,907,914,922,923,926,927,931	2	34,35,36,37,38,39,40,41,49,50,51,52,53	55	194	1069	31|60|4|6|1|3|20|13|5|6|3|12
CT	Taegut	LTR	ERVL	TguLTRL2b2	NC_044223.2:20832750-20833842+	NC_044241.2:15756408-15757805-	62	122	0	321,324,327,329,330,566,580,595,603,611,612,615,616,620,732,750,759,764,766,769,770	1044,1062,1071,1076,1078,1081,1082,635,638,641,643,644,875,889,905,914,922,923,926,927,931	3	16,17,18,19,20,36,37,38,39,40,41,42,43,44,51,52,53,54,55,56,57	106	448	1078	20|62|1|5|0|3|8|7|2|2|4|8
CT	Taegut	LTR	ERVL	TguLTRL2b1	NC_044212.2:55945050-55946465+	NC_044241.2:18358117-18359535+	34	97	0	1240,1241,1242,1243,1251,459,473,477,506,509	1245,1246,1247,1248,1256,460,474,478,507,510	2	20,21,22,23,24,29,30,31,32,33	63	797	1416	33|34|2|3|0|0|14|5|1|3|2|0
CT	Taegut	LTR	ERVL	TguLTRL2b2	NC_044224.2:20192734-20194129-	NC_044241.2:15756408-15757805-	74	152	0	1041,1059,1068,1073,1075,1078,1079,279,287,289,290,298,630,632,633,635,636,870,884,900,907,915,916,919,920,924,963,966	1044,1062,1071,1076,1078,1081,1082,279,287,289,290,301,638,640,641,643,644,875,889,907,914,922,923,926,927,931,970,973	4	11,12,13,14,15,29,30,31,32,33,50,51,52,53,54,55,56,57,58,59,60,64,65,66,67,68,69,70	168	804	1391	27|74|4|6|3|2|8|14|3|3|3|5
CT	Taegut	LTR	ERVL	TguLTRL2b2	NC_044224.2:20322970-20324355+	NC_044241.2:15756408-15757805-	76	163	0	1024,1042,1051,1056,1058,1061,1062,272,280,282,283,291,619,621,622,624,625,897,905,906,909,910,914,916,952,953,956	1044,1062,1071,1076,1078,1081,1082,279,287,289,290,301,638,640,641,643,644,914,922,923,926,927,931,933,969,970,973	4	13,14,15,16,17,31,32,33,34,35,52,53,54,55,56,57,58,59,60,61,67,68,69,70,71,72,73	129	804	1391	28|76|5|8|2|2|9|16|0|6|3|8
CT	Taegut	LTR	ERVL	TguLTRL2b2	NC_044229.2:2817931-2819307-	NC_044241.2:15756408-15757805-	78	155	0	1032,1050,1059,1064,1066,1069,1070,627,630,632,633,635,636,866,880,895,903,911,912,915,916,920	1044,1062,1071,1076,1078,1081,1082,635,638,640,641,643,644,875,889,905,914,922,923,926,927,931	3	32,33,34,35,36,37,52,53,54,55,56,57,58,59,60,68,69,70,71,72,73,74	106	448	1386	26|78|5|4|3|3|15|12|1|2|1|5
CT	Taegut	LTR	ERVL	TguLTRL2a4	NC_044213.2:55774982-55776377-	NC_045028.1:2793853-2795246-	44	100	0	268,274,284,290,332,338,339,346,452,467,483,501,502	270,276,286,292,334,340,341,348,453,468,485,503,504	2	14,15,16,17,18,19,20,21,25,26,27,28,29	131	235	1384	22|44|1|3|3|4|13|4|3|2|0|1
CT	Taegut	LTR	ERVL	TguLTRL2a4	NC_044213.2:55774982-55776377-	NC_044214.2:37881920-37883323+	55	110	0	113,120,156,160,163,172,179,47,48,496,497,502,51,52,531,534,537,559,563,570,572,75,92	117,124,160,164,167,176,183,503,504,509,51,52,538,541,544,55,56,566,570,577,579,79,96	3	1,2,3,4,5,6,7,8,10,11,12,13,14,22,23,24,25,26,27,28,29,30,31	175	529	1399	39|55|1|1|3|0|5|2|1|2|1|0
CT	Taegut	LTR	ERVL	TguLTRL2b2	NC_044232.2:160949-162316-	NC_044241.2:15756408-15757805-	74	178	0	1015,1033,1042,1047,1049,1052,1053,614,616,617,619,620,851,865,881,888,896,897,900,901,905	1044,1062,1071,1076,1078,1081,1082,638,640,641,643,644,875,889,907,914,922,923,926,927,931	3	28,29,30,31,32,47,48,49,50,51,52,53,54,55,63,64,65,66,67,68,69	103	445	1379	30|74|6|8|3|6|14|20|1|7|4|5
CT	Taegut	LTR	ERVL	TguLTRL2b2	NC_044236.2:905683-907061-	NC_044241.2:15756408-15757805-	80	161	0	1029,1047,1056,1061,1063,1066,1067,624,627,629,630,632,633,876,892,899,906,907,908,911,912,916,955,958	1044,1062,1071,1076,1078,1081,1082,635,638,640,641,643,644,889,907,914,921,922,923,926,927,931,970,973	3	30,31,32,33,34,35,52,53,54,55,56,57,58,59,60,61,62,68,69,70,71,72,73,74	134	448	1387	29|80|3|4|3|1|14|12|6|3|4|2
CT	Taegut	LTR	ERVL	TguLTRL2a5	NC_045028.1:17812924-17814362+	NC_045028.1:19387108-19388502+	60	178	0	282,287,288,294,297,536,542,574,577,579	280,285,286,292,295,517,523,555,558,560	2	13,14,15,16,17,31,32,33,34,35	60	281	1416	49|60|4|8|6|6|17|12|3|4|2|7
CT	Taegut	LTR	ERVL	TguLTRL2b2	NC_044239.2:4845292-4846674-	NC_044241.2:15756408-15757805-	81	181	0	626,629,631,632,634,635,900,907,915,916,919,920,924,963,966,978,980,982,993,995	1003,1005,635,638,640,641,643,644,907,914,922,923,926,927,931,970,973,986,988,990	3	33,34,35,36,37,38,54,55,56,57,58,59,60,61,62,65,66,67,68,69	97	371	1389	29|81|3|7|3|4|20|14|4|6|2|8
CT	Taegut	LTR	ERVL	TguLTRL2b2	NC_044241.2:2515704-2517113-	NC_044241.2:15756408-15757805-	77	172	0	1081,1086,1088,1091,1092,116,133,141,142,251,252,253,254,257,287,289,296,297,298,646,649,651,652,654,655,82,887,901,916,924,932,933,936,937,941	1071,1076,1078,1081,1082,116,133,141,142,250,251,252,253,257,287,289,295,296,297,635,638,640,641,643,644,82,875,889,905,914,922,923,926,927,931	6	3,4,5,6,7,9,10,11,12,13,14,15,16,17,18,31,32,33,34,35,36,51,52,53,54,55,56,57,58,59,68,69,70,71,72	189	1001	1398	26|77|4|5|2|3|16|14|6|4|7|8
CT	Taegut	LTR	ERVL	TguLTRL2b2	NC_044241.2:8677956-8679309+	NC_044241.2:15756408-15757805-	81	180	0	1040,1045,1047,1050,1051,474,477,479,480,510,609,612,614,615,617,618,850,864,879,887,895,896,899,900,904,942	1071,1076,1078,1081,1082,499,502,504,505,535,635,638,640,641,643,644,875,889,905,914,922,923,926,927,931,969	4	24,25,26,27,28,32,33,34,35,36,37,53,54,55,56,57,58,59,60,61,62,71,72,73,74,75	154	584	1361	27|81|4|5|4|11|14|10|4|8|3|9
CT	Taegut	LTR	ERVL	TguLTRL2a4	NC_044213.2:78347795-78349187-	NC_045028.1:2793853-2795246-	42	91	0	104,109,157,169,170,190,266,281,287,329,331,335,336,50,54,61,90	110,115,163,175,176,196,270,286,292,334,336,340,341,56,60,67,96	2	1,2,3,4,5,6,7,8,9,10,13,14,15,16,17,18,19	213	286	1391	21|42|1|2|3|2|8|7|2|0|1|2
CT	Taegut	LTR	ERVL	TguLTRL2a4	NC_044213.2:78410317-78411714-	NC_045028.1:2793853-2795246-	45	88	0	109,114,234,256,271,277,286,292,332,334,336,340,341,453,468,485,503,504,55,59,66,95	110,115,233,255,270,276,286,292,332,334,336,340,341,453,468,485,503,504,56,60,67,96	3	2,3,4,5,6,7,12,13,14,15,16,17,18,19,20,21,22,25,26,27,28,29	221	449	1395	21|45|1|2|3|2|5|5|2|0|1|1
CT	Taegut	LTR	ERVL	TguLTRL2a4	NC_044213.2:78521727-78523123-	NC_045028.1:2793853-2795246-	49	115	0	107,112,160,172,173,451,466,483,501,502,53,57,64,93	110,115,163,175,176,453,468,485,503,504,56,60,67,96	2	1,2,3,4,5,6,7,8,9,24,25,26,27,28	173	449	1394	22|49|0|3|1|4|14|11|3|4|1|3
CT	Taegut	LTR	ERVL	TguLTRL2b1	NC_044213.2:48434330-48435735-	NC_044241.2:18358117-18359535+	34	102	0	455,469,473,502,505,622,628,629,656,675	460,474,478,507,510,630,636,637,664,683	2	18,19,20,21,22,23,24,25,26,27	225	224	1411	35|34|3|2|0|0|13|8|3|1|2|1
CT	Taegut	LTR	ERVL	TguLTRL2a4	NC_044213.2:78715864-78717260-	NC_045028.1:2793853-2795246-	46	94	0	108,113,161,173,174,296,331,333,337,338,451,466,483,501,502,539,54,58,65,94	110,115,163,175,176,299,334,336,340,341,453,468,485,503,504,541,56,60,67,96	3	1,2,3,4,5,6,7,8,9,16,17,18,19,20,23,24,25,26,27,28	253	486	1394	21|46|0|2|3|3|8|6|2|0|1|2
CT	Taegut	LTR	ERVL	TguLTRL2b1	NC_044213.2:50470984-50472395+	NC_045028.1:9107272-9108683-	53	112	0	115,116,117,127,129,131,133,142,158,163,165,167,169,170,173,174,175,229,230,259,260,262,263,305,306,307,308,309	115,116,117,127,129,131,133,142,158,164,166,168,170,171,174,175,176,230,231,260,261,263,264,306,307,308,309,310	3	8,9,10,11,12,13,14,15,16,17,18,19,20,21,22,23,24,27,28,29,30,31,32,34,35,36,37,38	102	196	1407	25|53|1|4|1|1|16|5|4|2|0|0
CT	Taegut	LTR	ERVL	TguLTRL2a4	NC_044213.2:78947765-78949167-	NC_045028.1:2793853-2795246-	46	100	0	234,256,271,286,292,326,334,336,340,341,348,454,469,486,504,505,542	233,255,270,286,292,326,334,336,340,341,348,453,468,485,503,504,541	2	12,13,14,15,16,17,18,19,20,21,22,25,26,27,28,29,30	205	309	1397	23|46|1|2|3|3|9|7|2|1|1|2
CT	Taegut	LTR	ERVL	TguLTRL2b1	NC_044213.2:51848910-51850323+	NC_045028.1:9107272-9108683-	52	104	0	115,116,117,127,129,131,133,141,142,158,163,165,167,168,169,170,173,174,175,179,259,260,262,263,296,305,306,307,308,309	115,116,117,127,129,131,133,141,142,158,164,166,168,169,170,171,174,175,176,180,260,261,263,264,298,306,307,308,309,310	2	7,8,9,10,11,12,13,14,15,16,17,18,19,20,21,22,23,24,25,26,31,32,33,34,35,36,37,38,39,40	117	196	1412	26|52|0|3|3|1|8|4|1|4|1|1
CT	Taegut	LTR	ERVL	TguLTRL2a4	NC_044213.2:80344989-80346400-	NC_044214.2:37881920-37883323+	55	112	0	503,504,509,538,541,544,566,570,577,579	503,504,509,538,541,544,566,570,577,579	1	22,23,24,25,26,27,28,29,30,31	77	77	1404	38|55|2|0|3|0|6|2|2|1|1|2
CT	Taegut	LTR	ERVL	TguLTRL2b1	NC_044213.2:58744464-58745876-	NC_045028.1:9107272-9108683-	48	107	0	123,125,127,129,137,154,159,161,163,164,165,166,169,170,171,175,211,302,303,304,305,322	127,129,131,133,141,158,164,166,168,169,170,171,174,175,176,180,216,307,308,309,310,327	2	9,10,11,12,13,14,15,16,17,18,19,20,21,22,23,24,25,33,34,35,36,37	111	201	1411	22|48|0|3|5|2|15|7|0|5|0|0
CT	Taegut	LTR	ERVL	TguLTRL2a4	NC_044213.2:90089040-90090438-	NC_045028.1:2793853-2795246-	50	113	0	253,260,268,274,284,324,332,334,338,339,346,471,475,488,506,507	255,262,270,276,286,326,334,336,340,341,348,468,472,485,503,504	3	12,13,14,15,16,19,20,21,22,23,24,29,30,31,32,33	92	250	1395	14|50|1|4|3|2|24|6|4|1|2|2
CT	Taegut	LTR	ERVL	TguLTRL2b1	NC_044213.2:63197038-63198446+	NC_045028.1:9107272-9108683-	52	98	0	127,129,133,141,142,163,165,167,168,169,170,173,174,175,260,261,263,264,298,306,307,308,309,310,327	127,129,133,141,142,164,166,168,169,170,171,174,175,176,260,261,263,264,298,306,307,308,309,310,327	4	10,11,12,13,14,16,17,18,19,20,21,22,23,24,29,30,31,32,33,34,35,36,37,38,39	98	201	1409	21|52|0|3|2|2|9|5|2|1|1|0
CT	Taegut	LTR	ERVL	TguLTRL2b3	NC_044215.2:58963673-58963990-	NC_044241.2:34235431-34235741+	24	43	0	109,116,117,118,128,208,216,217,219,230,80,83,85,92,94	108,115,116,117,127,206,214,215,217,228,79,82,84,91,93	3	4,5,6,7,8,9,10,11,12,13,20,21,22,23,24	73	150	254	5|24|1|5|0|0|3|2|1|2|0|0
CT	Taegut	LTR	ERVL	TguERVL2a3_LTR	NC_044224.2:12367691-12368349-	NC_044225.2:15952445-15953102-	27	78	0	103,175,179,192,199,200,201,73,84,85,87,88	100,172,176,189,196,197,198,71,81,82,84,85	2	3,4,5,6,7,8,14,15,16,17,18,19	57	128	657	13|27|5|1|4|1|4|13|1|3|2|4
CT	Taegut	LTR	ERVL	TguLTRL2a4	NC_044213.2:94674967-94676365-	NC_044214.2:37881920-37883323+	55	113	0	501,502,507,536,539,542,564,575,577,779,781,782,823,826	503,504,509,538,541,544,566,577,579,781,783,784,826,829	2	22,23,24,25,26,27,28,29,30,34,35,36,37,38	126	327	1400	39|55|2|4|1|0|4|4|1|2|0|1
CT	Taegut	LTR	ERVL	TguLTRL2a4	NC_044213.2:107345631-107347002+	NC_045028.1:2793853-2795246-	44	98	0	109,114,291,333,335,339,340,469,473,486,504,505,55,59,66,95	110,115,292,334,336,340,341,468,472,485,503,504,56,60,67,96	3	2,3,4,5,6,7,17,18,19,20,21,26,27,28,29,30	147	449	1382	21|44|0|6|3|2|11|5|3|1|1|1
CT	Taegut	LTR	ERVL	TguLTRL2b1	NC_044213.2:75256912-75258327+	NC_045028.1:9107272-9108683-	54	110	0	128,132,134,143,144,160,165,167,169,170,171,172,175,176,177,181,217,220,261,262,264,265,299,307,308,309,310,311,328	127,130,132,141,142,158,164,166,168,169,170,171,174,175,176,180,216,219,260,261,263,264,298,306,307,308,309,310,327	3	8,9,10,11,12,13,14,15,16,17,18,19,20,21,22,23,24,25,28,29,30,31,32,33,34,35,36,37,38	162	201	1408	27|54|0|3|0|1|10|4|3|4|2|2
CT	Taegut	LTR	ERVL	TguLTRL2a4	NC_044213.2:110848881-110850286-	NC_045028.1:2793853-2795246-	45	101	0	108,113,160,161,173,174,293,300,335,337,341,342,474,478,491,509,510,94	110,115,162,163,175,176,292,299,334,336,340,341,468,472,485,503,504,96	3	4,5,6,7,8,9,10,17,18,19,20,21,22,27,28,29,30,31	168	409	1399	22|45|1|3|2|4|9|7|5|0|2|1
CT	Taegut	LTR	ERVL	TguLTRL2a4	NC_044213.2:114210506-114211904-	NC_045028.1:2793853-2795246-	42	98	0	108,113,292,299,334,336,340,341,54,58,65,94	110,115,292,299,334,336,340,341,56,60,67,96	2	1,2,3,4,5,6,14,15,16,17,18,19	110	286	1395	23|42|1|4|3|3|8|5|4|2|2|1
CT	Taegut	LTR	ERVL	TguLTRL2b3	NC_044217.2:1990698-1992007+	NC_045028.1:17325364-17326551+	38	111	0	332,346,350,373,376,708,744,776,778,792	220,234,238,261,264,599,633,665,667,681	2	2,3,4,5,6,23,24,25,26,27	128	462	988	39|38|2|5|2|3|10|6|1|2|1|2
CT	Taegut	LTR	ERVL	TguLTRL2a4	NC_044213.2:120455650-120457012+	NC_045028.1:2793853-2795246-	27	51	0	108,284,290,332,334,338,339,451,458,466,483,501,502,54,58,65,90,94	110,286,292,334,336,340,341,453,460,468,485,503,504,56,60,67,92,96	3	1,2,3,4,5,6,13,14,15,16,17,18,21,22,23,24,25,26	163	449	755	8|27|0|1|1|2|4|1|2|3|1|1
CT	Taegut	LTR	ERVL	TguLTRL2b1	NC_044213.2:75632496-75633905-	NC_045028.1:9107272-9108683-	50	112	0	116,1237,1238,1239,1240,1241,1242,1243,1244,127,129,133,141,142,158,163,167,168,169,170,173,174,175	116,1237,1238,1239,1240,1241,1242,1243,1244,127,129,133,141,142,158,164,168,169,170,171,174,175,176	2	5,6,7,8,9,10,11,12,13,14,15,16,17,18,19,42,43,44,45,46,47,48,49	69	1129	1405	24|50|1|2|1|1|22|8|1|1|0|1
CT	Taegut	LTR	ERVL	TguLTRL2b1	NC_044213.2:76091957-76093369+	NC_045028.1:9107272-9108683-	55	106	0	115,116,117,127,129,131,139,140,156,161,163,165,166,167,168,171,172,173,257,258,260,261,295,303,304,305,306,307,312,324	115,116,117,127,131,133,141,142,158,164,166,168,169,170,171,174,175,176,260,261,263,264,298,306,307,308,309,310,315,327	4	6,7,8,9,10,11,12,13,14,15,16,17,18,19,20,21,22,23,29,30,31,32,33,34,35,36,37,38,39,40	132	213	1408	25|55|0|1|0|2|11|5|2|3|0|2
CT	Taegut	LTR	ERVL	TguLTRL2a4	NC_044213.2:134113692-134115088+	NC_045028.1:2793853-2795246-	44	101	0	109,114,174,175,195,232,254,270,276,286,292,334,336,340,341,95	110,115,175,176,196,233,255,270,276,286,292,334,336,340,341,96	2	4,5,6,7,8,9,10,11,12,13,14,15,16,17,18,19	247	246	1394	22|44|1|0|1|4|13|9|2|3|2|0
CT	Taegut	LTR	ERVL	TguLTRL2b3	NC_044217.2:42673776-42674841+	NC_045028.1:17325364-17326551+	39	117	0	112,116,131,139,142,431,433,440,458,465	234,238,253,261,264,551,553,560,584,591	2	5,6,7,8,9,22,23,24,25,26	72	358	1040	42|39|3|4|1|3|8|7|2|3|4|1
CT	Taegut	LTR	ERVL	TguLTRL2b1	NC_044213.2:77655250-77656667+	NC_044241.2:18358117-18359535+	34	99	0	1242,1243,1244,1245,1246,1254,472,476,505,508,513	1244,1245,1246,1247,1248,1256,474,478,507,510,515	2	18,19,20,21,22,28,29,30,31,32,33	55	783	1417	33|34|3|4|0|1|13|3|1|2|3|2
CT	Taegut	LTR	ERVL	TguLTRL2b1	NC_044213.2:77687362-77688568-	NC_045028.1:9107272-9108683-	29	80	0	101,102,103,104,105,124,55,56,58,59,92	260,261,263,264,298,306,307,308,309,310,327	2	5,6,7,8,9,10,11,12,13,14,15	69	68	1206	25|29|0|4|0|1|9|6|1|3|2|0
CT	Taegut	LTR	ERVL	TguLTRL2b1	NC_044213.2:77940783-77942196+	NC_045028.1:9107272-9108683-	63	129	0	102,115,116,117,1241,1242,1243,1244,1245,1246,1247,1248,1249,127,144,160,165,167,169,170,171,172,175,176,177,181,217,220,262,263,265,266,300,308,309,310,311,312	102,115,116,117,1238,1239,1240,1241,1242,1243,1244,1245,1246,127,142,158,164,166,168,169,170,171,174,175,176,180,216,219,260,261,263,264,298,306,307,308,309,310	5	7,8,9,10,11,12,13,14,15,16,17,18,19,20,21,22,23,24,25,28,29,30,31,32,33,34,35,36,37,52,53,54,55,56,57,58,59,60	180	1145	1412	12|63|0|1|1|1|43|1|3|1|0|3
CT	Taegut	LTR	ERVL	TguLTRL2a4	NC_044214.2:13182974-13184372-	NC_045028.1:2793853-2795246-	43	96	0	109,114,162,174,175,271,277,287,293,300,327,338,55,59,66,95	110,115,163,175,176,270,276,286,292,299,326,338,56,60,67,96	2	1,2,3,4,5,6,7,8,9,11,12,13,14,15,16,17	190	283	1395	23|43|1|2|4|3|7|7|3|1|1|1
CT	Taegut	LTR	ERVL	TguLTRL2a4	NC_044214.2:18164761-18166159-	NC_045028.1:2793853-2795246-	47	99	0	110,115,163,175,176,287,293,335,337,341,342,455,470,474,487,505,506,56,60,67,96	110,115,163,175,176,286,292,334,336,340,341,453,468,472,485,503,504,56,60,67,96	3	2,3,4,5,6,7,8,9,10,16,17,18,19,20,21,24,25,26,27,28,29	229	449	1395	21|47|1|2|3|4|9|4|2|4|1|1
CT	Taegut	LTR	ERVL	TguLTRL2b1	NC_044213.2:97346787-97348200-	NC_045028.1:9107272-9108683-	52	112	0	114,115,128,130,132,140,157,162,164,166,167,168,169,172,173,174,178,214,217,259,260,262,263,297,308,309,310,311,312	115,116,129,131,133,141,158,164,166,168,169,170,171,174,175,176,180,216,219,260,261,263,264,298,306,307,308,309,310	3	6,7,8,9,10,11,12,13,14,15,16,17,18,19,20,21,22,23,24,27,28,29,30,31,32,33,34,35,36	157	196	1412	25|52|0|3|1|2|4|11|3|6|2|3
CT	Taegut	LTR	ERVL	TguLTRL2a4	NC_044214.2:21484674-21486072-	NC_045028.1:2793853-2795246-	46	107	0	110,115,175,176,294,336,338,342,343,455,470,474,487,505,506,543,56,60,67,80,96	110,115,175,176,292,334,336,340,341,453,468,472,485,503,504,541,56,60,67,80,96	3	1,2,3,4,5,6,7,8,9,15,16,17,18,19,23,24,25,26,27,28,29	260	486	1395	24|46|1|1|3|5|9|7|4|4|3|0
CT	Taegut	LTR	ERVL	TguLTRL2a4	NC_044214.2:25812578-25813979+	NC_045028.1:2793853-2795246-	43	101	0	109,114,174,175,234,256,277,286,292,334,336,340,341,348,55,59,66,95	110,115,175,176,233,255,276,286,292,334,336,340,341,348,56,60,67,96	2	1,2,3,4,5,6,7,8,10,11,12,13,14,15,16,17,18,19	237	293	1397	21|43|0|4|5|2|11|10|2|0|2|1
CT	Taegut	LTR	ERVL	TguLTRL2a4	NC_044214.2:26907208-26908606+	NC_045028.1:2793853-2795246-	43	91	0	108,113,161,173,174,194,284,290,332,334,338,339,54,58,65,94	110,115,163,175,176,196,286,292,334,336,340,341,56,60,67,96	2	1,2,3,4,5,6,7,8,9,10,15,16,17,18,19,20	197	286	1395	22|43|0|2|4|2|5|7|3|1|1|1
CT	Taegut	LTR	ERVL	TguLTRL2b1	NC_044213.2:123683634-123685043+	NC_045028.1:9107272-9108683-	51	104	0	128,130,132,134,142,159,164,166,168,169,170,171,174,175,176,180,260,261,263,264,298,306,307,308,309,310	127,129,131,133,141,158,164,166,168,169,170,171,174,175,176,180,260,261,263,264,298,306,307,308,309,310	4	6,7,8,9,10,11,12,13,14,15,16,17,18,19,20,21,26,27,28,29,30,31,32,33,34,35	107	184	1405	25|51|0|1|3|2|11|4|2|4|0|1
CT	Taegut	LTR	ERVL	TguLTRL2a4	NC_044214.2:41046634-41048022+	NC_045028.1:2793853-2795246-	43	106	0	108,113,173,174,285,298,333,335,339,340,452,467,471,484,502,503,54,58,65,94	110,115,175,176,286,299,334,336,340,341,453,468,472,485,503,504,56,60,67,96	3	1,2,3,4,5,6,7,8,14,15,16,17,18,19,22,23,24,25,26,27	229	449	1385	19|43|1|0|2|3|20|9|3|1|2|3
CT	Taegut	LTR	ERVL	TguLTRL2b1	NC_044214.2:3636096-3637508-	NC_044241.2:18358117-18359535+	38	105	0	1222,1239,1240,1241,1242,1243,1251,459,473,477,506,509	1225,1244,1245,1246,1247,1248,1256,460,474,478,507,510	2	18,19,20,21,22,31,32,33,34,35,36,37	83	797	1413	32|38|2|2|0|0|18|6|2|2|3|0
CT	Taegut	LTR	ERVL	TguLTRL2b3	NC_044241.2:44059694-44060698+	NC_045028.1:17325364-17326551+	39	108	0	25,31,410,411,446,45,477,479,50,72,75	214,220,234,239,261,264,598,599,633,665,667	2	2,3,4,5,6,7,26,27,28,29,30	121	454	1001	41|39|2|4|1|2|4|8|2|0|3|2
CT	Taegut	LTR	ERVL	TguLTRL2a4	NC_044214.2:65686073-65687477-	NC_045028.1:2793853-2795246-	44	97	0	111,116,236,258,272,273,279,289,295,337,339,343,344,57,61,68,97	110,115,233,255,269,270,276,286,292,334,336,340,341,56,60,67,96	3	1,2,3,4,5,6,10,11,12,13,14,15,16,17,18,19,20	170	286	1398	21|44|2|3|4|3|8|4|3|1|2|2
CT	Taegut	LTR	ERVL	TguLTRL2b1	NC_044214.2:17131987-17133418+	NC_045028.1:9107272-9108683-	56	101	0	115,116,117,127,129,131,133,141,142,158,163,165,167,168,169,170,171,259,260,262,263,297,305,306,307,308,309,326	115,116,117,127,129,131,133,141,142,158,164,166,168,169,170,171,172,260,261,263,264,298,306,307,308,309,310,327	3	7,8,9,10,11,12,13,14,15,16,17,18,19,20,21,22,23,30,31,32,33,34,35,36,37,38,39,40	127	213	1421	25|56|0|2|3|1|5|4|1|2|1|1
CT	Taegut	LTR	ERVL	TguLTRL2b1	NC_044214.2:18964552-18965960+	NC_045028.1:9107272-9108683-	49	106	0	128,130,132,134,142,159,163,165,167,168,169,170,173,174,175,179,215,218,259,260,262,263,297,305,306,307,308,309,326	127,129,131,133,141,158,164,166,168,169,170,171,174,175,176,180,216,219,260,261,263,264,298,306,307,308,309,310,327	4	7,8,9,10,11,12,13,14,15,16,17,18,19,20,21,22,23,24,27,28,29,30,31,32,33,34,35,36,37	163	201	1404	27|49|2|1|2|1|9|6|2|5|1|1
CT	Taegut	LTR	ERVL	TguLTRL2a4	NC_044214.2:92251516-92252911-	NC_045028.1:2793853-2795246-	43	110	0	110,115,163,175,176,196,257,272,278,288,294,327,336,338,340,96	110,115,163,175,176,196,255,270,276,286,292,326,336,338,340,96	2	3,4,5,6,7,8,9,11,12,13,14,15,16,17,18,19	187	245	1394	13|43|2|0|3|3|27|8|2|3|2|4
CT	Taegut	LTR	ERVL	TguLTRL2b1	NC_044214.2:44725814-44726560+	NC_044225.2:156773-158196-	17	51	0	572,573,574,575,576,578,579,580,581,582,583,584,660,662	1244,1245,1246,1247,1248,1250,1251,1252,1253,1254,1255,1256,1337,1339	1	4,5,6,7,8,9,10,11,12,13,14,15,16,17	96	96	749	7|17|0|2|0|0|19|3|1|0|1|1
CT	Taegut	LTR	ERVL	TguLTRL2b1	NC_044214.2:49478046-49479450+	NC_044241.2:26182176-26183582+	35	86	0	117,127,131,133,141,145,296,299,303,304,305,321	117,127,131,133,142,146,296,299,303,304,305,321	2	6,7,8,9,10,11,17,18,19,20,21,22	56	205	1405	29|35|2|2|1|1|7|6|1|1|0|1
CT	Taegut	LTR	ERVL	TguLTRL2a4	NC_044215.2:23921614-23923010-	NC_045028.1:2793853-2795246-	45	93	0	108,275,284,290,332,334,338,339,54,58,65,94	110,276,286,292,334,336,340,341,56,60,67,96	2	1,2,3,4,5,13,14,15,16,17,18,19	121	286	1394	24|45|2|0|1|2|7|5|2|1|2|2
CT	Taegut	LTR	ERVL	TguLTRL2b1	NC_044214.2:66570912-66572318+	NC_044241.2:18358117-18359535+	34	91	0	1227,1228,1229,1230,1239,216,231,261,267,301,398,408,409,473,477,506,509	1245,1246,1247,1248,1256,216,231,262,268,302,399,409,410,474,478,507,510	3	4,5,6,7,8,15,16,17,18,19,20,21,29,30,31,32,33	211	1041	1412	27|34|2|3|0|1|13|7|1|2|1|0
CT	Taegut	LTR	ERVL	TguLTRL2a4	NC_044215.2:40708586-40709977-	NC_045028.1:2793853-2795246-	52	133	0	108,113,161,173,233,255,270,276,286,292,334,336,340,341,453,460,468,503,504,54,58,65,94,97	110,115,163,175,233,255,270,276,286,292,334,336,340,341,453,460,468,503,504,56,60,67,96,99	3	1,2,3,4,5,6,7,8,9,11,12,13,14,15,16,17,18,19,20,25,26,27,28,29	281	449	1392	12|52|0|1|1|3|42|9|2|3|4|4
CT	Taegut	LTR	ERVL	TguLTRL2b1	NC_044214.2:75604264-75605688-	NC_044241.2:18358117-18359535+	33	99	0	1245,1246,1247,1248,1256,460,474,478,507,510	1245,1246,1247,1248,1256,460,474,478,507,510	2	17,18,19,20,21,28,29,30,31,32	63	797	1421	33|33|2|3|0|0|14|9|0|1|4|0
CT	Taegut	LTR	ERVL	TguLTRL2b1	NC_044214.2:77222025-77223433-	NC_045028.1:9107272-9108683-	54	98	0	115,116,117,127,129,131,139,140,156,161,163,165,166,167,168,171,172,173,256,257,259,260,293,301,302,303,304,305	115,116,117,127,131,133,141,142,158,164,166,168,169,170,171,174,175,176,260,261,263,264,298,306,307,308,309,310	3	7,8,9,10,11,12,13,14,15,16,17,18,19,20,21,22,23,24,29,30,31,32,33,34,35,36,37,38	114	196	1409	21|54|0|5|1|1|6|6|1|1|2|0
CT	Taegut	LTR	ERVL	TguLTRL2b1	NC_044214.2:79204733-79206189-	NC_045028.1:9107272-9108683-	51	117	0	129,131,133,141,142,158,163,165,167,168,169,170,173,174,175,257,258,260,261,294,303,304,305,306,307,324	129,131,133,141,142,158,164,166,168,169,170,171,174,175,176,260,261,263,264,298,306,307,308,309,310,327	3	10,11,12,13,14,15,16,17,18,19,20,21,22,23,24,29,30,31,32,33,34,35,36,37,38,39	117	199	1433	25|51|1|5|1|3|9|14|4|3|1|0
CT	Taegut	LTR	ERVL	TguLTRL2a4	NC_044217.2:943477-944871+	NC_045028.1:2793853-2795246-	46	99	0	108,113,292,334,336,340,341,485,503,504,54,541,58,622,65,94	110,115,292,334,336,340,341,485,503,504,541,56,60,617,67,96	3	1,2,3,4,5,6,15,16,17,18,19,26,27,28,29,30	243	562	1393	24|46|1|0|3|3|7|6|3|3|1|2
CT	Taegut	LTR	ERVL	TguLTRL2b1	NC_044214.2:79228338-79229777-	NC_045028.1:9107272-9108683-	53	116	0	129,131,133,141,142,158,163,165,167,168,169,170,173,174,175,305,306,307,308,309	129,131,133,141,142,158,164,166,168,169,170,171,174,175,176,306,307,308,309,310	3	10,11,12,13,14,15,16,17,18,19,20,21,22,23,24,33,34,35,36,37	54	182	1425	32|53|1|5|1|2|9|7|3|2|1|0
CT	Taegut	LTR	ERVL	TguLTRL2b1	NC_044214.2:79228338-79229777-	NC_044222.2:274953-276362+	56	128	0	117,674,679,680,682,683,79,82,84,849,850,879,91,910,913,929,944,961,964,965	118,642,647,648,650,651,80,814,815,83,843,85,874,877,893,908,92,925,928,929	3	3,4,5,6,7,26,27,28,29,30,36,37,38,39,40,41,42,43,44,45	165	850	1424	36|56|4|4|3|2|10|7|3|0|2|1
CT	Taegut	LTR	ERVL	TguLTRL2b1	NC_044214.2:79228338-79229777-	NC_044241.2:61710726-61712029+	28	72	0	840,841,842,848,849,879,911,915,929,945	699,700,701,707,708,737,769,773,787,805	1	12,13,14,15,16,17,18,19,20,21	107	107	1098	19|28|1|3|1|1|4|7|3|2|1|2
CT	Taegut	LTR	ERVL	TguLTRL2a4	NC_044217.2:32987005-32988408-	NC_045028.1:2793853-2795246-	40	99	0	288,294,339,341,342,454,469,490,508,509,546	286,292,338,340,341,453,468,485,503,504,541	2	13,14,15,16,17,21,22,23,24,25,26	145	256	1398	23|40|1|2|3|2|11|9|5|1|1|1
CT	Taegut	LTR	ERVL	TguLTRL2b1	NC_044215.2:18296709-18298117+	NC_045028.1:9107272-9108683-	59	104	0	115,116,117,127,129,131,133,141,142,158,163,165,167,168,169,170,173,174,175,179,215,218,297,305,306,307,308,309,326,362	115,116,117,127,129,131,133,141,142,158,164,166,168,169,170,171,174,175,176,180,216,219,298,306,307,308,309,310,327,363	2	6,7,8,9,10,11,12,13,14,15,16,17,18,19,20,21,22,23,24,25,26,27,34,35,36,37,38,39,40,41	171	249	1404	26|59|0|1|1|1|7|2|1|3|1|2
CT	Taegut	LTR	ERVL	TguLTRL2a4	NC_044218.2:23118027-23119413+	NC_045028.1:2793853-2795246-	46	102	0	269,275,284,290,297,324,332,334,338,339	270,276,286,292,299,326,334,336,340,341	2	12,13,14,15,16,17,18,19,20,21	73	72	1389	23|46|0|0|3|2|15|4|2|2|3|2
CT	Taegut	LTR	ERVL	TguLTRL2b1	NC_044215.2:29765695-29767110+	NC_044241.2:18358117-18359535+	36	98	0	457,471,475,504,507,586,624,630,659,686	460,474,478,507,510,591,630,636,664,691	2	20,21,22,23,24,25,26,27,28,29	233	232	1416	34|36|2|4|0|0|12|7|0|1|2|0
CT	Taegut	LTR	ERVL	TguLTRL2b1	NC_044215.2:40664841-40666253+	NC_044241.2:15827817-15829230+	24	70	0	1164,1230,1234,1237,1240,1241,1242,1243,1244,1245,1246,1247,1248,1249	1162,1228,1232,1237,1241,1242,1243,1244,1245,1246,1247,1248,1249,1250	1	10,11,12,13,14,15,16,17,18,19,20,21,22,23	89	89	1412	10|24|0|5|1|1|16|8|1|3|0|1
CT	Taegut	LTR	ERVL	TguLTRL2b1	NC_044215.2:40664841-40666253+	NC_044241.2:25150105-25151525-	25	75	0	1164,1240,1241,1242,1243,1244,1245,1246,1247,1248	1166,1242,1243,1244,1245,1246,1247,1248,1249,1250	1	15,16,17,18,19,20,21,22,23,24	85	85	1416	14|25|5|6|5|1|4|8|1|2|1|3
CT	Taegut	LTR	ERVL	TguLTRL2b1	NC_044215.2:40664841-40666253+	NC_044241.2:27450939-27452355-	29	82	0	1164,1240,1241,1242,1243,1244,1245,1246,1247,1248,1249,1250,1251,851,936,958,984,998	1166,1243,1244,1245,1246,1247,1248,1249,1250,1251,1252,1253,1254,850,937,959,985,999	2	9,10,11,12,13,14,15,16,17,18,19,20,21,22,23,24,25,26	406	405	1414	13|29|3|6|2|0|14|10|3|1|0|1
CT	Taegut	LTR	ERVL	TguLTRL2a4	NC_044221.2:4422485-4423079+	NC_045028.1:2793853-2795246-	31	50	0	111,235,257,272,287,293,300,327,335,337,341,342,349,57,61,68,97	110,233,255,270,286,292,299,326,334,336,340,341,348,56,60,67,96	2	1,2,3,4,5,11,12,13,14,15,16,17,18,19,20,21,22	171	293	594	3|31|0|0|1|1|10|2|2|0|0|0
CT	Taegut	LTR	ERVL	TguLTRL2b1	NC_044215.2:54864435-54865842-	NC_045028.1:11968769-11970178+	75	197	0	298,300,305,307,318,367,370,399,408,411,412,415,638,643,648,649,651,868,880,882,883,885,898,915,922,935	287,289,294,296,308,358,361,390,399,402,403,406,631,636,641,642,644,861,872,874,875,877,890,911,919,932	4	14,15,16,17,18,19,20,21,22,23,24,25,34,35,36,37,38,56,57,58,59,60,61,62,63,64	207	646	1408	17|75|1|0|1|0|80|15|0|2|0|6
CT	Taegut	LTR	ERVL	TguLTRL2b1	NC_044216.2:2678774-2680181-	NC_044216.2:2680397-2681805-	15	17	0	215,230,299,306,308,317,319,469,506,509,570,643,760,844	215,230,299,306,308,317,319,469,506,509,570,643,760,844	1	2,3,4,5,6,7,8,9,10,11,12,13,14,15	630	630	1407	0|15|0|0|0|0|2|0|0|0|0|0
CT	Taegut	LTR	ERVL	TguLTRL2a4	NC_044232.2:120487-121875-	NC_045028.1:2793853-2795246-	47	91	0	108,113,161,173,174,194,270,276,285,291,298,325,333,335,339,340,54,58,65,94	110,115,163,175,176,196,270,276,286,292,299,326,334,336,340,341,56,60,67,96	2	1,2,3,4,5,6,7,8,9,10,13,14,15,16,17,18,19,20,21,22	213	286	1390	18|47|1|2|3|2|9|3|2|0|3|1
CT	Taegut	LTR	ERVL	TguLTRL2b1	NC_044216.2:2680397-2681805-	NC_045028.1:9107272-9108683-	54	139	0	115,116,117,1238,1239,1240,1241,1242,1243,1244,1245,127,129,131,133,141,142,158,163,165,167,168,169,170,173,174,175,179,218,260,261,263,264,297	115,116,117,1238,1239,1240,1241,1242,1243,1244,1245,127,129,131,133,141,142,158,164,166,168,169,170,171,174,175,176,180,219,260,261,263,264,298	4	6,7,8,9,10,11,12,13,14,15,16,17,18,19,20,21,22,23,24,25,26,28,29,30,31,32,46,47,48,49,50,51,52,53	153	1131	1409	16|54|0|3|3|2|42|11|2|3|1|2
CT	Taegut	LTR	ERVL	TguLTRL2b1	NC_044217.2:9797069-9798446+	NC_044241.2:26182176-26183582+	33	99	0	297,300,304,305,321,345,354,362,365,422,425,426,428	296,299,303,304,321,348,357,365,368,443,446,447,449	2	16,17,18,19,20,21,22,23,24,25,26,27,28	155	154	1391	28|33|3|6|1|2|9|10|2|1|1|3
CT	Taegut	LTR	ERVL	TguLTRL2b1	NC_044218.2:463982-465399-	NC_044241.2:27450939-27452355-	26	75	0	1243,1244,1245,1246,1247,1248,1249,1250,1251,1252,1253,1254,218,224,251,263,300	1244,1245,1246,1247,1248,1249,1250,1251,1252,1253,1254,1255,218,224,251,264,300	2	3,4,5,6,7,13,14,15,16,17,18,19,20,21,22,23,24	95	1038	1416	11|26|1|4|2|0|11|10|3|4|1|2
CT	Taegut	LTR	ERVL	TguLTRL2b1	NC_044219.2:5763531-5764942-	NC_045028.1:9107272-9108683-	56	111	0	115,116,117,127,129,131,133,141,158,162,164,166,167,168,169,172,173,174,178,214,217,258,259,261,262,296,305,306,307,308,309,326,82,84	115,116,117,127,129,131,133,141,158,164,166,168,169,170,171,174,175,176,180,216,219,260,261,263,264,298,306,307,308,309,310,327,82,84	4	4,5,6,7,8,9,10,11,12,13,14,15,16,17,18,19,20,21,22,23,24,25,26,29,30,31,32,33,34,35,36,37,38,39	208	246	1406	27|56|0|2|1|1|11|7|2|3|1|0
CT	Taegut	LTR	ERVL	TguLTRL2a4	NC_044241.2:4957820-4959210-	NC_045028.1:2793853-2795246-	47	100	0	105,110,293,320,322,323,328,330,334,335,342,55,62,91	110,115,299,326,328,329,334,336,340,341,348,60,67,96	2	1,2,3,4,5,13,14,15,16,17,18,19,20,21	106	289	1391	22|47|0|3|3|2|10|3|5|2|2|1
CT	Taegut	LTR	ERVL	TguLTRL2b1	NC_044220.2:16472675-16474091-	NC_045028.1:10012155-10013586+	22	63	0	1231,1234,1237,1238,1239,1240,1241,1242,1243,1247,1249,1300	1254,1257,1260,1261,1262,1263,1264,1265,1266,1270,1272,1315	1	8,9,10,11,12,13,14,15,16,17,18,19	62	62	1423	7|22|5|3|2|2|9|10|2|1|0|0
CT	Taegut	LTR	ERVL	TguLTRL2b1	NC_044220.2:16472675-16474091-	NC_044241.2:18358117-18359535+	36	90	0	1237,1238,1239,1240,1248,1250,1299,411,412,462,476,480,509,512	1245,1246,1247,1248,1256,1258,1301,409,410,460,474,478,507,510	2	17,18,19,20,21,22,23,29,30,31,32,33,34,35	159	893	1417	31|36|2|4|0|1|10|3|2|0|1|0
CT	Taegut	LTR	ERVL	TguLTRL2b1	NC_044220.2:24959116-24960529+	NC_045028.1:9107272-9108683-	55	131	0	141,142,158,163,165,167,168,169,170,173,174,175,229,230,261,262,264,265	141,142,158,164,166,168,169,170,171,174,175,176,230,231,260,261,263,264	2	14,15,16,17,18,19,20,21,22,23,24,25,28,29,30,31,32,33	71	124	1412	25|55|2|3|3|2|29|5|2|3|0|2
CT	Taegut	LTR	ERVL	TguLTRL2a4	NC_044241.2:7362751-7364140+	NC_045028.1:2793853-2795246-	46	121	0	232,254,269,275,285,291,333,335,339,340	233,255,270,276,286,292,334,336,340,341	1	9,10,11,12,13,14,15,16,17,18	109	109	1391	11|46|0|2|3|3|37|8|3|4|3|1
CT	Taegut	LTR	ERVL	TguLTRL2b1	NC_044225.2:156773-158196-	NC_045028.1:9107272-9108683-	49	95	0	142,143,159,163,165,167,168,169,170,173,174,179,260,261,263,264,298,306,307,308,309,310,327	141,142,158,164,166,168,169,170,171,174,175,180,260,261,263,264,298,306,307,308,309,310,327	3	12,13,14,15,16,17,18,19,20,21,22,23,28,29,30,31,32,33,34,35,36,37,38	109	187	1417	20|49|0|2|3|1|10|5|1|3|1|0
CT	Taegut	LTR	ERVL	TguLTRL2a4	NC_044241.2:24081312-24082719+	NC_045028.1:2793853-2795246-	45	97	0	110,115,293,300,335,337,341,342,458,473,477,490,508,509,546,56,60,67,96	110,115,292,299,334,336,340,341,453,468,472,485,503,504,541,56,60,67,96	3	1,2,3,4,5,6,16,17,18,19,20,21,24,25,26,27,28,29,30	199	486	1400	23|45|2|1|2|4|3|9|3|2|2|1
CT	Taegut	LTR	ERVL	TguLTRL2b1	NC_044232.2:662937-664323-	NC_045028.1:9107272-9108683-	48	118	0	115,116,117,127,129,131,133,141,142,158,163,165,167,295,296,297,298,299	115,116,117,127,129,131,133,141,142,158,171,174,176,306,307,308,309,310	3	5,6,7,8,9,10,11,12,13,14,15,16,17,26,27,28,29,30	68	196	1398	29|48|2|3|3|4|6|7|6|6|2|2
CT	Taegut	LTR	ERVL	TguLTRL2a4	NC_044241.2:25815357-25816757-	NC_045028.1:2793853-2795246-	44	99	0	110,115,235,257,272,278,288,294,328,340,342,56,60,67,96	110,115,233,255,270,276,286,292,326,336,338,56,60,67,96	2	1,2,3,4,5,6,11,12,13,14,15,16,17,18,19	166	283	1396	24|44|1|3|3|3|7|6|3|0|2|3
CT	Taegut	LTR	ERVL	TguLTRL2a4	NC_044241.2:26326579-26327965-	NC_045028.1:2793853-2795246-	45	97	0	108,113,161,173,174,194,254,269,275,285,291,54,58,65,94	110,115,163,175,176,196,255,270,276,286,292,56,60,67,96	2	1,2,3,4,5,6,7,8,9,10,12,13,14,15,16	179	237	1389	22|45|1|0|2|2|7|9|2|4|1|2
CT	Taegut	LTR	ERVL	TguLTRL2a4	NC_044241.2:27318860-27320259-	NC_045028.1:2793853-2795246-	45	103	0	106,111,159,171,172,331,333,337,338,345,465,469,482,500,501,92	110,115,163,175,176,334,336,340,341,348,468,472,485,503,504,96	3	4,5,6,7,8,9,17,18,19,20,21,26,27,28,29,30	133	409	1396	19|45|2|3|4|3|15|6|3|1|1|1
CT	Taegut	LTR	ERVL	TguLTRL2a4	NC_044241.2:28604568-28605965-	NC_045028.1:2793853-2795246-	51	141	0	232,254,269,275,285,291,333,335,339,340,347,468,472,485,503,504	233,255,270,276,286,292,334,336,340,341,348,468,472,485,503,504	2	10,11,12,13,14,15,16,17,18,19,20,25,26,27,28,29	153	272	1395	20|51|2|6|2|6|35|6|3|4|2|4
CT	Taegut	LTR	ERVL	TguLTRL2b1	NC_044241.2:2731113-2732515-	NC_045028.1:9107272-9108683-	51	103	0	115,116,117,127,129,131,133,141,142,158,163,165,167,168,169,170,173,174,175,179,215,218,306,307,308,309,310	115,116,117,127,129,131,133,141,142,158,164,166,168,169,170,171,174,175,176,180,216,219,306,307,308,309,310	2	7,8,9,10,11,12,13,14,15,16,17,18,19,20,21,22,23,24,25,26,27,28,36,37,38,39,40	110	196	1406	20|51|0|2|1|4|10|7|2|5|0|1
CT	Taegut	LTR	ERVL	TguLTRL2a4	NC_044241.2:29650177-29651587+	NC_045028.1:2793853-2795246-	46	104	0	109,114,162,174,175,256,271,277,287,293,454,469,486,504,505,59,66,95	110,115,163,175,176,255,270,276,286,292,453,468,485,503,504,60,67,96	3	2,3,4,5,6,7,8,9,12,13,14,15,16,23,24,25,26,27	207	445	1401	21|46|3|2|4|3|13|7|2|1|1|1
CT	Taegut	LTR	ERVL	TguLTRL2b1	NC_044241.2:8063174-8064544+	NC_044241.2:18358117-18359535+	35	91	0	1188,1198,1199,1200,1208,361,371,372,436,440,469,472	1236,1246,1247,1248,1256,399,409,410,474,478,507,510	2	15,16,17,18,19,20,21,29,30,31,32,33	133	858	1380	35|35|2|1|1|0|10|3|2|0|2|0
CT	Taegut	LTR	ERVL	TguLTRL2b1	NC_044241.2:8737207-8738617+	NC_045028.1:9107272-9108683-	50	133	0	126,128,130,132,140,141,157,162,164,166,168,169,172,173,174,304,305,306,307,308,325	127,129,131,133,141,142,158,164,166,168,170,171,174,175,176,306,307,308,309,310,327	2	9,10,11,12,13,14,15,16,17,18,19,20,21,22,23,33,34,35,36,37,38	72	201	1407	16|50|1|3|3|1|49|3|2|2|0|3
CT	Taegut	LTR	ERVL	TguLTRL2a4	NC_044241.2:36336308-36337703+	NC_045028.1:2793853-2795246-	44	102	0	108,113,161,173,174,194,455,470,474,476,505,506,94,97	110,115,163,175,176,196,453,468,472,474,503,504,96,99	2	4,5,6,7,8,9,10,11,24,25,26,27,28,29	153	409	1394	23|44|1|2|4|2|11|8|2|1|4|0
CT	Taegut	LTR	ERVL	TguLTRL2a4	NC_044241.2:36385501-36386890-	NC_045028.1:2793853-2795246-	47	127	0	106,111,159,231,253,268,274,284,290,324,332,334,338,339,52,56,63,92	110,115,163,233,255,270,276,286,292,326,334,336,340,341,56,60,67,96	2	2,3,4,5,6,7,8,12,13,14,15,16,17,18,19,20,21,22	217	286	1391	19|47|3|1|1|4|23|12|4|4|4|5
CT	Taegut	LTR	ERVL	TguLTRL2b1	NC_044241.2:12178026-12179429+	NC_044241.2:18358117-18359535+	33	97	0	179,215,230,260,266,299,308,394,404,405,469,473,502,505,510	180,216,231,262,268,302,311,399,409,410,474,478,507,510,515	2	4,5,6,7,8,9,10,15,16,17,18,19,20,21,22	249	336	1410	31|33|2|1|0|1|12|8|4|2|3|0
CT	Taegut	LTR	ERVL	TguLTRL2a4	NC_044241.2:37392546-37393926-	NC_045028.1:2793853-2795246-	51	110	0	107,112,160,172,173,193,232,254,269,275,285,291,298,325,333,335,339,340	110,115,163,175,176,196,233,255,270,276,286,292,299,326,334,336,340,341	2	5,6,7,8,9,10,11,12,13,14,15,16,17,18,19,20,21,22	233	232	1386	23|51|1|3|4|2|7|8|4|3|2|2
CT	Taegut	LTR	ERVL	TguLTRL2a4	NC_044241.2:44065819-44067216+	NC_045028.1:2793853-2795246-	46	102	0	108,113,269,275,285,291,325,333,335,339,340,54,58,65,94	110,115,270,276,286,292,326,334,336,340,341,56,60,67,96	2	1,2,3,4,5,6,14,15,16,17,18,19,20,21,22	132	286	1395	23|46|1|4|2|4|12|5|2|0|2|1
CT	Taegut	LTR	ERVL	TguLTRL2a4	NC_044241.2:44156948-44158344+	NC_045028.1:2793853-2795246-	40	93	0	108,113,161,173,174,446,461,465,478,496,497,54,58,65,94	110,115,163,175,176,453,468,472,485,503,504,56,60,67,96	2	1,2,3,4,5,6,7,8,9,19,20,21,22,23,24	173	449	1394	20|40|0|3|3|5|10|4|3|3|2|0
CT	Taegut	LTR	ERVL	TguLTRL2a4	NC_044241.2:47110874-47112267-	NC_045028.1:2793853-2795246-	46	112	0	259,274,280,290,296,340,345,456,471,475,488,506,507	255,270,276,286,292,336,341,453,468,472,485,503,504	2	12,13,14,15,16,17,18,21,22,23,24,25,26	139	250	1393	24|46|0|6|2|2|9|12|5|3|2|1
CT	Taegut	LTR	ERVL	TguLTRL2a4	NC_044241.2:48779889-48781282-	NC_045028.1:2793853-2795246-	50	100	0	108,113,297,324,332,334,338,339,466,470,483,501,502,539,54,58,603,65,94	110,115,299,326,334,336,340,341,468,472,485,503,504,541,56,60,605,67,96	3	1,2,3,4,5,6,17,18,19,20,21,22,26,27,28,29,30,31,32	241	550	1393	23|50|1|4|2|2|5|9|3|0|1|0
CT	Taegut	LTR	ERVL	TguLTRL2b1	NC_044241.2:15827817-15829230+	NC_045028.1:9107272-9108683-	53	118	0	115,116,117,127,129,131,133,158,163,165,167,168,169,170,173,174,259,260,262,263,297,305,306,307,308,309	115,116,117,127,129,131,133,158,164,166,168,169,170,171,174,175,260,261,263,264,298,306,307,308,309,310	4	6,7,8,9,10,11,12,15,16,17,18,19,20,21,22,23,27,28,29,30,31,32,33,34,35,36	89	196	1407	34|53|1|5|1|1|9|9|0|5|0|0
CT	Taegut	LTR	ERVL	TguLTRL2a4	NC_044241.2:53116868-53118258-	NC_045028.1:2793853-2795246-	50	115	0	108,113,161,173,174,194,253,268,274,28,284,290,297,332,334,338,339,54,58,65,94	110,115,163,175,176,196,255,270,276,286,29,292,299,334,336,340,341,56,60,67,96	2	1,2,3,4,5,6,7,8,9,10,11,13,14,15,16,17,18,19,20,21,22	255	313	1391	25|50|1|6|2|3|6|9|3|5|2|3
CT	Taegut	LTR	ERVL	TguLTRL2a4	NC_044241.2:55462756-55464152-	NC_045028.1:2793853-2795246-	46	97	0	109,114,162,173,174,195,255,270,276,286,292,299,334,336,338,340,341,343,55,59,66,95	110,115,163,174,175,196,255,270,276,286,292,299,334,336,338,340,341,343,56,60,67,96	3	1,2,3,4,5,6,7,8,9,10,12,13,14,15,16,17,18,19,20,21,22,23	231	288	1392	22|46|1|2|2|4|5|8|2|3|2|0
CT	Taegut	LTR	ERVL	TguLTRL2b1	NC_044241.2:18358117-18359535+	NC_045028.1:9107272-9108683-	44	123	0	159,164,166,168,169,170,171,174,175,176,219	158,164,166,168,169,170,171,174,175,176,219	1	12,13,14,15,16,17,18,19,20,21,22	62	62	1414	24|44|0|2|3|2|28|16|2|2|0|0
CT	Taegut	LTR	ERVL	TguLTRL2a4	NC_044241.2:56682448-56683835-	NC_045028.1:2793853-2795246-	47	101	0	110,115,163,175,176,196,234,256,271,287,293,300,451,466,470,483,501,502,539,56,60,67,96	110,115,163,175,176,196,233,255,270,286,292,299,453,468,472,485,503,504,541,56,60,67,96	4	1,2,3,4,5,6,7,8,9,10,11,12,13,14,15,16,24,25,26,27,28,29,30	335	486	1389	21|47|0|2|2|3|6|11|5|2|1|1
CT	Taegut	LTR	ERVL	TguLTRL2a4	NC_044241.2:57308566-57309953-	NC_045028.1:2793853-2795246-	48	101	0	109,114,161,172,173,174,254,269,275,285,291,298,446,461,478,496,497,534,55,59,66,95	110,115,163,174,175,176,255,270,276,286,292,299,453,468,485,503,504,541,56,60,67,96	3	1,2,3,4,5,6,7,8,9,10,13,14,15,16,17,18,26,27,28,29,30,31	255	486	1390	24|48|1|1|2|3|6|8|3|3|1|1
CT	Taegut	LTR	ERVL	TguLTRL2b1	NC_044241.2:19591542-19592955-	NC_045028.1:9107272-9108683-	53	146	0	115,116,117,127,129,131,133,158,163,165,167,168,169,170,173,174,175,179,258,259,261,262,295	115,116,117,127,129,131,133,158,164,166,168,169,170,171,174,175,176,180,260,261,263,264,298	3	7,8,9,10,11,12,13,16,17,18,19,20,21,22,23,24,25,26,30,31,32,33,34	81	184	1412	14|53|0|3|2|4|56|5|1|5|2|1
CT	Taegut	LTR	ERVL	TguLTRL2a4	NC_044241.2:63705438-63706820+	NC_045028.1:2793853-2795246-	53	106	0	269,275,285,291,298,325,333,335,339,340,347,467,471,484,502,503	270,276,286,292,299,326,334,336,340,341,348,468,472,485,503,504	2	14,15,16,17,18,19,20,21,22,23,24,29,30,31,32,33	116	235	1387	21|53|0|4|4|2|2|10|3|4|2|1
CT	Taegut	LTR	ERVL	TguLTRL2a4	NC_044241.2:64700450-64701836-	NC_045028.1:2793853-2795246-	48	93	0	107,112,160,172,173,193,232,254,269,275,285,291,325,333,335,339,340,468,472,485,503,504,541,93,96	110,115,163,175,176,196,233,255,270,276,286,292,326,334,336,340,341,468,472,485,503,504,541,96,99	3	4,5,6,7,8,9,10,11,12,13,14,15,16,17,18,19,20,21,22,26,27,28,29,30,31	321	446	1389	14|48|2|3|2|3|11|5|2|0|2|1
CT	Taegut	LTR	ERVL	TguLTRL2a4	NC_044241.2:65187189-65188557-	NC_045028.1:2793853-2795246-	46	90	0	106,111,230,252,267,273,283,289,331,333,337,338,382,443,458,462,475,493,52,531,56,63,92	110,115,233,255,270,276,286,292,334,336,340,341,392,453,468,472,485,503,541,56,60,67,96	3	1,2,3,4,5,6,11,12,13,14,15,16,17,18,19,20,21,24,25,26,27,28,29	309	486	1380	21|46|0|0|4|2|5|5|2|4|1|0
CT	Taegut	LTR	ERVL	TguLTRL2b1	NC_044241.2:25150105-25151525-	NC_045028.1:9107272-9108683-	49	115	0	117,118,119,129,131,133,135,143,160,165,167,169,170,171,172,175,176,177,181,261,263,264,297,305,306,307,308,309	115,116,117,127,129,131,133,141,158,164,166,168,169,170,171,174,175,176,180,261,263,264,298,306,307,308,309,310	2	4,5,6,7,8,9,10,11,12,13,14,15,16,17,18,19,20,21,22,27,28,29,30,31,32,33,34,35	116	196	1410	24|49|0|2|3|2|12|8|4|6|3|2
CT	Taegut	LTR	ERVL	TguLTRL2a4	NC_045028.1:563503-564905+	NC_045028.1:2793853-2795246-	45	114	0	110,115,163,175,176,182,287,293,335,337,341,342,96	110,115,163,175,176,182,286,292,334,336,340,341,96	2	4,5,6,7,8,9,10,15,16,17,18,19,20	143	246	1397	23|45|1|5|5|4|17|8|3|0|2|1
CT	Taegut	LTR	ERVL	TguLTRL2b1	NC_044241.2:27450939-27452355-	NC_045028.1:9107272-9108683-	51	118	0	127,129,131,133,141,142,158,163,165,167,168,169,170,173,174,175,306,307,308,309,310	127,129,131,133,141,142,158,164,166,168,169,170,171,174,175,176,306,307,308,309,310	3	8,9,10,11,12,13,14,15,16,17,18,19,20,21,22,23,31,32,33,34,35	56	184	1413	28|51|0|4|2|2|10|12|2|5|0|2
CT	Taegut	LTR	ERVL	TguLTRL2a4	NC_045028.1:2574121-2575516-	NC_045028.1:2793853-2795246-	39	94	0	109,162,174,175,233,255,270,276,285,291,333,335,339,340,55,59,66,95	110,163,175,176,233,255,270,276,286,292,334,336,340,341,56,60,67,96	2	1,2,3,4,5,6,7,8,9,10,11,12,13,14,15,16,17,18	287	286	1394	21|39|0|3|3|4|12|4|2|1|2|3
CT	Taegut	LTR	ERVL	TguLTRL2a4	NC_045028.1:2730918-2732312+	NC_045028.1:2793853-2795246-	45	98	0	107,112,160,172,173,290,332,334,338,339,57,64,93	110,115,163,175,176,292,334,336,340,341,60,67,96	2	2,3,4,5,6,7,8,9,16,17,18,19,20	167	282	1393	24|45|0|1|1|2|10|6|3|4|2|0
CT	Taegut	LTR	ERVL	TguLTRL2b1	NC_044241.2:33085220-33086632-	NC_045028.1:9107272-9108683-	46	138	0	162,164,166,167,168,169,172,173,295,305,306,307,308	164,166,168,169,170,171,174,175,298,307,308,309,310	2	10,11,12,13,14,15,16,17,26,27,28,29,30	25	147	1406	26|46|0|3|2|2|36|16|3|3|0|1
CT	Taegut	LTR	ERVL	TguLTRL2b1	NC_044241.2:33582516-33583928-	NC_045028.1:9107272-9108683-	52	101	0	115,116,117,127,129,131,139,140,156,161,163,165,166,167,168,171,172,173,177,213,216,227,228,258,259,261,262,295,305,306,307,308,309,326	115,116,117,127,131,133,141,142,158,164,166,168,169,170,171,174,175,176,180,216,219,230,231,260,261,263,264,298,306,307,308,309,310,327	3	7,8,9,10,11,12,13,14,15,16,17,18,19,20,21,22,23,24,25,26,27,28,29,30,31,32,33,34,35,36,37,38,39,40	215	213	1411	24|52|0|2|1|3|10|4|1|4|0|0
CT	Taegut	LTR	ERVL	TguLTRL2b1	NC_044241.2:45443539-45444962+	NC_045028.1:9107272-9108683-	58	108	0	115,116,117,1243,1244,1245,1246,1247,1252,129,131,141,142,158,163,165,167,168,169,170,173,174,175,179,260,261,263,264,298,306,307,308,309,326	115,116,117,1242,1243,1244,1245,1246,1251,129,131,141,142,158,164,166,168,169,170,171,174,175,176,180,260,261,263,264,298,307,308,309,310,327	5	7,8,9,10,11,12,13,14,15,16,17,18,19,20,21,22,23,24,29,30,31,32,33,34,35,36,37,38,52,53,54,55,56,57	146	1137	1417	29|58|0|4|2|3|4|3|2|3|0|0
CT	Taegut	LTR	ERVL	TguLTRL2b1	NC_044241.2:50905055-50906473-	NC_045028.1:9107272-9108683-	60	104	0	1239,1240,1241,1242,1243,1244,1245,1246,1247,1252,127,129,131,133,141,158,163,165,167,168,169,170,173,174,179,215,218,259,260,262,263,297,305,306,307,308,309	1238,1239,1240,1241,1242,1243,1244,1245,1246,1251,127,129,131,133,141,158,164,166,168,169,170,171,174,175,180,216,219,260,261,263,264,298,306,307,308,309,310	4	9,10,11,12,13,14,15,16,17,18,19,20,21,22,23,24,25,28,29,30,31,32,33,34,35,36,37,51,52,53,54,55,56,57,58,59,60	159	1125	1409	26|60|0|4|2|2|4|1|1|2|1|1
CT	Taegut	LTR	ERVL	TguLTRL2b1	NC_044241.2:52723721-52725131-	NC_045028.1:2946676-2948092+	25	68	0	1142,1228,1229,1230,1231,1232,1233,1234,1235,1236,1237,1238,1239,1240,1241,1242,1243,1247,1295	1149,1236,1237,1238,1239,1240,1241,1242,1243,1244,1245,1246,1247,1248,1249,1250,1251,1255,1301	1	7,8,9,10,11,12,13,14,15,16,17,18,19,20,21,22,23,24,25	153	153	1413	14|25|2|3|2|1|7|6|2|5|0|1
CT	Taegut	LTR	ERVL	TguLTRL2b1	NC_044241.2:52723721-52725131-	NC_045028.1:7992401-7993812-	29	86	0	1142,1229,1230,1232,1233,1234,1235,1236,1237,1238,1239,1240,1242,1243,1244,1245,1246,1247	1143,1232,1233,1235,1236,1237,1238,1239,1240,1241,1242,1243,1245,1246,1247,1248,1249,1250	2	11,12,13,14,15,16,17,18,19,20,21,22,23,24,25,26,27,28	109	108	1407	12|29|2|6|4|1|12|9|4|5|1|1
CT	Taegut	LTR	ERVL	TguLTRL2b1	NC_044241.2:53242238-53243661-	NC_045028.1:9107272-9108683-	51	152	0	115,116,117,127,129,131,133,141,158,163,165,167,168,169,170,173,174,175,179	115,116,117,127,129,131,133,141,158,164,166,168,169,170,171,174,175,176,180	1	6,7,8,9,10,11,12,13,14,15,16,17,18,19,20,21,22,23,24	66	66	1417	15|51|1|2|3|1|68|7|1|3|0|0
CT	Taegut	LTR	ERVL	TguLTRL2b1	NC_044241.2:55414366-55415776-	NC_045028.1:9107272-9108683-	53	106	0	115,116,117,127,129,131,133,141,142,158,163,165,167,168,169,170,173,174,179,305,306,307,308,309,326	115,116,117,127,129,131,133,141,142,158,164,166,168,169,170,171,174,175,180,306,307,308,309,310,327	2	7,8,9,10,11,12,13,14,15,16,17,18,19,20,21,22,23,24,25,35,36,37,38,39,40	88	213	1410	23|53|1|1|3|1|10|5|3|4|1|1
CT	Taegut	LTR	ERVL	TguLTRL2b1	NC_045028.1:179548-180957-	NC_045028.1:9107272-9108683-	56	117	0	127,129,131,133,141,142,158,162,164,166,167,168,169,172,173,174,178,257,258,260,261,295,303,304,305,306,307,324	127,129,131,133,141,142,158,164,166,168,169,170,171,174,175,176,180,260,261,263,264,298,306,307,308,309,310,327	2	9,10,11,12,13,14,15,16,17,18,19,20,21,22,23,24,25,29,30,31,32,33,34,35,36,37,38,39	122	201	1405	26|56|2|1|1|5|7|6|3|4|4|2
CT	Taegut	LTR	ERVL	TguLTRL2b1	NC_045028.1:824859-826271-	NC_045028.1:9107272-9108683-	52	107	0	141,142,158,163,165,167,168,169,170,173,174,175,230,231,260,261,263,298,306,307,308,309,310,327	141,142,158,164,166,168,169,170,171,174,175,176,230,231,260,261,263,298,306,307,308,309,310,327	3	14,15,16,17,18,19,20,21,22,23,24,25,28,29,30,31,32,33,34,35,36,37,38,39	135	187	1411	23|52|3|2|1|2|12|3|2|4|1|2
CT	Taegut	LTR	ERVL	TguLTRL2b1	NC_045028.1:1958538-1959947+	NC_045028.1:9107272-9108683-	51	121	0	130,132,141,142,158,163,165,167,168,169,170,173,174,175,179,259,260,262,263,297,305,306,307,308,309,326	130,132,141,142,158,164,166,168,169,170,171,174,175,176,180,260,261,263,264,298,306,307,308,309,310,327	3	10,11,12,13,14,15,16,17,18,19,20,21,22,23,24,29,30,31,32,33,34,35,36,37,38,39	120	198	1409	18|51|0|1|3|1|40|2|1|2|0|2
CT	Taegut	LTR	ERVL	TguLTRL2b1	NC_045028.1:2401390-2402802+	NC_045028.1:9107272-9108683-	54	106	0	115,116,117,127,129,131,133,141,142,158,163,165,167,168,169,170,173,174,175,179,259,260,262,263,296,305,306,307,308,309,326	115,116,117,127,129,131,133,141,142,158,164,166,168,169,170,171,174,175,176,180,260,261,263,264,298,306,307,308,309,310,327	4	7,8,9,10,11,12,13,14,15,16,17,18,19,20,21,22,23,24,25,26,31,32,33,34,35,36,37,38,39,40,41	136	213	1411	27|54|1|3|3|1|7|2|1|5|0|2
CT	Taegut	LTR	ERVL	TguLTRL2b1	NC_045028.1:2492353-2493781+	NC_045028.1:9107272-9108683-	61	108	0	115,116,117,1220,1242,1243,1244,1245,1246,127,129,131,133,141,142,158,163,165,167,168,169,170,173,174,179,260,261,263,264,298	115,116,117,1216,1238,1239,1240,1241,1242,127,129,131,133,141,142,158,164,166,168,169,170,171,174,175,180,260,261,263,264,298	3	7,8,9,10,11,12,13,14,15,16,17,18,19,20,21,22,23,24,25,30,31,32,33,34,52,53,54,55,56,57	132	1128	1419	23|61|0|3|1|3|7|6|0|3|0|1
CT	Taegut	LTR	ERVL	TguLTRL2a4	NC_045028.1:14537333-14538741-	NC_045028.1:14538908-14540317-	16	25	0	383,478,479,507,536,539,541,645,665,708,728,759,825,826,861	384,479,480,508,537,540,542,646,666,709,729,760,826,827,862	1	2,3,4,5,6,7,8,9,10,11,12,13,14,15,16	479	479	1408	0|16|0|0|0|0|8|0|0|0|1|0
CT	Taegut	LTR	ERVL	TguLTRL2b1	NC_045028.1:2946676-2948092+	NC_045028.1:9107272-9108683-	56	115	0	129,131,133,141,142,158,163,165,167,168,169,170,173,174,175,296,305,306,307,308,309	129,131,133,141,142,158,164,166,168,169,170,171,174,175,176,298,306,307,308,309,310	2	11,12,13,14,15,16,17,18,19,20,21,22,23,24,25,34,35,36,37,38,39	61	182	1413	26|56|0|3|1|3|12|7|1|4|1|1
CT	Taegut	LTR	ERVL	TguLTRL2b1	NC_045028.1:3267049-3268463+	NC_045028.1:9107272-9108683-	54	123	0	115,116,117,127,129,131,133,141,142,163,165,166,167,168,169,170,173,174,175,230,259,260,262,263,305,306,307,308,309	115,116,117,127,129,131,133,141,142,164,166,167,168,169,170,171,174,175,176,231,260,261,263,264,306,307,308,309,310	4	6,7,8,9,10,11,12,13,14,15,16,17,18,19,20,21,22,23,24,27,28,29,30,31,33,34,35,36,37	102	196	1412	23|54|1|2|2|1|20|4|2|5|1|8
CT	Taegut	LTR	ERVL	TguLTRL2b1	NC_045028.1:3971366-3972777+	NC_045028.1:9107272-9108683-	56	110	0	115,116,117,127,129,131,133,141,142,158,163,165,167,168,169,170,173,174,175,229,230,260,262,263,297,305,306,307,308,309,326	115,116,117,127,129,131,133,141,142,158,164,166,168,169,170,171,174,175,176,230,231,261,263,264,298,306,307,308,309,310,327	3	7,8,9,10,11,12,13,14,15,16,17,18,19,20,21,22,23,24,25,28,29,30,31,32,33,34,35,36,37,38,39	161	213	1411	26|56|0|2|2|1|12|3|3|3|1|1
CT	Taegut	LTR	ERVL	TguLTRL2b1	NC_045028.1:5466734-5468147-	NC_045028.1:9107272-9108683-	54	100	0	127,131,133,142,143,164,166,168,169,170,171,174,175,176,180,216,219,260,261,263,264,298,306,307,308,309,310,327	127,130,132,141,142,164,166,168,169,170,171,174,175,176,180,216,219,260,261,263,264,298,306,307,308,309,310,327	4	10,11,12,13,14,16,17,18,19,20,21,22,23,24,25,26,27,30,31,32,33,34,35,36,37,38,39,40	141	201	1412	22|54|0|3|0|2|11|3|3|1|0|1
CT	Taegut	LTR	ERVL	TguLTRL2b1	NC_045028.1:5487684-5489092-	NC_045028.1:9107272-9108683-	54	102	0	114,115,116,126,128,130,132,140,141,157,161,163,165,166,167,168,171,172,177,213,216,303,304,305,306,307	115,116,117,127,129,131,133,141,142,158,164,166,168,169,170,171,174,175,180,216,219,306,307,308,309,310	3	8,9,10,11,12,13,14,15,16,17,18,19,20,21,22,23,24,25,26,27,28,36,37,38,39,40	111	196	1405	21|54|1|3|0|2|11|3|3|2|0|2
CT	Taegut	LTR	ERVL	TguLTRL2b1	NC_045028.1:5947169-5948578-	NC_045028.1:9107272-9108683-	54	108	0	132,134,142,143,159,164,166,168,169,170,171,174,175,176,230,231,260,261,263,264,298,306,307,308,309,310,327	131,133,141,142,158,164,166,168,169,170,171,174,175,176,230,231,260,261,263,264,298,306,307,308,309,310,327	2	10,11,12,13,14,15,16,17,18,19,20,21,22,23,26,27,28,29,30,31,32,33,34,35,36,37,38	144	197	1405	25|54|0|4|1|1|12|3|0|2|3|3
CT	Taegut	LTR	ERVL	TguLTRL2b1	NC_045028.1:6659483-6660897+	NC_045028.1:9107272-9108683-	51	105	0	128,130,132,140,141,157,162,164,166,167,168,169,172,173,174,178,214,217,305,306,307,308,325	129,131,133,141,142,158,164,166,168,169,170,171,174,175,176,180,216,219,307,308,309,310,327	3	8,9,10,11,12,13,14,15,16,17,18,19,20,21,22,23,24,25,33,34,35,36,37	113	199	1412	26|51|0|4|4|2|7|3|3|2|2|1
CT	Taegut	LTR	ERVL	TguLTRL2b1	NC_045028.1:8938894-8940317-	NC_045028.1:9107272-9108683-	53	103	0	160,165,167,169,170,171,172,175,176,177,181,217,220,231,232,262,263,265,266,308,309,310,311,312,329	158,164,166,168,169,170,171,174,175,176,180,216,219,230,231,260,261,263,264,306,307,308,309,310,327	3	13,14,15,16,17,18,19,20,21,22,23,24,25,26,27,28,29,30,31,33,34,35,36,37,38	130	170	1417	21|53|0|1|2|1|17|1|3|2|0|2
