CT	Phalep	LTR	ERVL	TguLTR5d	NW_010511169.1:9691-10244-	NW_010552622.1:278-830+	21	53	0	120,123,133,152,156,308,316,323,338,345,359	120,123,133,152,156,308,316,323,338,345,359	2	2,3,4,5,6,10,11,12,13,14,15	89	240	552	9|21|3|2|1|0|6|4|2|3|0|2
CT	Phalep	LTR	ERVL	TguLTR5d	NW_010514277.1:4203-4769-	NW_010532198.1:1159-1739+	30	88	0	397,399,405,409,411,459,463,469,472,479,483	412,414,420,424,426,474,478,484,487,494,498	2	15,16,17,18,19,21,22,23,24,25,26	40	87	568	9|30|3|2|2|3|16|5|6|4|1|7
CT	Phalep	LTR	ERVL	TguLTR5d	NW_010514277.1:4203-4769-	NW_010561084.1:2813-3409-	20	56	0	300,303,312,320,339,340,463,467,472,498,499	326,330,339,350,370,371,494,498,503,529,530	2	4,5,6,7,8,9,15,16,17,18,19	83	205	405	7|20|1|3|1|1|8|4|3|2|2|4
CT	Phalep	LTR	ERVL	TguLTR5d	NW_010514277.1:4203-4769-	NW_010529745.1:7465-8060+	25	64	0	397,399,405,409,413,432,440,457,459,463	427,429,435,439,443,462,470,487,489,493	2	10,11,12,13,14,15,16,17,18,19	68	67	404	10|25|1|3|1|0|13|3|4|0|1|3
CT	Phalep	LTR	ERVL	TguLTR5d	NW_010514277.1:4203-4769-	NW_010561063.1:8431-8916-	21	63	0	397,399,405,409,413,459,463,467,472,483	317,319,325,329,333,379,383,387,392,403	2	10,11,12,13,14,15,16,17,18,19	88	87	408	9|21|1|2|2|0|14|6|3|0|2|3
CT	Phalep	LTR	ERVL	TguLTR5d	NW_010517526.1:9149-9736+	NW_010546297.1:32433-32983-	13	21	0	405,416,446,471,486,499,501,514,540,544	367,378,408,433,448,462,464,477,503,507	1	2,3,4,5,6,7,8,9,10,11	141	141	329	3|13|0|0|0|0|2|2|1|0|0|0
CT	Phalep	LTR	ERVL	TguLTR5d	NW_010520019.1:163878-164474-	NW_010552662.1:18763-19348-	25	68	0	426,431,443,447,449,489,491,498,507,510,512,515,523,524	414,419,431,435,437,477,479,486,495,498,500,503,511,512	2	10,11,12,13,14,16,17,18,19,20,21,22,23,24	60	99	397	16|25|4|1|5|0|3|7|4|2|0|1
CT	Phalep	LTR	ERVL	TguLTR5d	NW_010534042.1:15790-16384-	NW_010545499.1:6264-6865-	31	87	0	34,37,39,42,447,456,461,463,465,51	34,37,39,42,453,462,467,469,471,51	2	2,3,4,5,6,22,23,24,25,26	37	438	583	13|31|3|10|5|1|10|7|2|0|2|3
CT	Phalep	LTR	ERVL	TguLTR5d	NW_010536980.1:89291-89562+	NW_010558551.1:137571-138140+	12	31	0	111,119,121,122,125,228,232,235,240,242,245	116,124,126,127,130,243,247,250,255,257,260	2	2,3,4,5,6,7,8,9,10,11,12	146	145	272	4|12|3|3|1|0|3|2|0|1|2|0
CT	Phalep	LTR	ERVL	TguLTR5d	NW_010553883.1:12508-12809+	NW_010563425.1:6670-7266-	25	53	0	138,139,146,150,152,223,227,233,234,236,239	433,434,441,445,447,518,522,528,529,531,534	2	6,7,8,9,10,16,17,18,19,20,21	32	102	292	11|25|1|1|1|0|4|5|3|0|2|0
