Query   Subject         %_Query_covered_per_hsp  Query_length  Alignment_length  Q_start  Q_end  S_start   S_end     E_value   Bit_score
exon_3  NC_066329.1     21                       544           120               337      449    9896135   9896023   3.99e-05  54.5
exon_3  NC_066331.1     21                       544           114               339      452    2003520   2003419   4.86e-04  50.9
exon_3  NC_066331.1     24                       544           130               321      448    2003778   2003656   4.86e-04  50.0
exon_3  NC_066331.1     17                       544           97                340      433    2003510   2003417   0.006     46.4
exon_3  NC_066341.1     12                       544           68                388      452    1667348   1667281   4.86e-04  50.0
exon_3  NC_066324.1     15                       544           83                105      184    1126277   1126359   4.86e-04  50.0
exon_3  NC_066324.1     23                       544           128               319      442    3895377   3895256   0.006     47.3
exon_3  NW_026108279.1  10                       544           60                390      443    6693      6752      0.006     47.3
exon_3  NW_026108225.1  21                       544           117               266      379    4241      4134      0.006     47.3
exon_3  NC_066321.1     14                       544           78                355      428    6307609   6307686   0.006     46.4
exon_3  NC_066316.1     16                       544           87                121      205    89311439  89311357  0.006     46.4
