Location        #_hits  %_query_cov  %_identity  Lowest_evalue
NW_026108279.1  1       3.33333      26.111      0.006
NW_026108225.1  1       7            23.6467     0.006
NC_066341.1     1       4            25.4903     4.86e-04
NC_066340.1     1       2.66667      27.4073     0.006
NC_066331.1     1       7            23.3917     4.86e-04
NC_066329.1     1       7            25          3.99e-05
NC_066324.1     1       5            25.3013     4.86e-04
NC_066321.1     1       4.66667      24.7863     0.006
NC_066318.1     1       2.33333      30.1587     1.39e-04
NC_066316.1     1       5.33333      25.2873     0.006
