Query   Subject      %_Query_covered_per_hsp  Query_length  Alignment_length  Q_start  Q_end  S_start   S_end     E_value   Bit_score
exon_1  NC_084767.1  77                       43            34                1        33     14887842  14887809  0.009     41.0
exon_3  NC_084774.1  35                       544           195               265      453    1867136   1867315   3.10e-07  60.8
exon_3  NC_084774.1  33                       544           190               274      453    1867176   1867353   3.78e-06  57.2
exon_3  NC_084774.1  29                       544           162               295      453    1867130   1867277   1.32e-05  56.3
exon_3  NC_084774.1  33                       544           190               274      453    1867246   1867423   1.61e-04  52.7
exon_3  NC_084766.1  31                       544           182               280      446    31890682  31890503  1.32e-05  56.3
exon_3  NC_084766.1  25                       544           144               312      446    31890545  31890407  1.61e-04  52.7
exon_3  NC_084784.1  17                       544           96                340      434    2006645   2006550   4.61e-05  53.6
exon_3  NC_084784.1  16                       544           90                364      452    2006667   2006580   0.002     49.1
exon_3  NC_084784.1  27                       544           155               304      452    2006250   2006111   0.007     47.3
exon_3  NC_084785.1  26                       544           145               288      431    1722992   1722853   1.61e-04  51.8
exon_3  NC_084773.1  14                       544           86                355      431    325208    325123    1.61e-04  51.8
exon_3  NC_084773.1  18                       544           102               361      460    4518081   4518176   0.002     48.2
exon_3  NC_084773.1  12                       544           67                388      451    22132262  22132199  0.007     46.4
exon_3  NC_084760.1  42                       544           257               279      506    1158761   1158513   1.61e-04  51.8
exon_3  NC_084765.1  29                       544           161               274      431    40590963  40591108  5.61e-04  50.9
exon_3  NC_084765.1  18                       544           103               341      437    21385389  21385290  0.007     46.4
exon_3  NC_084771.1  21                       544           117               72       186    516520    516630    0.002     48.2
