Location     #_hits  %_query_cov  %_identity  Lowest_evalue
NC_084787.1  1       2.33333      29.8247     1.61e-04
NC_084785.1  1       8.66667      23.4483     1.61e-04
NC_084784.1  1       5.66667      24.3057     4.61e-05
NC_084782.1  1       2.66667      28.889      0.002
NC_084777.1  1       7.66667      29.4117     0.006
NC_084775.1  1       3            26.6667     0.007
NC_084774.1  1       11.6667      23.248      3.10e-07
NC_084773.1  1       4.66667      25.1937     1.61e-04
NC_084771.1  1       7            24.2167     0.002
NC_084767.1  1       25.6667      29.4117     0.009
NC_084766.1  1       10.3333      22.8937     1.32e-05
NC_084765.1  1       9.66667      23.3953     5.61e-04
NC_084764.1  1       6.66667      31.0343     0.006
NC_084760.1  1       14           22.6977     1.61e-04
