Query   Subject         %_Query_covered_per_hsp  Query_length  Alignment_length  Q_start  Q_end  S_start   S_end     E_value   Bit_score
exon_3  QUSF01016419.1  33                       544           181               109      289    334       166       5.65e-16  90.6
exon_3  QUSF01000089.1  18                       544           101               269      368    572401    572501    3.34e-06  58.1
exon_3  QUSF01000089.1  9                        544           51                15       65     413209    413159    0.002     48.2
exon_3  QUSF01000007.1  29                       544           164               280      437    1023207   1023048   0.002     49.1
exon_3  QUSF01001745.1  20                       544           112               20       127    6292      6399      0.002     48.2
exon_3  QUSF01001744.1  20                       544           112               20       127    3736      3629      0.002     48.2
exon_3  QUSF01001726.1  20                       544           112               20       127    6299      6406      0.002     48.2
exon_3  QUSF01001725.1  20                       544           112               20       127    3812      3705      0.002     48.2
exon_3  QUSF01000040.1  15                       544           86                358      437    1246329   1246252   0.006     47.3
exon_3  QUSF01000017.1  10                       544           56                393      445    1104586   1104532   0.006     47.3
exon_3  QUSF01000015.1  23                       544           128               319      442    14749440  14749561  0.006     47.3
exon_3  QUSF01000002.1  15                       544           86                340      423    15574147  15574225  0.006     47.3
