Location        #_hits  %_query_cov  %_identity  Lowest_evalue
QUSF01016419.1  1       11           23.941      5.65e-16
QUSF01005760.1  1       2.66667      27.5363     0.002
QUSF01005759.1  1       2.66667      27.5363     0.002
QUSF01001745.1  1       6.66667      23.512      0.002
QUSF01001744.1  1       6.66667      23.512      0.002
QUSF01001726.1  1       6.66667      23.512      0.002
QUSF01001725.1  1       6.66667      23.512      0.002
QUSF01001119.1  1       2.66667      27.5363     0.002
QUSF01001118.1  1       2.66667      27.5363     0.002
QUSF01000150.1  1       2            31.111      0.006
QUSF01000089.1  1       6            24.4223     3.34e-06
QUSF01000040.1  1       5            24.8063     0.006
QUSF01000032.1  1       2.66667      28.148      0.006
QUSF01000017.1  1       3.33333      26.7857     0.006
QUSF01000015.1  1       7.66667      23.4373     0.006
QUSF01000007.1  1       9.66667      22.7643     0.002
QUSF01000002.1  1       5            25.1937     0.006
