CT	Sercan	LTR	ERVK	DR0160400	NC_066313.1:91991883-91992453+	NC_066322.1:26134567-26135133+	30	88	0	180,185,186,187,192,46,50,51,53,59	183,187,188,189,194,46,50,51,53,59	2	4,5,6,7,8,19,20,21,22,23	26	149	534	15|30|3|2|1|6|10|8|2|3|1|7
CT	Sercan	LTR	ERVK	DR0160400	NC_066313.1:105868850-105869415-	NC_066322.1:26134567-26135133+	30	85	0	166,171,182,183,184,189,192,226,239,244,246,251,37,40,47,51,52,54,60,63,68,80	172,177,187,188,189,194,197,231,244,249,251,256,36,39,46,50,51,53,59,62,67,79	3	2,3,4,5,6,7,8,9,10,11,16,17,18,19,20,21,22,24,25,26,27,28	96	221	546	14|30|2|2|3|3|14|6|2|1|3|5
CT	Sercan	LTR	ERVK	DR0160446	NC_066313.1:109809474-109809944-	NC_066323.1:20426227-20426648-	48	87	0	103,104,120,125,156,166,167,171,283,289,297,298,305,370,379,381,384,385,388,390,80,89,93	105,106,122,127,152,162,163,167,277,283,291,292,299,364,373,375,378,379,382,384,82,91,95	4	13,14,15,16,17,18,19,20,21,22,23,35,36,37,38,39,42,43,44,45,46,47,48	131	303	419	10|48|0|6|4|4|8|0|1|2|2|2
CT	Sercan	LTR	ERVK	DR0160485	NC_066313.1:10238221-10238785-	NC_066328.1:3008083-3008667-	24	66	0	244,257,263,266,272,273,47,68,69,70,72	256,270,276,279,285,286,58,79,80,81,83	2	4,5,6,7,8,12,13,14,15,16,17	57	229	558	9|24|2|2|1|3|8|6|3|4|2|2
CT	Sercan	LTR	ERVK	DR0160446	NC_066319.1:59635107-59635579-	NC_066323.1:20426227-20426648-	27	79	0	286,292,300,301,308,373,382,384,387,388,390,391	277,283,291,292,299,364,373,375,378,379,381,382	2	12,13,14,15,16,20,21,22,23,24,25,26	42	106	425	16|27|0|3|2|3|14|2|3|2|3|4
CT	Sercan	LTR	ERVK	DR0160400	NC_066315.1:7907795-7908355+	NC_066322.1:26134567-26135133+	36	87	0	169,174,185,186,187,192,195,46,50,51,53,59,62	172,177,187,188,189,194,197,46,50,51,53,59,62	2	4,5,6,7,8,9,17,18,19,20,21,22,23	43	152	548	16|36|3|3|3|4|6|7|3|1|3|2
CT	Sercan	LTR	ERVK	DR0160400	NC_066315.1:49492598-49493166-	NC_066322.1:26134567-26135133+	36	97	0	183,184,185,190,193,46,50,51,53,59,62,67,70	187,188,189,194,197,46,50,51,53,59,62,67,70	2	4,5,6,7,8,9,10,11,20,21,22,23,24	36	152	553	13|36|3|3|1|6|10|10|3|5|2|5
CT	Sercan	LTR	ERVK	DR0160446	NC_066320.1:2924791-2925237+	NC_066323.1:20426227-20426648-	24	67	0	105,112,121,123,366,369,381,384,386,90,94	106,113,122,124,364,367,379,382,384,91,95	2	5,6,7,8,9,10,20,21,22,23,24	55	294	419	14|24|0|3|1|3|12|1|1|4|1|3
CT	Sercan	LTR	ERVK	DR0160446	NC_066322.1:27532235-27532716+	NC_066323.1:20426227-20426648-	49	87	0	380,381,392,395,396,399,401,60,64,66,73,76	363,364,375,378,379,382,384,47,51,53,60,63	2	6,7,8,9,10,43,44,45,46,47,48,49	39	338	422	11|49|0|2|1|4|7|0|2|6|3|2
CT	Sercan	LTR	ERVK	DR0160446	NC_066322.1:27849715-27850178-	NC_066323.1:20426227-20426648-	42	77	0	372,374,377,378,38,381,42,44,51,54	373,375,378,379,382,47,51,53,60,63	2	4,5,6,7,8,37,38,39,40,41	27	336	416	12|42|0|2|0|3|9|1|2|2|2|2
CT	Sercan	LTR	ERVK	DR0160485	NC_066313.1:53661464-53662033+	NC_066328.1:3008083-3008667-	23	65	0	250,256,263,269,279,285,32,47,54,75,76,77,79,97	102,256,262,270,276,286,292,36,51,58,79,80,81,83	2	2,3,4,5,6,7,8,9,12,13,14,15,16,17	104	257	559	11|23|0|3|0|3|9|7|2|0|3|4
CT	Sercan	LTR	ERVK	DR0160400	NC_066316.1:86880858-86881412-	NC_066322.1:26134567-26135133+	30	87	0	168,179,180,181,186,189,47,48,50,56,59,64,76	177,187,188,189,194,197,50,51,53,59,62,67,79	2	3,4,5,6,7,8,9,17,18,19,20,21,22	51	148	547	15|30|3|1|2|4|7|11|3|2|2|7
CT	Sercan	LTR	ERVK	DR0160485	NC_066313.1:106185504-106186070-	NC_066328.1:3008083-3008667-	21	58	0	252,265,271,274,280,281,36,49,51,58,79,80,81,83,85	256,270,276,279,285,286,36,49,51,58,79,80,81,83,85	2	2,3,4,5,6,7,8,9,10,13,14,15,16,17,18	81	251	567	5|21|2|4|1|2|8|7|3|1|1|3
CT	Sercan	LTR	ERVK	DR0160485	NC_066313.1:106516781-106517368-	NC_066328.1:3008083-3008667-	22	63	0	256,269,275,278,284,285,37,59,80,81,82,84,86	256,270,276,279,285,286,36,58,79,80,81,83,85	2	2,3,4,5,6,7,8,12,13,14,15,16,17	81	251	583	10|22|2|6|1|2|7|7|3|0|2|1
CT	Sercan	LTR	ERVK	DR0160400	NC_066319.1:540230-540793+	NC_066322.1:26134567-26135133+	33	91	0	169,174,185,186,187,46,50,51,53,59,62	172,177,187,188,189,46,50,51,53,59,62	2	4,5,6,7,8,9,17,18,19,20,21	35	144	544	15|33|3|3|3|4|9|8|2|3|4|4
CT	Sercan	LTR	ERVK	DR0160400	NC_066319.1:6142328-6142873+	NC_066322.1:26134567-26135133+	30	67	0	166,168,179,180,181,46,50,51,53,59,62,67,79	174,176,187,188,189,46,50,51,53,59,62,67,79	2	4,5,6,7,8,9,10,11,17,18,19,20,21	50	144	501	11|30|2|1|2|3|5|5|2|1|2|3
CT	Sercan	LTR	ERVK	DR0160400	NC_066319.1:56045889-56046431+	NC_066322.1:26134567-26135133+	38	90	0	169,174,185,186,187,192,195,50,51,53,59,62,67,74,79	172,177,187,188,189,194,197,50,51,53,59,62,67,74,79	2	7,8,9,10,11,12,13,14,22,23,24,25,26,27,28	56	148	548	12|38|2|6|1|5|10|8|1|1|3|3
CT	Sercan	LTR	ERVK	DR0160697	NC_066319.1:1570962-1571485+	NC_066321.1:1528823-1529382-	23	60	0	11,24,28,33,38,70,85,90,91,97	104,17,30,34,39,44,76,92,97,98	2	1,2,3,4,5,7,8,9,10,11	57	88	370	17|23|2|4|1|0|6|2|1|2|2|0
CT	Sercan	LTR	ERVK	DR0160527	NC_066315.1:109090859-109091151-	NC_066319.1:61157956-61158244-	12	34	0	142,146,148,16,179,183,26,31,32,35	143,147,149,16,180,184,26,31,32,35	2	1,2,3,4,5,8,9,10,11,12	62	169	276	3|12|0|2|0|2|3|8|0|2|1|1
CT	Sercan	LTR	ERVK	DR0160485	NC_066314.1:61086257-61086846-	NC_066328.1:3008083-3008667-	24	64	0	103,257,270,276,285,286,37,50,52,59,80,81,82,84,98	102,256,270,276,285,286,36,49,51,58,79,80,81,83,97	2	2,3,4,5,6,7,8,9,10,11,16,17,18,19,20	98	251	582	7|24|3|1|0|3|6|9|4|1|3|3
CT	Sercan	LTR	ERVK	DR0160485	NC_066314.1:70465291-70465857-	NC_066328.1:3008083-3008667-	30	81	0	268,274,277,283,284,77,81,82,83,85,87	270,276,279,285,286,75,79,80,81,83,85	2	6,7,8,9,10,11,19,20,21,22,23	28	212	568	10|30|2|7|4|2|4|5|5|4|3|5
CT	Sercan	LTR	ERVK	DR0160485	NC_066315.1:12631011-12631592+	NC_066328.1:3008083-3008667-	22	60	0	269,275,283,284,285,58,79,80,81,83	270,276,284,285,286,58,79,80,81,83	2	6,7,8,9,10,16,17,18,19,20	43	229	570	8|22|3|3|0|4|6|6|2|0|3|3
CT	Sercan	LTR	ERVK	DR0160485	NC_066315.1:14759549-14760139-	NC_066328.1:3008083-3008667-	21	60	0	102,270,283,289,299,301,36,49,51,58,79,80,81,83,97	102,256,270,276,286,288,36,49,51,58,79,80,81,83,97	2	2,3,4,5,6,7,8,9,10,11,15,16,17,18,19	100	253	583	5|21|2|2|2|1|10|5|2|2|2|6
CT	Sercan	LTR	ERVK	DR0160485	NC_066316.1:4265495-4266062-	NC_066328.1:3008083-3008667-	27	64	0	245,258,264,267,274,280,291,293,40,42,49,68,69,70,72,74,86,91	102,256,270,276,279,286,292,303,305,49,51,58,79,80,81,83,85,97	2	2,3,4,5,6,7,8,9,10,11,15,16,17,18,19,20,21,22	104	257	547	9|27|2|1|4|1|8|3|2|1|2|4
CT	Sercan	LTR	ERVK	DR0160485	NC_066316.1:10290159-10290728+	NC_066328.1:3008083-3008667-	26	73	0	258,271,277,282,283,287,59,80,81,82,84	256,270,276,281,282,286,58,79,80,81,83	2	5,6,7,8,9,13,14,15,16,17,18	57	229	566	12|26|1|1|3|1|9|7|4|1|3|5
CT	Sercan	LTR	ERVK	DR0160485	NC_066316.1:60654787-60655378+	NC_066328.1:3008083-3008667-	21	57	0	257,262,270,276,286,37,50,52,59,80,82,84	256,262,270,276,286,36,49,51,58,79,81,83	2	2,3,4,5,6,7,8,12,13,14,15,16	79	251	584	7|21|1|2|0|2|8|3|2|3|5|3
CT	Sercan	LTR	ERVK	DR0160485	NC_066319.1:57578372-57578935+	NC_066328.1:3008083-3008667-	24	68	0	243,246,259,265,275,297,69,70,71,73,75,87,92,93	102,103,253,256,270,276,286,308,79,80,81,83,85,97	2	4,5,6,7,8,9,10,11,15,16,17,18,19,20	81	230	542	12|24|2|3|2|2|4|9|1|4|2|3
CT	Sercan	LTR	ERVK	DR0160485	NC_066322.1:26362274-26362861-	NC_066328.1:3008083-3008667-	27	64	0	101,253,259,266,272,281,282,77,78,79,81	103,256,262,270,276,285,286,79,80,81,83	2	6,7,8,9,10,14,15,16,17,18,19	56	208	569	8|27|2|2|3|1|4|5|3|3|3|3
