Query   Subject         %_Query_covered_per_hsp  Query_length  Alignment_length  Q_start  Q_end  S_start   S_end     E_value   Bit_score
exon_3  NW_024545382.1  31                       544           166               124      289    6413      6248      1.95e-15  88.7
exon_3  NC_044219.2     31                       544           179               340      509    10208323  10208494  7.75e-08  63.5
exon_3  NC_044219.2     17                       544           92                340      431    10208306  10208386  4.89e-04  50.9
exon_3  NC_044219.2     16                       544           90                373      460    14370676  14370761  0.006     47.3
exon_3  NC_044235.2     12                       544           67                365      431    3573847   3573909   4.01e-05  53.6
exon_3  NC_044241.2     22                       544           119               74       191    24732957  24733069  4.89e-04  50.9
exon_3  NC_044242.2     20                       544           116               324      431    2238035   2238147   0.002     49.1
exon_3  NC_044232.2     23                       544           131               274      398    7762064   7761944   0.002     49.1
exon_3  NC_044222.2     20                       544           115               134      242    5970718   5970825   0.002     49.1
exon_3  NC_044222.2     23                       544           128               319      442    16980276  16980397  0.006     47.3
exon_3  NC_044216.2     12                       544           71                269      335    8769651   8769583   0.002     49.1
exon_3  NC_044240.2     26                       544           140               310      448    144098    143965    0.002     48.2
exon_3  NC_044236.2     9                        544           51                15       65     6694693   6694643   0.002     48.2
exon_3  NC_044211.2     15                       544           84                279      361    38964082  38964162  0.002     48.2
exon_3  NC_044214.2     28                       544           169               280      432    9925869   9926030   0.006     47.3
