Location        #_hits  %_query_cov  %_identity  Lowest_evalue
NW_024545382.1  1       10.3333      23.8957     1.95e-15
NC_044242.2     1       6.66667      24.138      0.002
NC_044241.2     1       7.33333      24.0897     4.89e-04
NC_044240.2     1       8.66667      22.857      0.002
NC_044238.2     1       2.66667      27.5363     0.002
NC_044236.2     1       3            26.7973     0.002
NC_044235.2     1       4            26.368      4.01e-05
NC_044232.2     1       7.66667      23.9187     0.002
NC_044225.2     1       3            27.3333     0.006
NC_044224.2     1       6.66667      31.0343     0.005
NC_044222.2     1       6.66667      24.058      0.002
NC_044219.2     1       10.3333      23.2773     7.75e-08
NC_044216.2     1       4            26.291      0.002
NC_044214.2     1       9.33333      23.077      0.006
NC_044213.2     1       2            31.111      0.006
NC_044211.2     1       5            24.6033     0.002
