Location        #_hits  %_query_cov  %_identity  Lowest_evalue
VXAO01004120.1  1       3.66667      26.344      1.59e-04
VXAO01002217.1  1       2            29.5237     0.007
VXAO01001972.1  1       2.33333      29.7297     0.007
VXAO01001166.1  1       3.66667      26.2297     1.59e-04
VXAO01000762.1  1       2.33333      29.6297     0.002
VXAO01000407.1  1       3.66667      25.8063     5.54e-04
VXAO01000293.1  1       3.66667      26.5627     0.002
VXAO01000280.1  1       3.66667      26.5537     0.007
VXAO01000102.1  1       24.6667      29.1667     0.009
