Query   Subject         %_Query_covered_per_hsp  Query_length  Alignment_length  Q_start  Q_end  S_start   S_end     E_value   Bit_score
exon_1  NC_044585.1     70                       43            30                5        34     9114420   9114448   0.002     42.8
exon_3  NW_022148493.1  23                       544           125               165      289    427       303       9.40e-07  59.9
exon_3  NC_044582.1     23                       544           128               321      443    1522912   1522792   4.00e-05  53.6
exon_3  NC_044589.1     24                       544           131               280      410    6544608   6544496   4.87e-04  50.9
exon_3  NW_022148303.1  18                       544           96                353      448    1407      1318      0.002     49.1
exon_3  NC_044586.1     9                        544           51                409      459    1276566   1276517   0.002     49.1
exon_3  NC_044586.1     15                       544           81                363      443    70468887  70468811  0.006     47.3
exon_3  NC_044587.1     21                       544           124               70       184    1004830   1004948   0.002     48.2
exon_3  NC_044587.1     12                       544           68                145      209    1004581   1004641   0.006     47.3
exon_3  NC_044580.1     23                       544           128               319      442    16846679  16846800  0.006     47.3
exon_3  NW_022148592.1  9                        544           57                390      440    15847     15791     0.006     46.4
exon_3  NC_044600.1     22                       544           124               314      432    6697666   6697550   0.006     46.4
exon_3  NC_044590.1     20                       544           116               21       127    11806419  11806525  0.006     46.4
exon_3  NC_044578.1     10                       544           58                278      331    27272020  27272077  0.006     46.4
