Location        #_hits  %_query_cov  %_identity  Lowest_evalue
NW_022148592.1  1       3            26.3157     0.006
NW_022148493.1  1       7.66667      23.4667     9.40e-07
NW_022148303.1  1       6            23.9583     0.002
NC_044600.1     1       7.33333      23.656      0.006
NC_044594.1     1       2            31.111      0.006
NC_044590.1     1       6.66667      22.701      0.006
NC_044589.1     1       8            23.9187     4.87e-04
NC_044587.1     1       7            23.9247     0.002
NC_044586.1     1       3            27.451      0.002
NC_044585.1     1       23.3333      31.111      0.002
NC_044582.1     1       7.66667      24.4793     4.00e-05
NC_044580.1     1       7.66667      23.4373     0.006
NC_044578.1     1       3.33333      27.0113     0.006
