Location        #_hits  %_query_cov  %_identity  Lowest_evalue
QGNR01000169.1  1       7.33333      24.8        2.72e-07
QGNR01000168.1  1       2.33333      29.6297     0.002
QGNR01000073.1  1       2.33333      29.6297     0.002
QGNR01000069.1  1       10           22.7187     4.93e-04
QGNR01000054.1  1       7.66667      24.1977     9.51e-07
QGNR01000046.1  1       4.33333      26.484      4.04e-05
QGNR01000024.1  1       6.66667      24.4253     9.51e-07
QGNR01000021.1  1       5            25.4167     0.002
QGNR01000011.1  1       6            24.183      0.006
