Query   Subject         %_Query_covered_per_hsp  Query_length  Alignment_length  Q_start  Q_end  S_start  S_end   E_value   Bit_score
exon_3  QZWQ01001274.1  15                       544           80                359      437    623159   623087  3.88e-05  53.6
exon_3  QZWQ01000021.1  13                       544           72                352      423    508724   508791  3.88e-05  53.6
exon_3  QZWQ01001296.1  14                       544           77                370      446    13142    13069   1.36e-04  52.7
exon_3  QZWQ01179077.1  23                       544           135               305      430    296225   296358  4.73e-04  50.9
exon_3  QZWQ01001721.1  17                       544           95                74       164    139714   139802  4.73e-04  50.9
exon_3  QZWQ01179170.1  17                       544           97                322      413    53474    53382   0.002     49.1
exon_3  QZWQ01007866.1  19                       544           108               275      378    9001     9101    0.002     48.2
exon_3  QZWQ01002417.1  19                       544           108               275      378    78433    78533   0.002     48.2
exon_3  QZWQ01001577.1  18                       544           98                348      445    159285   159193  0.006     47.3
exon_3  QZWQ01000134.1  9                        544           51                18       65     433465   433515  0.006     46.4
