Location        #_hits  %_query_cov  %_identity  Lowest_evalue
QZWQ01179170.1  1       5.66667      24.3987     0.002
QZWQ01179077.1  1       7.66667      23.7037     4.73e-04
QZWQ01007866.1  1       6.33333      24.074      0.002
QZWQ01002902.1  1       2.66667      27.5363     0.006
QZWQ01002417.1  1       6.33333      24.074      0.002
QZWQ01001721.1  1       5.66667      24.9123     4.73e-04
QZWQ01001577.1  1       6            24.1497     0.006
QZWQ01001296.1  1       4.66667      25.1083     1.36e-04
QZWQ01001274.1  1       5            25.8333     3.88e-05
QZWQ01000929.1  1       2.66667      28.148      0.006
QZWQ01000134.1  1       3            26.7973     0.006
QZWQ01000021.1  1       4.33333      26.852      3.88e-05
