CT	Pelcri	LTR	ERVL	DR0162041	CM060000.1:2060480-2061068+	CM060001.1:172510816-172511404-	30	86	0	157,160,163,171,182,456,465,481,483,492	142,145,148,157,169,453,462,478,480,489	2	7,8,9,10,11,22,23,24,25,26	65	348	580	21|30|1|6|5|3|6|4|4|2|1|3
CT	Pelcri	LTR	ERVL	DR0162078	CM060000.1:2750242-2750852+	CM060002.1:94850942-94851528-	28	75	0	379,380,423,437,441,458,482,506,525,529	383,384,427,441,445,462,486,510,529,533	2	15,16,17,18,19,21,22,23,24,25	135	151	581	23|28|0|3|5|2|1|4|3|3|2|1
CT	Pelcri	LTR	ERVL	DR0162130	CM060000.1:7504989-7505538+	CM060001.1:14186423-14186969-	24	64	0	118,123,127,130,145,435,458,459,460,468,470,478	120,125,129,132,147,433,456,457,458,468,470,478	2	4,5,6,7,8,17,18,19,20,21,22,23	74	359	543	9|24|3|7|2|2|3|10|0|3|1|0
CT	Pelcri	LTR	ERVL	DR0162085	CM060000.1:7631687-7632276+	CM060003.1:30686026-30686608-	24	59	0	132,146,202,205,209,359,360,361,362,363,364	132,146,202,205,209,361,362,363,364,365,366	2	4,5,6,7,8,14,15,16,17,18,19	84	235	562	5|24|2|3|3|4|8|4|3|1|2|0
CT	Pelcri	LTR	ERVL	DR0162130	CM060000.1:108789790-108790350-	CM060001.1:20635987-20636529+	18	51	0	202,205,209,230,257,455,456,457,458,459,460,461	202,205,209,230,257,448,449,450,451,452,453,454	2	5,6,7,8,9,10,11,12,13,14,15,16	254	253	547	8|18|3|3|0|0|9|4|1|0|2|3
CT	Pelcri	LTR	ERVL	DR0162130	CM060000.1:108789790-108790350-	CM060005.1:53432602-53433151+	21	58	0	202,205,209,230,257,455,456,457,459,460,461	202,205,209,230,257,447,448,449,451,452,453	2	5,6,7,8,9,11,12,13,14,15,16	63	252	549	11|21|4|4|1|0|6|5|1|2|1|2
CT	Pelcri	LTR	ERVL	DR0162065	CM060009.1:28344087-28344616-	CM060010.1:31851750-31852279-	29	71	0	125,129,132,145,147,428,431,432,433,434,435,436,437	125,129,132,145,147,434,437,438,439,440,441,442,443	2	4,5,6,7,8,15,16,17,18,19,20,21,22	33	319	528	12|29|3|3|1|2|7|4|0|7|1|2
CT	Pelcri	LTR	ERVL	DR0162107	CM060000.1:113889913-113891059+	CM060000.1:191228915-191230098-	27	73	0	1006,1013,1020,1030,1037,1040,1044,517,526,535,539,555,979	1041,1068,1075,1082,1092,1099,1102,1106,574,583,592,596,615	2	1,2,3,4,5,19,20,21,22,23,24,25,26	108	533	635	12|27|1|2|1|1|6|10|6|2|2|3
CT	Pelcri	LTR	ERVL	DR0162130	CM060001.1:11739158-11739579+	CM060032.1:1299714-1300263+	21	54	0	251,254,257,260,263,331,332,333,335,337	380,383,386,389,392,457,458,459,461,463	2	6,7,8,9,10,14,15,16,17,18	20	84	412	7|21|1|1|0|3|7|8|0|1|1|4
CT	Pelcri	LTR	ERVL	DR0162130	CM060001.1:11739158-11739579+	CM060001.1:155420748-155421298+	22	58	0	251,254,257,260,263,331,332,333,335,346,348,358	383,386,389,392,395,460,461,462,464,475,477,487	2	5,6,7,8,9,13,14,15,16,17,18,19	41	105	418	11|22|1|1|0|2|10|7|0|1|0|3
CT	Pelcri	LTR	ERVL	DR0162130	CM060001.1:11739158-11739579+	CM060001.1:27869665-27870226+	19	54	0	251,254,257,263,266,331,332,333,335,337	386,389,392,401,404,467,468,469,471,473	2	6,7,8,9,10,15,16,17,18,19	26	88	423	8|19|3|3|2|2|5|5|1|3|0|3
CT	Pelcri	LTR	ERVL	DR0162130	CM060001.1:11739158-11739579+	CM060003.1:44160416-44160974-	20	60	0	251,254,257,260,263,276,331,332,333,335,344,350	390,393,396,399,402,415,467,468,469,471,480,486	2	4,5,6,7,8,9,14,15,16,17,18,19	46	97	419	10|20|0|3|0|1|8|9|2|5|0|2
CT	Pelcri	LTR	ERVL	DR0162085	CM060000.1:127105814-127106310-	CM060006.1:17886974-17887529+	15	45	0	100,137,140,144,151,303,304,318,321,324	160,202,205,209,216,366,367,386,389,392	2	2,3,4,5,6,10,11,12,13,14	84	233	482	9|15|2|3|0|1|5|5|1|1|2|1
CT	Pelcri	LTR	ERVL	DR0162085	CM060000.1:139633751-139634301-	CM060001.1:119732082-119732644-	26	57	0	321,337,338,339,340,341,342,344,345,349,387	326,343,344,345,346,347,348,350,351,354,389	1	8,9,10,11,12,13,14,15,16,17,18	64	64	554	4|26|1|4|1|0|13|5|2|0|1|0
CT	Pelcri	LTR	ERVL	DR0162130	CM060002.1:9162748-9163295-	CM060005.1:60804561-60805117-	23	63	0	209,212,216,218,252,454,455,456,458,459,460,461,462,463,464	202,205,209,211,245,454,455,456,458,459,460,461,462,463,464	2	1,2,3,4,5,13,14,15,16,17,18,19,20,21,22	55	263	531	6|23|1|5|3|2|8|6|1|6|0|2
CT	Pelcri	LTR	ERVL	DR0162130	CM060003.1:43300358-43300908+	CM060005.1:60804561-60805117-	24	65	0	203,206,210,212,246,455,456,457,458,460	202,205,209,211,245,456,457,458,459,461	2	2,3,4,5,6,16,17,18,19,20	50	260	549	5|24|2|3|2|1|7|10|0|6|2|3
CT	Pelcri	LTR	ERVL	DR0162041	CM060000.1:160740230-160740844-	CM060015.1:1953474-1954076-	19	56	0	26,30,32,349,354,39,425,443,445,46,51,95	26,30,32,348,353,39,424,445,447,46,51,95	2	1,2,3,4,5,6,7,12,13,14,15,16	170	422	608	6|19|2|3|2|1|7|7|4|3|2|0
CT	Pelcri	LTR	ERVL	DR0162126	CM060008.1:5007940-5009003-	CM060009.1:7835453-7836507+	15	43	0	100,107,118,140,152,155,81,82,88,91	102,108,119,141,153,156,83,84,90,93	1	2,3,4,5,6,7,8,9,10,11	74	74	367	7|15|2|4|1|0|9|2|1|2|0|0
CT	Pelcri	LTR	ERVL	DR0162106	CM060004.1:1714728-1715280+	CM060020.1:404654-405190+	16	27	0	361,368,371,381,387,429,462,467,470,482,485,505,515	359,366,369,385,391,433,466,471,474,486,489,509,522	2	4,5,6,7,8,9,10,11,12,13,14,15,16	165	164	530	0|16|1|3|0|0|1|3|0|2|1|0
CT	Pelcri	LTR	ERVL	DR0162041	CM060001.1:107491117-107491715-	CM060002.1:76210704-76211304+	23	60	0	176,198,215,223,249,251,253,263,270,277	180,202,219,227,253,255,257,267,274,281	1	4,5,6,7,8,9,10,11,12,13	102	102	596	8|23|2|1|4|0|9|6|1|2|0|4
CT	Pelcri	LTR	ERVL	DR0162041	CM060002.1:89598091-89598634-	CM060005.1:21871790-21872376-	21	60	0	114,126,130,152,418,432,452,454,458,97	132,149,161,165,187,455,469,489,491,495	2	3,4,5,6,7,15,16,17,18,19	97	364	534	5|21|2|3|1|1|8|12|3|1|2|1
CT	Pelcri	LTR	ERVL	DR0162085	CM060005.1:64431099-64431618+	CM060008.1:24959072-24959642-	21	58	0	132,154,159,200,204,239,247,251,273,320,327	132,154,159,200,204,240,248,252,274,311,318	2	2,3,4,5,6,7,8,9,10,11,12	188	187	525	6|21|4|1|0|1|4|16|3|1|1|0
CT	Pelcri	LTR	ERVL	DR0162085	CM060012.1:5765396-5765960+	CM060032.1:21572161-21572743+	29	73	0	275,290,301,319,323,352,353,354,355,356	275,290,301,319,323,352,353,354,355,356	2	8,9,10,11,12,14,15,16,17,18	54	82	559	10|29|3|9|3|0|8|3|2|3|0|3
CT	Pelcri	LTR	ERVL	DR0162138	CM060001.1:45119319-45119851+	CM060032.1:11302002-11302492+	20	58	0	322,329,336,382,388,434,435,436,437,438,439	287,294,301,344,350,396,397,398,399,400,401	2	5,6,7,8,9,10,11,12,13,14,15	116	115	487	10|20|1|6|0|0|8|6|1|2|1|3
CT	Pelcri	LTR	ERVL	DR0162138	CM060001.1:94459763-94460322+	CM060032.1:16730957-16731503-	28	66	0	217,220,224,260,291,461,462,463,464,465,466,467,468,469,472	202,205,209,245,276,444,445,446,447,448,449,450,451,452,455	2	5,6,7,8,9,16,17,18,19,20,21,22,23,24,25	87	254	550	8|28|1|2|4|3|7|6|0|6|0|1
CT	Pelcri	LTR	ERVL	DR0162041	CM060012.1:9569149-9569743-	CM060032.1:7621443-7622038-	34	102	0	264,266,273,275,277,487,509,511,526,528,532	270,272,279,281,283,492,514,516,531,533,537	2	17,18,19,20,21,29,30,31,32,33,34	60	268	546	29|34|4|16|12|0|1|2|4|0|0|0
CT	Pelcri	LTR	ERVL	DR0162041	CM060017.1:4369834-4370433+	CM060033.1:58157627-58157911-	24	51	0	513,515,517,523,528,561,562,565,569,573	208,210,212,218,223,255,256,259,263,267	2	12,13,14,15,16,20,21,22,23,24	29	60	279	10|24|1|7|4|0|3|0|2|0|0|0
CT	Pelcri	LTR	ERVL	DR0162041	CM060017.1:4369834-4370433+	CM060033.1:58122930-58123214-	24	51	0	513,515,517,523,528,561,562,565,569,573	208,210,212,218,223,255,256,259,263,267	2	12,13,14,15,16,20,21,22,23,24	29	60	279	10|24|1|7|4|0|3|0|2|0|0|0
CT	Pelcri	LTR	ERVL	DR0162138	CM060010.1:31301797-31302359+	CM060032.1:18819395-18819937-	22	63	0	218,221,225,246,247,448,465,466,467,468,469,471,472,475,482,490	203,206,210,231,232,427,444,445,446,447,448,450,451,453,458,466	3	3,4,5,6,7,12,13,14,15,16,17,18,19,20,21,22	71	264	504	8|22|2|4|0|2|10|10|2|2|0|1
CT	Pelcri	LTR	ERVL	DR0162138	CM060013.1:1368933-1369301-	CM060032.1:16652778-16653304-	22	51	0	309,314,321,324,353,57,63,65,69,79,90	313,318,325,328,357,51,57,59,63,73,84	2	1,2,3,4,5,6,18,19,20,21,22	79	307	361	9|22|0|5|1|0|1|8|1|1|1|2
