Query   Subject         %_Query_covered_per_hsp  Query_length  Alignment_length  Q_start  Q_end  S_start    S_end      E_value   Bit_score
exon_3  NC_042589.1     14                       544           78                48       124    799258     799187     4.03e-05  53.6
exon_3  NC_042588.1     12                       544           67                365      431    5759895    5759833    4.03e-05  53.6
exon_3  NC_042565.1     19                       544           102               270      370    99395069   99395162   4.03e-05  53.6
exon_3  NC_042565.1     17                       544           93                129      221    110725742  110725829  0.006     47.3
exon_3  NC_042568.1     12                       544           72                120      185    89136221   89136151   1.41e-04  51.8
exon_3  NC_042568.1     20                       544           110               79       186    46534052   46533947   0.006     47.3
exon_3  NC_042567.1     22                       544           118               74       191    18204599   18204711   1.41e-04  51.8
exon_3  NC_042567.1     19                       544           107               326      430    91409323   91409424   1.41e-04  51.8
exon_3  NC_042567.1     25                       544           137               297      430    91409345   91409473   4.91e-04  50.9
exon_3  NC_042567.1     17                       544           92                320      411    151119190  151119276  4.91e-04  50.0
exon_3  NC_042584.1     24                       544           131               280      410    6557001    6556889    4.91e-04  50.9
exon_3  NC_042593.1     11                       544           62                388      446    6216639    6216700    0.002     48.2
exon_3  NW_021819271.1  15                       544           90                363      446    472513     472424     0.006     47.3
exon_3  NC_042579.1     10                       544           56                393      445    16932358   16932412   0.006     47.3
exon_3  NC_042576.1     23                       544           128               319      442    17397368   17397489   0.006     47.3
exon_3  NC_042585.1     23                       544           129               274      398    2198246    2198131    0.006     46.4
exon_3  NC_042569.1     10                       544           54                387      440    41010534   41010483   0.006     46.4
