Location        #_hits  %_query_cov  %_identity  Lowest_evalue
NC_042585.1     2       14.3333      54.3667     0.006
NW_021819271.1  1       5            24.4443     0.006
NC_042595.1     1       2.66667      27.6597     0.006
NC_042593.1     1       3.66667      25.8063     0.002
NC_042591.1     1       2.66667      28.261      1.41e-04
NC_042589.1     1       4.66667      25.641      4.03e-05
NC_042588.1     1       4            26.368      4.03e-05
NC_042584.1     1       8            23.9187     4.91e-04
NC_042579.1     1       3.33333      26.7857     0.006
NC_042576.1     1       7.66667      23.4373     0.006
NC_042574.1     1       3            28.5713     4.91e-04
NC_042569.1     1       3.33333      26.5433     0.006
NC_042568.1     1       4            25.926      1.41e-04
NC_042567.1     1       7.33333      23.7287     1.41e-04
NC_042565.1     1       6.33333      24.8367     4.03e-05
