Location        #_hits  %_query_cov  %_identity  Lowest_evalue
NW_022242647.1  1       7.66667      23.9507     1.11e-05
NW_022236985.1  1       8            22.871      0.006
NW_022227755.1  1       3.33333      26.3157     0.002
NW_022205675.1  1       2.33333      29.6297     0.002
NW_022205432.1  1       5            25.4167     0.002
NW_022205427.1  1       3.66667      26.4707     4.70e-04
NW_022205380.1  1       9.33333      22.9813     0.002
NW_022205345.1  1       7.33333      24.5333     3.17e-06
NW_022205324.1  1       6            24.6667     1.35e-04
