GA	Homsap	LTR	ERVL-MaLR	THE1D-int	chr1:48408957-48410530-	chrX:63768958-63770608+	107	235	0	1213,1217,1223,1228,1230,1235,1236,1247,1256,1257,1266,1271,134,135,145,147,155,320,327,333,335,337,339,864,869,876,879,884,886,887	1214,1218,1224,1229,1231,1236,1237,1248,1257,1258,1267,1272,137,138,148,150,158,322,327,333,335,337,339,868,873,880,883,888,890,891	4	11,12,13,14,15,27,28,29,30,31,32,70,71,72,73,74,75,76,96,97,98,99,100,101,102,103,104,105,106,107	123	1136	1278	107|17|9|9|6|10|22|31|4|7|6|7
GA	Homsap	LTR	ERVL-MaLR	THE1D-int	chr1:49502407-49503988+	chrX:63768958-63770608+	62	173	0	1201,1203,1204,1205,1207,1224,1227,1233,1238,1240,881,888,890,891,898	1191,1193,1194,1195,1197,1214,1218,1224,1229,1231,873,880,882,883,890	3	27,28,29,30,31,48,49,50,51,52,53,54,55,56,57	60	359	830	62|19|2|5|9|7|21|21|7|9|6|5
GA	Homsap	LTR	ERVL-MaLR	THE1B-int	chr1:49082676-49084309-	chr3:140885304-140886762+	16	30	0	241,242,248,250,251,263,276,284,294,300,301	192,193,199,201,202,214,227,235,245,251,252	1	5,6,7,8,9,10,11,12,13,14,15	61	61	258	16|3|1|0|0|0|6|2|0|1|1|0
GA	Homsap	LTR	ERVL-MaLR	MSTA-int	chr12:58468062-58468430-	chr8:77371607-77373232+	18	52	0	190,191,192,195,200,209,224,225,233,252	194,195,196,199,204,213,228,229,237,256	1	6,7,8,9,10,11,12,13,14,15	63	63	369	18|5|3|1|1|1|9|7|1|1|4|1
GA	Homsap	LTR	ERVL-MaLR	THE1C-int	chr13:32577188-32578764+	chrX:140805406-140807076-	17	51	0	162,166,178,180,181,383,388,391,406,413	162,166,177,179,180,389,394,397,412,419	2	5,6,7,8,9,11,12,13,14,15	50	258	417	17|0|3|7|2|2|8|8|2|0|2|0
GA	Homsap	LTR	ERVL-MaLR	THE1D-int	chr14:88674620-88676193-	chrX:63768958-63770608+	99	233	0	1214,1218,1219,1224,1229,1231,1232,313,316,324,331,337,339,340,341,343,813,819,829,836,844,871,878,880,881,888,889,911	1214,1218,1219,1224,1229,1231,1232,311,314,322,327,333,335,336,337,339,815,821,831,838,846,873,880,882,883,890,891,913	4	22,23,24,25,26,27,28,29,30,57,58,59,60,61,65,66,67,68,69,70,71,90,91,92,93,94,95,96	121	922	1252	99|17|3|7|9|11|33|25|9|4|7|9
GA	Homsap	LTR	ERVL-MaLR	THE1B-int	chr10:84533035-84533451+	chr4:123060020-123061319-	17	45	0	113,114,129,183,186,239,253,254,279,281	115,116,131,185,188,241,256,257,282,284	2	2,3,4,5,6,9,10,11,12,13	118	170	417	17|5|1|2|0|3|4|5|2|3|1|2
GA	Homsap	LTR	ERVL-MaLR	THE1B-int	chr10:84533035-84533451+	chr5:42347278-42348883+	19	48	0	114,118,128,136,137,149,236,237,253,254,268	114,118,127,134,135,147,234,235,251,252,266	2	3,4,5,6,7,8,11,12,13,14,15	67	153	417	19|5|1|2|1|5|5|5|1|2|0|2
GA	Homsap	LTR	ERVL-MaLR	THE1A	chr18:74566850-74567194-	chr2:21378123-21378474-	13	26	0	119,130,136,140,144,44,5,64,85,88	121,132,138,142,146,45,5,65,87,90	2	1,2,3,4,5,6,7,8,9,10	143	142	347	13|3|1|0|2|1|0|4|1|1|0|0
GA	Homsap	LTR	ERVL-MaLR	THE1D-int	chr4:69738649-69740208-	chrX:63768958-63770608+	60	159	0	1178,1180,1181,1182,1184,1223,1224,1235,1244,1245	1191,1193,1194,1195,1197,1236,1237,1248,1257,1258	2	47,48,49,50,51,56,57,58,59,60	30	68	836	60|16|3|4|8|5|20|22|5|7|6|3
GA	Homsap	LTR	ERVL-MaLR	THE1B	chr10:36299874-36300244-	chr5:84096749-84097115+	16	46	0	100,105,124,140,142,62,77,85,86,91	103,122,138,140,62,75,83,84,89,98	2	2,3,4,5,6,7,8,9,10,11	80	79	368	16|5|3|2|0|3|4|9|1|1|1|1
GA	Homsap	LTR	ERVL-MaLR	THE1A-int	chr7:81509560-81511164+	chrX:91128247-91129823-	26	78	0	172,185,187,193,202,505,506,510,512,542	172,185,187,193,202,506,507,511,513,543	2	7,8,9,10,11,22,23,24,25,26	69	372	573	26|9|4|0|6|4|15|7|1|2|3|1
GA	Homsap	LTR	ERVL-MaLR	THE1B	chr10:87644496-87644857+	chr18:61179700-61180063+	16	40	0	135,137,150,169,184,292,322,323,328,341	135,137,153,172,187,294,324,325,330,343	2	5,6,7,8,9,12,13,14,15,16	103	209	362	16|4|0|0|0|3|6|6|0|1|1|3
GA	Homsap	LTR	ERVL-MaLR	THE1D-int	chr9:11949351-11950424-	chrX:75541726-75542387-	17	38	0	101,102,187,191,225,226,231,233,89,94,99	180,184,218,219,224,226,82,87,92,94,95	2	3,4,5,6,7,10,11,12,13,14,15	61	145	253	17|2|1|4|0|2|3|5|0|3|0|1
GA	Homsap	LTR	ERVL-MaLR	THE1D	chr2:196461533-196461928-	chr8:72201932-72202317+	19	49	0	106,109,111,112,161,162,170,177,186,188,189,84	101,103,104,154,155,163,170,179,181,182,76,98	2	2,3,4,5,6,9,10,11,12,13,14,15	58	107	326	19|9|0|3|2|1|4|6|3|1|0|1
GA	Homsap	LTR	ERVL-MaLR	THE1B-int	chr2:197573080-197574585+	chr3:140885304-140886762+	17	48	0	200,201,205,207,210,235,243,253,259,260	192,193,197,199,202,227,235,245,251,252	2	7,8,9,10,11,12,13,14,15,16	62	61	334	17|4|1|0|1|2|10|7|1|2|2|1
GA	Homsap	LTR	ERVL-MaLR	THE1B-int	chr3:29119094-29120625+	chrX:87787634-87789174-	113	285	0	1471,1481,1484,1490,1495,30,37,51,53,54	1480,1490,1493,1499,1504,28,35,49,51,52	2	1,2,3,4,5,109,110,111,112,113	50	1477	1526	113|28|9|9|13|18|23|31|12|7|10|12
GA	Homsap	LTR	ERVL-MaLR	THE1C	chr4:164135337-164135713-	chr5:87553653-87554019-	17	44	0	132,142,144,150,158,160,79,81,84,86,97	103,139,149,151,157,165,167,85,87,90,92	2	1,2,3,4,5,6,7,8,9,10,11	84	83	307	17|2|1|3|1|2|4|8|1|3|0|2
GA	Homsap	LTR	ERVL-MaLR	THE1C	chr6:57322356-57322726+	chr6:160414498-160414870-	14	41	0	106,283,297,318,319,320,46,70,76,81,85	108,285,299,319,320,321,48,72,78,83,87	2	1,2,3,4,5,6,9,10,11,12,13	98	274	366	14|6|2|1|1|0|5|6|0|4|1|1
GA	Homsap	LTR	ERVL-MaLR	THE1B	chr14:52395114-52395484-	chr15:87531760-87532125-	18	45	0	106,107,112,256,260,287,289,296,83,90	103,104,109,252,256,283,285,292,81,87	2	4,5,6,7,8,13,14,15,16,17	70	212	367	18|3|3|2|3|1|3|6|5|0|0|1
GA	Homsap	LTR	ERVL-MaLR	THE1B-int	chr7:85808307-85809352+	chrX:87787634-87789174-	75	187	0	14,178,181,185,201,207,27,30,33,51	14,168,171,175,191,197,25,28,31,49	2	1,2,3,4,5,11,12,13,14,15	66	184	1035	75|9|7|7|10|15|19|19|6|7|6|7
GA	Homsap	LTR	ERVL-MaLR	THE1B-int	chr7:139803025-139804557+	chrX:87787634-87789174-	122	286	0	1422,1431,1432,1438,1442,45,51,53,54,57,969,970,980,983,985	1432,1440,1441,1447,1451,43,49,51,52,55,973,974,984,987,989	3	4,5,6,7,8,77,78,79,80,81,112,113,114,115,116	50	1409	1534	122|21|12|9|19|11|34|28|3|7|9|11
GA	Homsap	LTR	ERVL-MaLR	THE1B	chr17:57041154-57041512-	chr9:24179496-24179857-	23	58	0	104,110,125,131,212,217,219,220,224,80	104,110,124,130,214,219,221,222,226,80	2	3,4,5,6,7,9,10,11,12,13	64	147	359	23|4|3|2|4|6|4|5|2|0|3|2
GA	Homsap	LTR	ERVL-MaLR	THE1B	chr2:53194332-53194710-	chr5:84096749-84097115+	14	42	0	107,126,132,144,145,153,163,64,87,88,93	103,122,128,140,141,147,157,62,83,84,89	2	1,2,3,4,5,6,7,8,9,10,11	97	96	362	14|6|1|1|0|0|6|10|0|2|1|1
GA	Homsap	LTR	ERVL-MaLR	THE1B	chr3:184267282-184267639-	chr8:87956699-87957056-	14	41	0	117,126,127,129,130,50,63,73,75,76,78,96	117,125,126,128,129,50,63,73,75,76,78,96	2	1,2,3,4,5,6,7,8,9,10,11,12	81	80	345	14|8|0|0|5|2|4|6|0|0|1|1
GA	Homsap	LTR	ERVL-MaLR	THE1B	chr4:183326384-183326742+	chrX:113375960-113376318-	15	33	0	106,120,240,246,249,268,273,302,61,64,90	106,120,240,246,249,268,273,303,61,64,90	2	4,5,6,7,8,9,10,11,12,13,14	244	243	346	15|4|0|0|2|0|1|6|0|1|0|4
GA	Homsap	LTR	ERVL-MaLR	THE1B	chr6:43467330-43467700+	chr9:68570551-68570927-	20	51	0	134,152,155,163,172,173,321,326,343,350,352	137,155,158,166,175,176,327,332,349,356,358	2	5,6,7,8,9,10,15,16,17,18,19	72	222	373	20|10|0|1|0|0|5|10|1|1|0|3
