GA	Orycun	LTR	ERVK	ERVNOC_I-int	chr1:1739602-1740970+	chr1:17454158-17455651-	31	92	0	169,289,305,309,368,376,684,728,738,747,765	169,288,304,308,367,375,680,719,729,738,748	2	1,2,3,4,5,6,11,12,13,14,15	276	580	1276	31|13|3|4|3|0|15|14|2|3|0|4
GA	Orycun	LTR	ERVK	ERVNOC_I-int	chr1:2691800-2693299-	chr18:14477384-14478920-	24	63	0	250,266,299,304,308,333,360,367,716,724,766,849,855,856,864,869	287,303,336,341,345,370,397,404,750,758,800,883,889,890,898,903	2	2,3,4,5,6,7,8,9,14,15,16,17,18,19,20,21	272	617	1407	24|9|1|5|1|6|5|8|1|0|2|1
GA	Orycun	LTR	ERVK	ERVNOC_I-int	chr1:2691800-2693299-	chr13:137392398-137393847-	22	65	0	299,304,308,333,367,849,855,856,858,864,869	265,270,274,299,333,803,809,810,812,817,822	2	3,4,5,6,7,14,15,16,17,18,19	89	558	1457	22|6|1|5|3|6|9|9|0|0|2|2
GA	Orycun	LTR	ERVK	ERVNOC_I-int	chr1:2691800-2693299-	chrX:21795400-21796918-	22	54	0	250,266,299,304,308,309,333,367,849,855,856,864,869	278,294,327,332,336,337,361,395,870,876,877,885,890	2	3,4,5,6,7,8,9,10,15,16,17,18,19	139	613	1403	22|7|1|2|4|2|7|6|0|0|2|1
GA	Orycun	LTR	ERVK	ERVNOC_I-int	chr1:2691800-2693299-	chr11:44219405-44220838+	21	46	0	299,304,308,309,333,367,724,791,827,849,855,856	238,243,247,248,272,306,657,724,760,782,788,789	2	1,2,3,4,5,6,14,15,16,17,18,19	202	552	1279	21|6|1|2|0|4|4|5|1|1|0|1
GA	Orycun	LTR	ERVK	LTR11_OC	chr1:7174322-7174811-	chr15:38654319-38654810+	23	54	0	320,322,329,332,333,389,397,400,403,409	319,321,328,331,332,388,396,399,402,408	2	9,10,11,12,13,16,17,18,19,20	35	90	490	23|7|0|0|1|0|9|8|1|2|0|3
GA	Orycun	LTR	ERVK	LTR11_OC	chr1:36157378-36157868-	chr18:29228852-29229340-	19	46	0	171,174,206,242,272,376,381,387,395,399	173,176,208,244,274,373,378,384,392,396	2	4,5,6,7,8,13,14,15,16,17	126	224	489	19|6|2|0|1|0|7|6|2|0|1|2
GA	Orycun	LTR	ERVK	ERVNOC_I-int	chr1:12836927-12837326-	chrUn0028:2582560-2583881+	12	23	0	118,228,262,263,270,281,286,290,325,326	118,228,262,263,270,281,286,290,325,326	1	1,2,3,4,5,6,7,8,9,10	209	209	398	12|3|0|1|0|1|2|0|1|1|1|1
GA	Orycun	LTR	ERVK	ERVNOC_I-int	chr1:12836927-12837326-	chr16:47130863-47132352-	12	25	0	131,152,200,262,270,281,286,290,325,326	131,152,200,262,270,281,286,290,325,326	1	2,3,4,5,6,7,8,9,10,11	196	196	397	12|4|0|1|0|1|2|1|2|1|0|1
GA	Orycun	LTR	ERVK	ERVNOC2_LTR	chr13:102811828-102812239-	chr4:25415710-25416115-	24	42	0	187,191,194,197,206,208,25,40,44,52,56,59	187,191,194,197,206,208,25,40,44,52,56,59	2	1,2,3,4,5,6,12,13,14,15,16,17	57	184	384	24|1|2|0|0|1|5|3|1|2|2|1
GA	Orycun	LTR	ERVK	ERVNOC2_LTR	chr14:64804895-64805161+	chr2:70891541-70891905+	12	20	0	169,176,212,214,220,35,38,40,41,44,48,53	172,179,215,217,223,35,38,40,41,44,48,53	2	1,2,3,4,5,6,7,8,9,10,11,12	190	189	268	12|5|0|0|0|0|0|3|0|0|0|0
GA	Orycun	LTR	ERVK	ERVNOC2_LTR	chr14:64804895-64805161+	chr3:132392277-132392644+	15	26	0	169,176,198,212,214,25,38,40,41,42,44,48,53,6	171,178,200,214,216,25,38,40,41,42,44,48,53,6	2	1,2,3,4,5,6,7,8,9,10,11,12,13,14	212	211	267	15|3|1|3|0|0|1|3|0|0|0|0
GA	Orycun	LTR	ERVK	ERVNOC_I-int	chr1:20703630-20704798-	chrUn0008:3686800-3688149-	24	51	0	114,117,120,121,125,135,155,207,68,79	176,187,222,225,228,229,233,243,263,313	1	1,2,3,4,5,6,7,8,9,10	138	138	497	24|6|1|1|1|4|7|2|1|4|0|0
GA	Orycun	LTR	ERVK	ERVNOC_I-int	chr1:20703630-20704798-	chr7:34246405-34247824-	19	39	0	114,117,120,121,125,380,394,397,400,404,417,428	249,252,255,256,260,513,527,530,533,537,550,561	2	1,2,3,4,5,10,11,12,13,14,15,16	61	313	464	19|6|1|0|1|1|6|1|2|2|0|0
GA	Orycun	LTR	ERVK	ERVNOC_I-int	chr1:20703630-20704798-	chr15:23501771-23503120+	29	77	0	114,117,120,121,125,131,135,137,155,208	230,233,236,237,241,247,251,253,271,322	1	3,4,5,6,7,8,9,10,11,12	93	93	569	29|9|2|2|1|3|20|4|2|4|1|0
GA	Orycun	LTR	ERVK	ERVNOC_I-int	chr1:20703630-20704798-	chr14:144021384-144022770-	26	47	0	114,117,120,121,125,135,155,317,318,324,330,337,338	227,230,233,234,238,248,268,428,429,435,441,448,449	2	1,2,3,4,5,6,7,11,12,13,14,15,16	64	223	424	26|6|0|0|0|3|4|1|2|3|0|2
GA	Orycun	LTR	ERVK	ERVNOC_I-int	chr1:20703630-20704798-	chr11:35588330-35589710-	29	68	0	114,117,120,121,125,135,137,155,226,62,66,78	169,173,185,230,233,236,237,241,251,253,271,340	1	1,2,3,4,5,6,7,8,9,10,11,12	172	172	575	29|7|0|1|0|7|14|3|2|4|1|0
GA	Orycun	LTR	ERVK	ERVNOC_I-int	chr1:20703630-20704798-	chr12:73507915-73509237+	28	57	0	135,155,207,212,227,295,317,318,337,338,357	185,205,255,260,277,339,361,362,380,381,397	2	6,7,8,9,10,12,13,14,15,16,17	152	213	495	28|6|1|0|0|6|9|2|2|2|0|1
GA	Orycun	LTR	ERVK	ERVNOC_I-int	chr1:20703630-20704798-	chr7:3823584-3824988+	23	44	0	114,117,120,121,125,135,400,404,412,417,450,468	282,285,288,289,293,303,564,568,576,581,614,632	2	1,2,3,4,5,6,16,17,18,19,20,21	91	351	478	23|3|1|1|1|1|8|2|0|3|0|1
GA	Orycun	LTR	ERVK	ERVNOC_I-int	chr1:20703630-20704798-	chr3:413925-415321+	32	66	0	114,117,120,121,125,135,155,497,509,518,522,524	231,234,237,238,242,252,272,611,623,632,636,638	2	3,4,5,6,7,8,9,28,29,30,31,32	70	408	508	32|5|4|0|0|7|8|2|4|3|0|1
GA	Orycun	LTR	ERVK	ERVNOC_I-int	chr1:20703630-20704798-	chr3:36946619-36947998-	26	60	0	114,117,120,121,125,135,295,300,309,317,318	213,216,219,220,224,234,394,399,408,416,417	2	1,2,3,4,5,6,10,11,12,13,14	46	205	463	26|6|0|1|3|4|13|1|4|1|0|1
GA	Orycun	LTR	ERVK	ERVNOC_I-int	chr1:20703630-20704798-	chr3:146610603-146612312+	29	70	0	114,117,120,121,125,135,155,317,318,337,338,357,380	579,582,585,586,590,600,620,777,778,797,798,814,837	2	2,3,4,5,6,7,8,13,14,15,16,17,18	103	259	548	29|6|0|1|0|4|19|3|3|3|1|1
GA	Orycun	LTR	ERVK	ERVNOC_I-int	chr1:20703630-20704798-	chr11:87350293-87351683+	28	55	0	114,117,120,121,125,135,155,170,394,400,404,412,417	231,234,237,238,242,252,272,286,528,534,538,546,551	2	4,5,6,7,8,9,10,11,21,22,23,24,25	80	321	514	28|4|2|0|0|6|11|0|1|3|0|0
GA	Orycun	LTR	ERVK	ERVNOC_I-int	chr1:20703630-20704798-	chr14:87165498-87166892-	25	69	0	114,117,120,121,125,135,394,400,412,417,428,62	231,283,286,289,290,294,304,562,568,580,585,597	2	1,2,3,4,5,6,7,17,18,19,20,21	110	367	574	25|12|1|2|2|4|14|5|1|3|0|0
GA	Orycun	LTR	ERVK	ERVNOC_I-int	chr1:20703630-20704798-	chr4:26280927-26282262-	18	41	0	114,117,120,121,125,135,380,394,400,412,417	213,216,219,220,224,234,464,478,484,496,501	2	1,2,3,4,5,6,10,11,12,13,14	60	289	432	18|8|1|1|0|1|6|1|2|3|0|0
GA	Orycun	LTR	ERVK	ERVNOC_I-int	chr1:22075075-22076625-	chrUn0220:379289-380711+	19	57	0	283,325,336,345,397,412,813,818,820,826,842	266,308,319,328,380,395,827,832,834,840,856	2	2,3,4,5,6,7,15,16,17,18,19	160	591	846	19|3|3|2|4|2|11|5|3|3|2|0
GA	Orycun	LTR	ERVK	ERVNOC_I-int	chr1:24019671-24020990+	chr17:79749550-79750894+	21	58	0	1023,513,547,550,553,562,814,863,866,871,898,967,972	1049,510,545,548,551,560,840,889,892,897,924,993,998	2	1,2,3,4,5,9,10,11,12,13,14,15,16	261	540	870	21|9|0|2|3|2|11|6|0|1|2|1
GA	Orycun	LTR	ERVK	ERVNOC_I-int	chr1:63355021-63356432+	chr4:50578980-50580468-	28	77	0	14,154,209,216,30,48,761,794,795,810,841	116,132,150,256,311,318,850,883,884,899,930	2	1,2,3,4,5,6,18,19,20,21,22	284	815	1398	28|6|7|1|5|2|14|8|1|2|3|0
GA	Orycun	LTR	ERVK	LTR28_OC	chr7:12952858-12953799+	chr8:85678736-85679745+	25	73	0	22,36,516,517,528,529,535,553,66,69,71	22,36,509,510,523,524,531,549,66,69,71	2	1,2,3,4,5,17,18,19,20,21,22	91	528	693	25|14|2|3|4|2|7|6|4|0|1|5
GA	Orycun	LTR	ERVK	ERVNOC_I-int	chr1:98851150-98852633-	chrUn1500:10653-12125+	29	80	0	250,266,288,293,299,690,700,705,710,723	249,265,287,292,298,678,688,693,698,711	2	3,4,5,6,7,15,16,17,18,19	84	463	1477	29|11|3|2|2|3|14|12|1|0|1|2
GA	Orycun	LTR	ERVK	ERVNOC_I-int	chr1:108810765-108812049-	chr12:57285727-57287063+	22	56	0	533,534,535,539,547,576,585,594,609,616	522,523,524,528,536,565,574,583,598,605	2	11,12,13,14,15,17,18,19,20,21	56	84	679	22|7|1|1|3|1|8|8|2|2|1|0
GA	Orycun	LTR	ERVK	ERVNOC_I-int	chr1:108810765-108812049-	chrUn0608:32897-34288-	22	57	0	492,505,533,534,535,547,576,585,594,603,616	516,529,557,558,559,571,600,609,618,627,640	2	11,12,13,14,15,16,17,18,19,20,21	126	125	710	22|9|0|1|2|1|8|9|4|1|0|0
GA	Orycun	LTR	ERVK	ERVNOC_I-int	chr1:108810765-108812049-	chr9:108374376-108375679-	16	38	0	439,440,444,452,453,519,533,534,535,547	401,402,406,414,415,480,494,495,496,508	2	3,4,5,6,7,8,9,10,11,12	109	108	443	16|4|1|1|1|0|7|5|0|1|0|2
GA	Orycun	LTR	ERVK	ERVNOC_I-int	chr1:121190751-121192094+	chrUn0148:395251-396561+	13	32	0	108,145,207,215,253,337,358,395,81,94	100,114,158,220,228,266,350,371,408,87	2	3,4,5,6,7,8,9,10,11,12	323	322	728	13|1|1|0|1|1|7|0|5|1|1|1
GA	Orycun	LTR	ERVK	ERVNOC_LTR	chr1:43837104-43837573+	chrUn0024:2617604-2618072-	12	30	0	149,172,174,181,249,377,382,399,409,417	149,172,174,181,249,377,382,399,409,417	2	1,2,3,4,5,8,9,10,11,12	142	269	468	12|5|0|1|0|3|5|4|0|0|0|0
GA	Orycun	LTR	ERVK	ERVNOC_LTR	chr1:43837104-43837573+	chrUn0020:895491-895962-	15	28	0	174,178,179,181,249,383,399,409,417,451	176,180,181,183,251,385,401,411,419,453	2	3,4,5,6,7,11,12,13,14,15	145	278	470	15|2|0|1|0|1|3|3|1|1|1|0
GA	Orycun	LTR	ERVK	ERVNOC_I-int	chr1:133483509-133484817-	chr2:6648124-6649882-	15	33	0	137,169,182,250,266,288,299,304,308,321	137,169,182,250,266,288,299,304,308,321	2	1,2,3,4,5,6,7,8,9,10	186	185	662	15|4|0|1|1|4|2|2|3|1|0|0
GA	Orycun	LTR	ERVK	ERVNOC_I-int	chr1:142958661-142960071+	chr4:50612500-50613882+	47	106	0	464,465,473,482,484,485,752,753,759,768,773	412,413,421,430,432,433,700,701,707,716,721	2	14,15,16,17,18,19,32,33,34,35,36	44	310	1219	47|13|3|1|2|3|12|15|3|3|2|2
GA	Orycun	LTR	ERVK	ERVNOC_I-int	chr1:153791792-153793327+	chr2:27929782-27931294+	29	70	0	1068,1113,1140,1229,1366,454,461,476,564,577	1043,1088,1115,1205,1342,454,461,476,564,577	2	10,11,12,13,14,24,25,26,27,28	424	889	1523	29|8|4|3|3|3|9|4|2|3|1|1
GA	Orycun	LTR	ERVK	ERVNOC_I-int	chr1:162396914-162398335+	chr5:13218062-13219515-	45	131	0	1055,1067,1076,1077,1085,248,270,281,286,290,326,490,492,493,497,505,510	1080,1092,1101,1102,1110,248,270,281,286,290,326,490,492,493,497,507,512	3	6,7,8,9,10,11,20,21,22,23,24,25,40,41,42,43,44	133	863	1437	45|16|0|2|3|2|25|17|9|3|4|5
GA	Orycun	LTR	ERVK	ERVNOC_I-int	chr1:162396914-162398335+	chr16:47130863-47132352-	29	71	0	248,270,281,286,290,326,490,492,493,505,510,552	248,270,281,286,290,326,489,491,492,506,511,553	2	9,10,11,12,13,14,21,22,23,24,25,26	144	306	650	29|10|0|2|0|1|10|12|5|1|0|1
GA	Orycun	LTR	ERVK	ERVNOC_I-int	chr1:189023027-189024330-	chr16:47130863-47132352-	15	31	0	116,136,137,185,217,233,255,266,271,275	131,151,152,200,232,248,270,281,286,290	1	3,4,5,6,7,8,9,10,11,12	160	160	396	15|3|0|0|0|1|3|5|2|1|0|1
GA	Orycun	LTR	ERVK	ERVNOC_I-int	chr1:189023027-189024330-	chrUn0028:2156494-2157976-	14	24	0	116,136,142,217,229,233,255,266,271,275	131,151,157,232,244,248,270,281,286,290	1	1,2,3,4,5,6,7,8,9,10	160	160	363	14|2|1|0|0|1|1|3|1|0|0|1
GA	Orycun	LTR	ERVK	ERVNOC_I-int	chr1:190213773-190215479-	chr12:36114413-36115871+	18	36	0	1023,1028,1036,1091,1113,1190,1215,1244,1281,998	1030,753,775,780,788,843,865,942,963,993	1	1,2,3,4,5,6,7,8,9,10	278	278	710	18|3|0|1|0|1|5|6|0|2|0|0
GA	Orycun	LTR	ERVK	ERVNOC_I-int	chr1:190213773-190215479-	chrUn0412:4072-5553+	12	31	0	1023,1028,1036,1081,1091,1113,1476,1483,1511,1611,1652	1251,1258,1286,1386,1427,796,801,809,854,864,886	2	1,2,3,4,5,6,8,9,10,11,12	268	632	710	12|1|0|2|0|0|8|3|1|1|2|1
GA	Orycun	LTR	ERVK	ERVNOC_I-int	chr1:190571466-190572916+	chr16:47130863-47132352-	18	40	0	105,130,150,151,206,207,211,221,237,65,94	106,131,151,152,219,220,222,232,248,66,95	2	1,2,3,4,5,6,11,12,13,14,15	117	183	462	18|7|2|1|0|0|2|5|1|3|1|0
GA	Orycun	LTR	ERVK	ERVNOC_I-int	chr1:194353496-194355103-	chr4:51950832-51952325+	19	56	0	486,489,504,521,556,618,959,963,965,966,968,979,980	364,367,382,399,434,496,838,842,844,845,847,858,859	2	3,4,5,6,7,8,13,14,15,16,17,18,19	155	496	1293	19|4|2|1|2|0|10|10|3|3|1|1
GA	Orycun	LTR	ERVK	ERVNOC_I-int	chr10:30498460-30499797+	chr2:19819180-19820634+	25	69	0	122,131,232,248,270,281,286,290,42,43,66,95	112,139,148,249,265,287,298,303,307,60,61,83	2	1,2,3,4,5,6,9,10,11,12,13,14	148	248	1034	25|12|2|4|3|0|9|7|0|1|3|3
GA	Orycun	LTR	ERVK	ERVNOC_I-int	chr10:35114729-35116064-	chr12:36114413-36115871+	36	105	0	1019,1056,775,797,802,804,810,952,964,989	1030,753,775,780,782,788,930,942,963,993	2	15,16,17,18,19,21,22,23,24,25	137	278	1316	36|11|3|2|3|6|15|13|2|4|3|7
GA	Orycun	LTR	ERVK	ERVNOC_I-int	chr10:35114729-35116064-	chrUn0005:5950310-5951631+	40	113	0	510,511,518,523,528,552,582,585,587,612	485,486,493,498,505,529,559,562,564,588	2	11,12,13,14,15,16,17,18,19,20	105	104	1294	40|20|2|8|3|6|15|10|3|2|1|3
GA	Orycun	LTR	ERVK	ERVNOC_I-int	chr11:39237203-39238863-	chr15:29545697-29547033+	29	79	0	225,241,263,274,279,283,465,469,482,484,485,492,502	224,240,262,273,278,282,466,470,483,485,486,493,505	2	4,5,6,7,8,9,12,13,14,15,16,17,18	99	282	848	29|11|5|2|1|6|12|4|4|2|3|0
GA	Orycun	LTR	ERVK	ERVNOC_I-int	chr11:43346778-43348101-	chrX:56205539-56206856+	18	44	0	590,613,626,640,648,841,849,884,885,889	576,599,612,626,634,827,835,870,871,875	2	6,7,8,9,10,11,12,13,14,15	301	300	1319	18|6|0|2|2|1|6|6|1|1|1|0
GA	Orycun	LTR	ERVK	ERVNOC_I-int	chr11:43346778-43348101-	chr3:68174284-68175766-	31	92	0	506,590,613,626,648,701,829,835,851,873,884,885	505,589,612,625,647,700,833,839,853,875,886,887	2	7,8,9,10,11,12,13,14,15,16,17,18	384	383	1163	31|14|0|3|3|5|9|11|4|4|4|4
GA	Orycun	LTR	ERVK	ERVNOC_I-int	chr11:79899328-79900771-	chr20:15328098-15329587-	22	60	0	214,223,292,297,301,502,503,515,520,553,562	197,206,281,286,290,491,492,504,509,544,553	2	1,2,3,4,5,13,14,15,16,17,18	157	357	636	22|6|0|0|1|1|13|10|3|3|0|1
GA	Orycun	LTR	ERVK	ERVNOC_I-int	chr12:29511052-29512544+	chr17:45651131-45652586+	13	28	0	190,245,264,275,279,332,337,341,376,463,647,748	158,213,232,243,247,300,305,309,344,431,615,716	2	2,3,4,5,6,7,8,9,10,11,12,13	560	559	1446	13|4|0|0|1|1|5|2|0|1|0|1
GA	Orycun	LTR	ERVK	ERVNOC_I-int	chr12:29511052-29512544+	chr17:45649201-45650658+	13	29	0	190,245,264,275,279,332,337,341,376,463	158,213,232,243,247,300,305,309,344,432	2	2,3,4,5,6,7,8,9,10,11	276	275	1447	13|4|0|0|1|1|5|2|1|1|0|1
GA	Orycun	LTR	ERVK	ERVNOC_I-int	chr12:29511052-29512544+	chrX:26625148-26626553+	10	26	0	190,215,264,275,279,332,337,341,376,388	124,149,198,209,213,266,271,275,310,322	2	1,2,3,4,5,6,7,8,9,10	200	199	1415	10|4|0|1|1|0|4|1|1|1|1|2
GA	Orycun	LTR	ERVK	ERVNOC_I-int	chr12:29511052-29512544+	chrUn0103:403764-405246-	16	32	0	1028,1050,376,400,463,500,728,869,874,896,907,908	1026,1048,347,371,434,471,699,867,872,894,905,906	2	4,5,6,7,8,9,10,11,12,13,14,15	703	702	1399	16|5|1|1|1|0|5|1|0|0|1|1
GA	Orycun	LTR	ERVK	ERVNOC_I-int	chr12:29511052-29512544+	chr8:7726356-7727822+	20	54	0	190,264,275,376,400,869,874,896,907,908	124,198,209,310,334,833,838,860,871,872	2	3,4,5,6,7,12,13,14,15,16	251	749	1446	20|7|2|3|1|3|9|2|1|1|2|3
GA	Orycun	LTR	ERVK	ERVNOC_I-int	chr12:29511052-29512544+	chr12:113547456-113548919-	28	59	0	190,202,264,275,279,874,894,896,907,908	123,135,197,208,212,835,855,857,868,869	2	1,2,3,4,5,17,18,19,20,21	125	747	1444	28|6|1|3|0|3|8|4|0|1|4|1
GA	Orycun	LTR	ERVK	ERVNOC_I-int	chr12:29511052-29512544+	chr13:80415089-80416720+	13	23	0	264,275,376,400,463,529,769,869,874,896,907,908	234,245,346,370,433,499,739,866,871,893,904,905	1	2,3,4,5,6,7,8,9,10,11,12,13	672	672	1233	13|1|0|0|1|0|5|1|0|0|1|1
GA	Orycun	LTR	ERVK	ERVNOC_I-int	chr12:82722954-82724371+	chrUn0835:6326-7390+	16	46	0	265,270,274,275,341,396,836,847,848,852,925	123,178,47,52,56,57,613,624,625,629,702	2	1,2,3,4,5,6,8,9,10,11,12	222	656	1059	16|5|0|1|3|2|12|4|1|0|2|0
GA	Orycun	LTR	ERVK	ERVNOC_I-int	chr12:103917182-103918667+	chr18:22154091-22155064-	28	60	0	1008,1016,1023,1030,1045,595,602,612,613,630,638,988	107,114,124,125,142,150,484,502,510,517,524,539	2	1,2,3,4,5,6,15,16,17,18,19,20	100	433	987	28|4|2|4|1|0|15|3|0|2|0|1
GA	Orycun	LTR	ERVK	ERVNOC_I-int	chr12:108369437-108370762-	chr7:46727552-46728907+	11	24	0	567,569,594,617,756,822,834,878,889,890	567,569,594,617,770,836,848,896,907,908	1	2,3,4,5,6,7,8,9,10,11	342	342	1166	11|0|0|2|1|0|8|2|0|0|0|0
GA	Orycun	LTR	ERVK	ERVNOC_I-int	chr12:108369437-108370762-	chrX:99616713-99618181+	25	73	0	567,569,594,617,739,758,822,834,878,889,890	542,544,569,592,728,747,811,823,871,882,883	2	3,4,5,6,7,8,9,10,11,12,13	343	342	1079	25|9|1|2|2|1|13|11|2|3|1|3
GA	Orycun	LTR	ERVK	ERVNOC_I-int	chr12:127728582-127729905+	chr12:137557208-137558505-	44	121	0	270,281,286,290,310,742,751,784,787,797,835	102,122,558,569,602,605,615,653,82,93,98	2	2,3,4,5,6,28,29,30,31,32,33	137	572	1135	44|23|1|1|1|2|22|15|3|2|3|4
GA	Orycun	LTR	ERVK	ERVNOC_I-int	chr12:129520658-129522191+	chr7:141669253-141670625+	17	50	0	297,331,339,357,409,779,789,792,802,819	333,367,375,393,445,826,836,839,849,865	2	1,2,3,4,5,11,12,13,14,15	153	533	845	17|10|5|0|2|1|9|3|0|1|1|1
GA	Orycun	LTR	ERVK	ERVNOC_I-int	chr12:131737034-131738406+	chr8:22298221-22299576-	41	110	0	1009,1012,1014,1015,1017,464,465,482,484,485	458,459,476,478,479,991,994,996,997,999	2	13,14,15,16,17,34,35,36,37,38	31	542	1363	41|9|4|6|0|5|16|18|3|3|4|1
GA	Orycun	LTR	ERVK	ERVNOC_I-int	chr12:137437110-137438705-	chrUn0028:2582560-2583881+	38	114	0	228,263,286,290,360,489,491,492,499,504,509	228,263,286,290,361,491,493,494,501,506,511	2	3,4,5,6,7,16,17,18,19,20,21	155	284	1240	38|15|1|2|3|5|21|17|1|4|3|4
GA	Orycun	LTR	ERVK	ERVNOC_I-int	chr12:150808198-150809464-	chr3:76102334-76103674-	22	63	0	460,461,480,517,520,523,540,564,573,597,601,604	472,473,489,526,529,532,549,573,582,606,610,613	2	6,7,8,9,10,11,12,13,14,15,16,17	143	142	765	22|10|1|2|2|0|15|4|3|3|1|0
GA	Orycun	LTR	ERVK	ERVNOC_I-int	chr13:20812089-20812475+	chr15:66641047-66642352+	16	25	0	106,111,270,296,297,301,328,362,363,57,66,79,83	105,110,269,295,296,300,327,361,362,57,65,78,82	2	1,2,3,4,5,6,10,11,12,13,14,15,16	148	306	371	16|2|0|0|1|0|1|4|0|0|0|1
GA	Orycun	LTR	ERVK	ERVNOC_I-int	chr13:75586084-75587483-	chr2:1068955-1070484-	35	102	0	1132,1134,1177,1180,1194,805,806,807,809,811	1124,1126,1169,1172,1186,801,802,803,805,807	2	11,12,13,14,15,23,24,25,26,27	70	386	1374	35|17|3|1|3|0|14|13|4|4|1|7
GA	Orycun	LTR	ERVK	ERVNOC_I-int	chr13:110539617-110540940-	chr14:133627889-133629651-	32	87	0	216,232,265,270,274,338,817,823,824,826,837,838	250,266,299,304,308,372,847,853,854,856,867,868	2	3,4,5,6,7,8,19,20,21,22,23,24	145	619	1226	32|9|1|2|3|3|12|13|3|3|2|4
GA	Orycun	LTR	ERVK	ERVNOC_I-int	chr13:110539617-110540940-	chrUn0158:541035-542311+	19	51	0	710,725,750,764,794,817,821,823,824,826,837,838	744,759,784,798,846,869,873,875,876,878,889,890	2	6,7,8,9,10,11,12,13,14,15,16,17	148	147	1075	19|9|1|0|0|2|6|7|2|1|0|4
GA	Orycun	LTR	ERVK	ERVNOC_I-int	chr13:117594258-117595775-	chr8:8222367-8223864+	18	43	0	125,141,198,241,277,288,293,297,319,55	106,122,190,233,269,280,285,289,311,37	1	1,2,3,4,5,6,7,8,9,10	275	275	518	18|3|2|1|0|3|9|4|1|0|1|1
GA	Orycun	LTR	ERVK	ERVNOC_I-int	chr13:138883347-138884232+	chr7:34246405-34247824-	13	35	0	116,120,130,133,136,140,153,164,185,216	513,517,527,530,533,537,550,561,583,614	1	2,3,4,5,6,7,8,9,10,11	102	102	324	13|7|2|1|0|0|6|1|2|3|0|0
GA	Orycun	LTR	ERVK	ERVNOC_I-int	chr14:1748287-1749769-	chr2:1068955-1070484-	26	71	0	247,285,296,301,305,846,850,852,853,855,866,867	250,288,299,304,308,863,867,869,870,872,883,884	2	4,5,6,7,8,15,16,17,18,19,20,21	81	635	1505	26|11|1|0|3|2|10|7|4|3|1|3
GA	Orycun	LTR	ERVK	ERVNOC_I-int	chr14:1748287-1749769-	chr8:5186835-5188316-	29	66	0	276,285,296,301,305,846,850,852,853,855,866,867	241,250,261,266,270,825,829,831,832,834,845,846	2	3,4,5,6,7,14,15,16,17,18,19,20	52	606	1463	29|10|0|0|3|2|9|6|3|2|1|1
GA	Orycun	LTR	ERVK	ERVNOC_I-int	chr14:1748287-1749769-	chrUn0060:852201-853696-	18	53	0	276,285,296,301,305,793,846,852,861,866	246,255,266,271,275,763,835,841,850,855	2	4,5,6,7,8,11,12,13,14,15	123	610	1470	18|8|1|1|1|1|11|8|2|0|1|1
GA	Orycun	LTR	ERVK	ERVNOC_I-int	chr14:1748287-1749769-	chr16:77681322-77682726-	28	72	0	140,147,186,188,196,815,823,846,852,853,855	34,41,731,739,762,768,769,771,81,83,92	2	1,2,3,4,5,18,19,20,21,22,23	100	738	1391	28|6|2|1|1|4|15|8|1|3|1|2
GA	Orycun	LTR	ERVK	ERVNOC_I-int	chr14:6106943-6108305+	chr20:15328098-15329587-	23	66	0	214,240,256,278,289,294,298,498,499,511,516,558	206,232,248,270,281,286,290,491,492,504,509,553	2	3,4,5,6,7,8,9,15,16,17,18,19	148	348	663	23|8|0|0|0|1|14|8|4|5|1|2
GA	Orycun	LTR	ERVK	ERVNOC_I-int	chr14:58355686-58357067-	chrUn0070:391547-393083+	37	110	0	336,339,341,345,404,430,467,863,902,907,929,940,941	337,340,342,346,405,431,468,859,898,903,925,936,937	2	6,7,8,9,10,11,12,15,16,17,18,19,20	211	601	1288	37|13|2|4|3|4|13|14|5|5|3|7
GA	Orycun	LTR	ERVK	ERVNOC_I-int	chr14:58355686-58357067-	chr14:153165133-153166589+	38	107	0	1004,336,339,341,345,404,863,902,907,929,940	269,272,274,278,337,796,834,839,861,872,936	2	5,6,7,8,9,13,14,15,16,17,18	210	668	1264	38|15|3|2|2|3|13|15|4|4|2|6
GA	Orycun	LTR	ERVK	ERVNOC_I-int	chr14:58638350-58639720+	chrUn0005:5950310-5951631+	33	96	0	544,546,547,554,559,564,618,621,623,639,648	483,485,486,493,498,503,559,562,564,579,588	2	6,7,8,9,10,11,13,14,15,16,17	51	106	1255	33|16|1|6|2|4|17|13|2|0|1|1
GA	Orycun	LTR	ERVK	ERVNOC_I-int	chr14:66398589-66400001+	chr3:12580024-12581351-	23	68	0	1000,857,861,885,897,915,962,967,969,970,972	780,784,808,820,838,883,888,890,891,893,921	2	9,10,11,12,13,14,15,16,17,18,19	143	142	855	23|5|2|3|3|0|11|10|4|4|1|2
GA	Orycun	LTR	ERVK	ERVNOC_I-int	chr14:67896879-67898372+	chr2:71785341-71786982-	23	66	0	1020,1095,1117,1133,1138,528,530,531,535,543,548,581	1174,1249,1267,1283,1288,663,665,666,670,678,685,718	2	3,4,5,6,7,8,9,18,19,20,21,22	171	626	1362	23|8|0|4|1|3|13|5|3|1|3|2
GA	Orycun	LTR	ERVK	ERVNOC_LTR	chr10:28220538-28221052+	chrUn0064:283712-284233+	11	26	0	223,224,256,292,295,303,313,328,351,359	229,230,262,299,302,310,320,335,358,366	2	1,2,3,4,5,6,7,8,9,10	139	138	515	11|3|0|1|1|1|2|4|2|1|0|0
GA	Orycun	LTR	ERVK	ERVNOC_LTR	chr10:28222552-28223066+	chrUn0064:283712-284233+	11	27	0	223,224,256,292,295,303,313,328,351,359	229,230,262,299,302,310,320,335,358,366	2	1,2,3,4,5,6,7,8,9,10	139	138	515	11|3|0|1|1|1|4|4|2|0|0|0
GA	Orycun	LTR	ERVK	ERVNOC_I-int	chr15:9567589-9568104+	chr7:5424319-5425784+	12	20	0	124,129,146,169,175,182,321,326,405,422,430,84	124,129,146,169,175,182,321,326,405,422,430,84	2	1,2,3,4,5,6,7,8,9,10,11,12	348	347	501	12|2|1|0|0|1|2|1|0|1|0|0
GA	Orycun	LTR	ERVK	ERVNOC_I-int	chr15:11966313-11967764+	chrUn0036:1632873-1634335+	18	44	0	416,423,526,552,753,790,813,819,820,828,833	416,423,526,552,755,792,815,821,822,830,835	2	4,5,6,7,8,9,10,11,12,13,14	421	420	1456	18|6|0|3|1|0|6|7|1|0|1|1
GA	Orycun	LTR	ERVK	ERVNOC_I-int	chr15:11966313-11967764+	chr7:109415893-109417352+	22	58	0	416,423,473,508,526,790,813,819,820,828,833,834,835	418,425,475,510,528,794,817,823,824,832,837,838,839	2	4,5,6,7,8,11,12,13,14,15,16,17,18	157	422	1455	22|6|0|0|3|1|13|8|1|1|2|1
GA	Orycun	LTR	ERVK	ERVNOC_I-int	chr15:11966313-11967764+	chrUn0015:1909370-1910864+	22	54	0	416,423,526,552,673,790,813,819,820,828,833	450,457,560,586,709,826,849,855,856,864,869	2	6,7,8,9,10,11,12,13,14,15,16	421	420	1455	22|2|0|1|3|1|13|7|0|2|1|2
GA	Orycun	LTR	ERVK	ERVNOC_I-int	chr15:11966313-11967764+	chr2:27929782-27931294+	22	46	0	416,423,526,539,552,623,695,732,790,813,819,820,828,833	454,461,564,577,590,663,735,772,830,853,859,860,868,873	2	5,6,7,8,9,10,11,12,13,14,15,16,17,18	421	420	1424	22|7|0|0|1|1|5|7|0|0|2|1
GA	Orycun	LTR	ERVK	ERVNOC_I-int	chr15:26973596-26975089-	chr7:39434836-39436260-	12	32	0	810,811,835,853,885,917,919,920,922,977	744,745,769,787,819,849,851,852,854,909	2	3,4,5,6,7,8,9,10,11,12	167	166	793	12|2|1|1|0|1|4|6|1|1|3|0
GA	Orycun	LTR	ERVK	ERVNOC_I-int	chr15:62018273-62019596+	chr9:52065103-52066481+	35	105	0	413,414,422,428,433,434,495,504,508,509,513	415,416,424,430,435,436,494,503,507,508,512	2	8,9,10,11,12,13,14,15,16,17,18	99	98	1350	35|14|1|4|4|6|21|10|0|5|3|2
GA	Orycun	LTR	ERVK	ERVNOC_I-int	chr15:65115004-65116353+	chrX:56205539-56206856+	15	36	0	598,621,634,648,656,849,857,892,893,897	576,599,612,626,634,827,835,870,871,875	2	3,4,5,6,7,8,9,10,11,12	301	300	1247	15|5|0|1|2|1|4|5|1|1|1|0
GA	Orycun	LTR	ERVK	ERVNOC_I-int	chr15:65115004-65116353+	chr7:116869500-116870842-	13	39	0	514,598,621,634,656,857,859,881,892,893	505,589,612,625,647,870,872,894,905,906	2	1,2,3,4,5,6,7,8,9,10	403	402	1260	13|4|1|2|1|0|8|6|0|1|2|1
GA	Orycun	LTR	ERVK	ERVNOC_I-int	chr15:65115004-65116353+	chr3:68174284-68175766-	30	90	0	514,598,621,634,656,709,837,843,859,881,892,893	505,589,612,625,647,700,833,839,853,875,886,887	2	6,7,8,9,10,11,12,13,14,15,16,17	384	383	1238	30|13|1|3|3|5|8|10|4|4|4|5
GA	Orycun	LTR	ERVK	ERVNOC_I-int	chr15:73396656-73398117-	chrUn0103:403764-405246-	13	34	0	1005,1027,345,353,371,402,408,842,846,916	1026,1048,371,379,397,428,434,863,867,937	2	1,2,3,4,5,8,9,10,11,12	250	678	1406	13|4|1|1|0|1|8|4|1|0|0|1
GA	Orycun	LTR	ERVK	ERVNOC_I-int	chr15:108180775-108182153-	chr16:83364763-83366104+	27	81	0	511,534,539,540,552,557,564,584,590,599	477,500,505,506,518,523,530,550,556,565	1	7,8,9,10,11,12,13,14,15,16	89	89	1122	27|9|3|1|0|1|12|16|2|3|5|2
GA	Orycun	LTR	ERVK	ERVNOC_I-int	chr16:4840052-4841525-	chrUn0002:4131577-4133036+	48	89	0	1005,1017,1025,1029,1032,1033,1038,1041,1043,1103,1104,819,823,825,826,828,839,840,972,975,990,998	1004,1016,1024,1028,1031,1032,1037,1040,1042,1101,1102,817,821,823,824,826,837,838,971,974,989,997	2	16,17,18,19,20,21,22,23,24,25,26,27,28,29,30,31,32,33,34,35,36,37	287	286	1465	48|10|2|1|1|0|11|9|2|3|2|0
GA	Orycun	LTR	ERVK	ERVNOC_I-int	chr16:4840052-4841525-	chr2:101413603-101415120+	44	89	0	1017,1025,1029,1032,1033,1038,1041,1057,1299,1310,1321,1333,1404,766,819,825,826,839,972,975,990,998	1020,1023,1038,1046,1065,1073,1077,1080,1081,1086,1089,1105,1346,1357,1368,1380,1447,795,867,873,874,887	3	11,12,13,14,15,17,18,19,20,21,22,23,24,25,26,27,28,39,40,41,42,43	281	653	1478	44|10|1|2|1|2|9|9|3|3|1|4
GA	Orycun	LTR	ERVK	ERVNOC_I-int	chr16:4840052-4841525-	chr4:51950832-51952325+	46	78	0	1017,1025,1029,1032,1033,1038,1041,1103,1104,1110,1134,1172,1188,1199,1263,345,346,360,377,417,424,819,823,825,826,828,839,840,972,975,990,998	1010,1018,1037,1045,1049,1052,1053,1058,1061,1123,1124,1130,1154,1192,1208,1219,1283,367,368,382,399,439,446,838,842,844,845,847,858,859,992,995	3	2,3,4,5,6,7,15,16,17,18,19,20,21,23,24,25,26,27,28,29,30,31,32,33,34,35,36,37,38,39,40,41	394	917	1337	46|10|0|2|1|2|5|8|2|1|0|1
GA	Orycun	LTR	ERVK	ERVNOC_I-int	chr16:4840052-4841525-	chr6:13791517-13793004-	37	86	0	1017,1025,1029,1032,1033,1038,1041,1057,1299,1310,1321,1333,1379,972,975,990,998	1011,1019,1038,1046,1050,1053,1054,1059,1062,1078,1311,1322,1333,1345,1391,993,996	2	12,13,14,15,16,17,18,19,20,21,22,23,32,33,34,35,36	167	399	1480	37|10|2|2|3|1|14|7|2|3|4|1
GA	Orycun	LTR	ERVK	ERVNOC_I-int	chr16:4840052-4841525-	chr3:15283337-15284821+	41	88	0	1017,1025,1029,1032,1033,1038,1041,1057,964,972,975,990,998	1003,1006,1021,1029,1048,1056,1060,1063,1064,1069,1072,1088,994	1	15,16,17,18,19,20,21,22,23,24,25,26,27	95	95	1456	41|8|2|3|3|1|12|8|2|2|3|3
GA	Orycun	LTR	ERVK	ERVNOC_I-int	chr16:4840052-4841525-	chrUn1767:9597-11055+	44	101	0	1017,1025,1029,1032,1033,1038,1041,1103,1104,346,360,397,417,424,819,823,825,826,828,839,840,972,975,990	1015,1023,1027,1030,1031,1036,1039,1100,1101,345,359,396,416,423,816,820,822,823,825,836,837,970,973,988	3	4,5,6,7,8,15,16,17,18,19,20,21,23,24,25,26,27,28,29,30,31,32,33,34	233	757	1465	44|10|5|1|3|3|11|10|3|5|1|5
GA	Orycun	LTR	ERVK	ERVNOC_I-int	chr16:4840052-4841525-	chrUn0129:289878-291393-	46	93	0	1017,1025,1029,1032,1033,1038,1041,1057,1299,1310,1321,1329,1333,972,986,990,998	1011,1036,1040,1048,1067,1075,1079,1082,1083,1088,1091,1107,1340,1351,1362,1370,1374	2	17,18,19,20,21,22,23,24,25,26,27,28,41,42,43,44,45	132	364	1456	46|10|2|2|2|1|10|7|2|6|2|3
GA	Orycun	LTR	ERVK	ERVNOC_I-int	chr16:4840052-4841525-	chrUn0180:355444-356883+	40	84	0	1017,1025,1029,1032,1033,1038,1041,1057,766,797,819,825,826,839,972,975,986,990,998	1000,1004,1007,1008,1013,1016,1032,719,769,791,797,798,811,945,948,961,965,973,992	2	5,6,7,8,9,10,13,14,15,16,17,18,19,20,21,22,23,24,25	181	314	1436	40|6|2|5|2|1|11|8|4|2|1|2
GA	Orycun	LTR	ERVK	ERVNOC_I-int	chr16:4840052-4841525-	chrUn0193:141459-142923-	47	116	0	1017,1025,1029,1032,1033,1038,1041,796,819,825,826,828,839,975,990,998	1014,1022,1026,1029,1030,1035,1038,791,814,820,821,823,834,970,987,995	2	11,12,13,14,15,16,18,19,20,21,22,23,24,25,26,27	113	248	1468	47|17|2|3|2|2|14|17|4|6|1|1
GA	Orycun	LTR	ERVK	ERVNOC_I-int	chr16:4840052-4841525-	chr17:70112382-70113922+	43	97	0	1017,1025,1029,1032,1033,1038,1041,796,819,825,826,839,972,975,990,998	1046,1049,1065,1073,1092,1100,1104,1107,1108,1113,1116,870,893,899,900,913	2	11,12,13,14,15,17,18,19,20,21,22,23,24,25,26,27	115	247	1435	43|15|2|3|3|3|11|11|1|4|1|0
GA	Orycun	LTR	ERVK	ERVNOC_I-int	chr16:4840052-4841525-	chr8:3032382-3033897+	47	106	0	1017,1025,1029,1032,1033,1038,1041,1299,1310,1321,1333,1379,796,819,825,826,828,972,975,986,990,998	1018,1021,1033,1037,1045,1064,1072,1076,1079,1080,1085,1088,1340,1351,1362,1374,1420,842,865,871,872,874	3	16,17,18,19,20,22,23,24,25,26,27,28,29,30,31,32,33,42,43,44,45,46	185	579	1477	47|12|2|1|4|2|18|12|2|4|1|1
GA	Orycun	LTR	ERVK	ERVNOC_I-int	chr16:4840052-4841525-	chrUn0047:214511-215995+	52	112	0	1015,1017,1025,1029,1032,1033,1038,1041,1299,1310,1321,1333,1379,320,346,360,417,424,461,788,796,819,825,826,828,839,972,975,990,998	1003,1011,1028,1030,1038,1042,1045,1046,1051,1054,1309,1320,1331,1343,1389,325,350,364,421,428,465,798,806,829,835,836,838,849,983,986	4	3,4,5,6,7,8,14,15,16,17,18,19,20,22,23,24,25,26,27,28,29,30,31,32,33,47,48,49,50,51	346	1065	1478	52|12|2|2|3|4|13|14|2|4|2|2
GA	Orycun	LTR	ERVK	ERVNOC_I-int	chr16:4840052-4841525-	chr4:45637506-45638969-	45	115	0	1017,1018,1025,1299,1310,1321,1333,1379,796,819,825,826,828,839,972,975,990,998	1012,1013,1020,1288,1299,1310,1322,1368,789,812,818,819,821,832,965,968,985,993	3	13,14,15,16,17,18,20,21,22,23,24,25,26,40,41,42,43,44	181	580	1468	45|13|4|3|3|4|15|13|4|5|1|5
GA	Orycun	LTR	ERVK	ERVNOC_I-int	chr16:4840052-4841525-	chr21:7150750-7152227+	41	113	0	1002,1017,1025,1029,1032,1033,1038,1041,1299,1310,1321,1333,1379,819,825,826,828,839,972,975,990,998	1006,1010,1025,1033,1037,1040,1041,1046,1049,1304,1315,1326,1336,1382,825,831,832,834,845,978,981,998	3	9,10,11,12,13,14,15,16,17,18,19,20,21,22,23,24,25,36,37,38,39,40	305	558	1475	41|15|4|2|3|1|19|17|4|5|2|0
GA	Orycun	LTR	ERVK	ERVNOC_I-int	chr16:4840052-4841525-	chr7:15937171-15938682+	41	104	0	1017,1025,819,823,825,826,828,839,840,972,975,990,998	1013,1016,1033,1041,1060,1068,868,872,874,875,877,888,889	2	12,13,14,15,16,17,18,19,20,21,22,23,24	202	201	1475	41|15|3|6|1|1|18|11|4|3|1|0
GA	Orycun	LTR	ERVK	ERVNOC_I-int	chr16:4840052-4841525-	chrUn0002:11836677-11838156+	44	129	0	1017,1025,1029,1032,1033,1038,796,819,825,826,828,839,972,975,990,998	1000,1008,1027,1035,1039,1042,1043,1048,805,828,834,835,837,848,981,984	2	12,13,14,15,16,17,19,20,21,22,23,24,25,26,27,28	112	244	1476	44|14|3|5|4|5|21|18|2|6|2|5
GA	Orycun	LTR	ERVK	ERVNOC_I-int	chr16:4840052-4841525-	chr17:43817323-43818833-	44	98	0	1017,1025,1172,1188,1199,1209,1237,1263,819,825,826,828,839,975,990,998	1014,1031,1039,1058,1066,1212,1228,1239,1249,1277,1303,858,864,865,867,878	3	14,15,16,17,18,20,21,22,23,24,34,35,36,37,38,39	166	446	1293	44|13|3|4|2|1|15|8|2|3|1|2
GA	Orycun	LTR	ERVK	ERVNOC_I-int	chr16:4840052-4841525-	chr7:37787714-37789054+	32	90	0	1017,1025,1029,1032,1033,1038,1041,972,975,990,998	1002,1005,1020,1028,1047,1055,1059,1062,1063,1068,1071	2	14,15,16,17,18,19,20,21,22,23,24	71	70	1232	32|13|4|3|2|5|14|8|1|5|3|0
GA	Orycun	LTR	ERVK	ERVNOC_I-int	chr16:4840052-4841525-	chrUn0078:231313-232627-	37	99	0	1017,1025,1029,1032,1033,1038,1041,796,819,825,826,839	1016,1024,1028,1031,1032,1037,1040,798,821,827,828,838	2	12,13,14,15,16,22,23,24,25,26,27,28	66	243	1254	37|10|5|4|4|5|13|10|1|5|2|3
GA	Orycun	LTR	ERVK	ERVNOC_I-int	chr16:4840052-4841525-	chr7:165199796-165201063-	37	83	0	1017,1025,1029,1032,1033,1038,1041,1043,796,819,825,826,834,839,972,975,990,998	1016,1024,1028,1031,1032,1037,1040,1042,792,815,821,822,830,835,969,972,989,997	2	10,11,12,13,14,15,18,19,20,21,22,23,24,25,26,27,28,29	118	251	1248	37|11|3|2|3|1|11|7|4|2|1|1
GA	Orycun	LTR	ERVK	ERVNOC_I-int	chr16:4840052-4841525-	chrUn0335:240818-242180+	26	66	0	1005,1017,1025,1029,1032,1033,1038,1041,972,990,998	1009,1037,1045,1052,1064,1072,1076,1079,1080,1085,1088	1	12,13,14,15,16,17,18,19,20,21,22	80	80	1163	26|8|3|3|3|1|10|5|1|4|2|0
GA	Orycun	LTR	ERVK	ERVNOC_I-int	chr16:4840052-4841525-	chr5:21380397-21381726+	28	73	0	1017,1025,1029,1032,1033,1038,1041,972,975,990,998	1013,1021,1025,1028,1029,1034,1037,967,970,986,994	1	14,15,16,17,18,19,20,21,22,23,24	71	71	1154	28|10|4|3|2|2|7|5|3|6|2|1
GA	Orycun	LTR	ERVK	ERVNOC_I-int	chr16:4840052-4841525-	chr2:30059257-30060585-	38	104	0	1017,1025,1029,1032,1033,1038,1041,796,812,819,825,826,828,972,975,990,998	1004,1012,1031,1039,1043,1046,1047,1052,1055,809,825,832,838,839,841,986,989	2	11,12,13,14,15,16,17,18,19,20,21,22,23,24,25,26,27	248	247	1273	38|18|3|1|2|3|20|14|1|1|3|0
GA	Orycun	LTR	ERVK	ERVNOC_I-int	chr16:4840052-4841525-	chr8:61063588-61064972-	27	67	0	1017,1025,1029,1032,1033,1038,1041,972,975,990,998	1041,1044,1059,1067,1086,1094,1098,1101,1102,1107,1110	1	13,14,15,16,17,18,19,20,21,22,23	70	70	1120	27|10|2|3|2|2|8|5|1|4|3|0
GA	Orycun	LTR	ERVK	ERVNOC_I-int	chr16:4840052-4841525-	chr2:67358693-67360021-	27	64	0	1017,1025,1029,1032,1033,1038,1041,1057,972,975,990,998	1013,1021,1025,1028,1029,1034,1037,1053,968,971,986,994	1	15,16,17,18,19,20,21,22,23,24,25,26	86	86	1090	27|9|0|3|2|2|9|4|1|3|2|2
GA	Orycun	LTR	ERVK	ERVNOC_I-int	chr16:4840052-4841525-	chrUn0446:27308-28669+	29	74	0	1017,1029,1032,1033,1038,1041,761,819,825,826,839,972,986,990,998	1003,1028,1032,1040,1059,1071,1074,1075,1080,1083,791,849,855,856,869	2	11,12,13,14,15,16,17,18,19,20,21,22,23,24,25	294	293	1163	29|8|3|3|4|1|10|7|1|5|1|2
GA	Orycun	LTR	ERVK	ERVNOC_I-int	chr16:4840052-4841525-	chrX:35807899-35809203-	26	73	0	1017,1025,1029,1032,1033,1038,1041,972,975,990,998	1006,1014,1018,1021,1022,1027,1030,961,964,979,987	1	12,13,14,15,16,17,18,19,20,21,22	70	70	1151	26|10|4|4|2|3|11|6|1|4|2|0
GA	Orycun	LTR	ERVK	ERVNOC_I-int	chr16:4840052-4841525-	chr8:66200800-66202148-	29	69	0	1017,1025,1029,1032,1033,1038,1041,819,823,825,826,828,839,840,972,990,998	1024,1032,1051,1059,1063,1066,1067,1072,1075,842,846,848,849,851,862,863,996	2	8,9,10,11,12,13,14,15,16,17,18,19,20,21,22,23,24	235	234	1157	29|7|3|3|2|1|9|8|2|3|1|1
GA	Orycun	LTR	ERVK	ERVNOC_I-int	chr16:4840052-4841525-	chrUn0231:396806-398125-	27	79	0	1017,1025,1029,1032,1033,1038,1041,334,360,415,417,424,972,990,998	1002,1021,1029,1033,1036,1037,1042,1045,334,360,415,417,424,967,994	2	2,3,4,5,6,14,15,16,17,18,19,20,21,22,23	170	712	1159	27|14|3|3|4|3|12|6|1|5|1|0
GA	Orycun	LTR	ERVK	ERVNOC_I-int	chr16:4840052-4841525-	chrUn0090:436647-438017+	40	103	0	1017,1025,1029,1032,1033,1038,1041,819,820,825,826,828,839,969,972,975,990,998	1021,1024,1027,1042,1050,1069,1077,1081,1084,1085,1090,1093,870,871,876,877,879,890	2	11,12,13,14,15,16,18,19,20,21,22,23,24,25,26,27,28,29	94	224	1229	40|13|3|0|3|4|16|17|2|2|1|2
GA	Orycun	LTR	ERVK	ERVNOC_I-int	chr16:4840052-4841525-	chrUn0261:199137-200527+	28	75	0	1017,1025,1029,1032,1033,1038,1041,972,975,990,998	1046,1049,1064,1072,1091,1099,1103,1106,1107,1112,1115	1	14,15,16,17,18,19,20,21,22,23,24	70	70	1120	28|8|3|4|3|2|12|6|1|4|3|1
GA	Orycun	LTR	ERVK	ERVNOC_I-int	chr16:4840052-4841525-	chr9:71143177-71144553-	29	71	0	1017,1025,1029,1032,1033,1038,1041,972,975,990,998	1022,1025,1041,1049,1068,1076,1080,1083,1084,1089,1092	1	16,17,18,19,20,21,22,23,24,25,26	71	71	1171	29|9|4|3|2|1|9|6|1|3|1|3
GA	Orycun	LTR	ERVK	ERVNOC_I-int	chr16:4840052-4841525-	chrX:2123532-2125022+	66	172	0	1005,1017,1025,1029,1032,1033,1038,1039,1041,1043,1263,1285,1299,1310,1321,1333,796,819,825,826,828,839,975,990,998	1002,1010,1017,1029,1037,1041,1044,1045,1050,1051,1053,1055,1279,1301,1315,1326,1337,1349,807,830,836,837,839,850,985	3	28,29,30,31,32,33,34,35,36,37,38,39,40,41,42,43,44,45,46,58,59,60,61,62,63	321	543	1473	66|21|2|6|4|6|31|22|5|6|2|1
GA	Orycun	LTR	ERVK	ERVNOC_I-int	chr16:4840052-4841525-	chrUn0026:496972-498330+	37	93	0	1017,1025,1029,1032,1033,1038,1041,1057,346,360,397,417,424,972,990,998	1003,1031,1039,1058,1066,1070,1073,1074,1079,1082,1099,382,396,433,453,460	2	4,5,6,7,8,18,19,20,21,22,23,24,25,26,27,28	176	718	1190	37|13|3|2|3|4|16|10|1|1|1|2
GA	Orycun	LTR	ERVK	ERVNOC_I-int	chr16:4840052-4841525-	chr4:66739471-66740695+	22	55	0	796,819,825,826,828,839,971,972,975,990,998	1006,1007,1010,1027,1035,830,853,859,860,862,873	2	10,11,12,13,14,15,17,18,19,20,21	74	206	1025	22|11|2|0|3|1|4|7|2|1|1|1
GA	Orycun	LTR	ERVK	ERVNOC_I-int	chr16:4840052-4841525-	chr16:7420999-7422353-	28	69	0	1017,1025,1029,1032,1033,1038,1041,796,819,825,826,839,972,990,998	1001,1029,1037,1056,1064,1068,1071,1072,1077,1080,835,858,864,865,875	2	10,11,12,13,14,15,16,17,18,19,20,21,22,23,24	247	246	1136	28|10|2|3|3|1|11|7|1|2|1|0
GA	Orycun	LTR	ERVK	ERVNOC_I-int	chr16:4840052-4841525-	chrX:45643253-45644625-	31	77	0	1017,1025,1029,1032,1033,1038,796,812,819,825,826,828,990,998	1045,1053,1072,1080,1084,1087,1088,1093,849,865,872,878,879,881	2	11,12,13,14,15,16,19,20,21,22,23,24,25,26	82	245	1168	31|9|5|4|3|1|7|7|1|5|1|3
GA	Orycun	LTR	ERVK	ERVNOC_I-int	chr16:4840052-4841525-	chrX:43674954-43676315-	43	115	0	1017,1025,1029,1032,1033,1038,1041,796,819,825,826,828,944,972,975,990,994,998	1015,1018,1034,1038,1042,1061,1069,1073,1076,1077,1082,1085,839,862,868,869,871,987	2	14,15,16,17,18,20,21,22,23,24,25,26,27,28,29,30,31,32	132	247	1271	43|14|2|1|3|4|21|19|3|2|1|2
GA	Orycun	LTR	ERVK	ERVNOC_I-int	chr16:4840052-4841525-	chrUn0158:541035-542311+	30	61	0	1017,1025,1029,1032,1033,1038,1039,1041,712,727,752,766,796,819,823,825,826,828,839,840,990,998	1042,1050,1069,1077,1081,1084,1085,1090,1091,1093,744,759,784,798,846,869,873,875,876,878,889,890	3	6,7,8,9,10,11,12,13,14,15,16,17,21,22,23,24,25,26,27,28,29,30	200	350	1065	30|10|1|0|1|1|6|5|2|3|0|2
GA	Orycun	LTR	ERVK	ERVNOC_I-int	chr16:4840052-4841525-	chr18:3146430-3147515-	29	66	0	1017,1025,1029,1032,1033,1038,1041,1057,819,823,825,826,828,839,840,964,972,975,990,998	1008,1016,1020,1023,1024,1029,1032,1048,810,814,816,817,819,830,831,955,963,966,981,989	2	8,9,10,11,12,13,14,15,16,17,18,19,20,21,22,23,24,25,26,27	240	239	1088	29|6|2|3|1|0|8|5|3|4|2|3
GA	Orycun	LTR	ERVK	ERVNOC_I-int	chr16:4840052-4841525-	chrUn0074:1371355-1372560+	37	108	0	1017,1025,1029,1032,1033,1038,1041,972,975,990,998	861,864,880,888,907,915,919,922,923,928,931	1	15,16,17,18,19,20,21,22,23,24,25	71	71	1192	37|16|4|3|6|4|18|12|2|3|3|0
GA	Orycun	LTR	ERVK	ERVNOC_I-int	chr16:4840052-4841525-	chr16:68109312-68110625+	30	71	0	1017,1025,1029,1032,1033,1038,1041,796,812,819,825,826,839,972,990,998	1012,1020,1024,1027,1028,1033,1036,783,799,806,812,813,823,957,985,993	2	13,14,15,16,17,18,19,20,21,22,23,24,25,26,27,28	255	254	1090	30|9|2|1|3|1|9|9|2|3|1|1
GA	Orycun	LTR	ERVK	ERVNOC_I-int	chr16:4840052-4841525-	chr21:14843369-14844554-	29	73	0	1017,1025,1029,1032,1033,1038,1041,346,360,417,424,481,796,819,825,826,839,972,990,998	1018,1026,1030,1033,1034,1039,1042,350,364,421,428,485,789,812,818,819,829,963,991,999	3	1,2,3,4,5,13,14,15,16,17,18,19,20,21,22,23,24,25,26,27	391	693	1090	29|9|1|2|5|2|11|7|2|3|1|1
GA	Orycun	LTR	ERVK	ERVNOC_I-int	chr16:20591929-20592502+	chr21:7050880-7052188-	16	40	0	344,372,375,385,394,395,407,408,427,428	354,382,385,395,404,405,417,418,439,440	1	5,6,7,8,9,10,11,12,13,14	87	87	577	16|7|0|0|0|2|8|4|2|1|0|0
GA	Orycun	LTR	ERVK	ERVNOC_I-int	chr16:20591929-20592502+	chr9:107397951-107399271-	22	53	0	101,113,126,146,375,385,387,394,395,44	106,118,131,151,381,391,393,400,401,45	2	1,2,3,4,5,11,12,13,14,15	128	357	575	22|7|1|1|0|2|11|3|1|1|2|2
GA	Orycun	LTR	ERVK	ERVNOC_I-int	chr16:77724544-77726047+	chr9:80815807-80817265+	16	37	0	225,241,263,274,279,337,389,390,399,404	250,266,288,299,304,363,415,416,425,430	2	3,4,5,6,7,9,10,11,12,13	123	181	448	16|7|0|0|0|1|6|3|0|2|0|2
GA	Orycun	LTR	ERVK	ERVNOC_I-int	chr16:77724544-77726047+	chrUn0001:4737508-4738972+	16	42	0	225,241,263,274,279,283,389,390,391,392,399	232,248,270,281,286,290,399,400,401,402,409	2	3,4,5,6,7,8,11,12,13,14,15	70	178	461	16|6|1|2|0|0|9|6|1|0|0|1
GA	Orycun	LTR	ERVK	ERVNOC_I-int	chr16:77724544-77726047+	chr2:70764792-70766280+	18	46	0	225,241,263,274,279,283,389,390,391,392,399	233,249,271,282,287,291,399,400,401,402,409	2	2,3,4,5,6,7,10,11,12,13,14	70	177	459	18|7|0|0|0|0|7|9|1|1|2|1
GA	Orycun	LTR	ERVK	ERVNOC_I-int	chr16:77724544-77726047+	chr17:64447574-64449058-	18	42	0	225,241,263,274,279,283,389,390,391,392,399	232,248,270,281,286,290,397,398,399,400,407	2	2,3,4,5,6,7,10,11,12,13,14	70	176	458	18|3|0|0|0|0|7|9|2|0|1|2
GA	Orycun	LTR	ERVK	ERVNOC_I-int	chr16:77724544-77726047+	chrX:66246620-66248149+	17	37	0	225,241,247,263,274,279,283,390,391,392,396,399	271,287,293,309,320,325,329,437,438,439,444,447	2	1,2,3,4,5,6,7,11,12,13,14,15	70	177	272	17|5|2|0|0|0|4|5|2|1|0|1
GA	Orycun	LTR	ERVK	ERVNOC_I-int	chr16:77724544-77726047+	chr3:2108885-2110342+	15	40	0	225,241,263,274,279,283,285,390,391,392,396,399	232,248,270,281,286,290,292,397,398,399,404,407	2	1,2,3,4,5,6,7,9,10,11,12,13	72	176	458	15|5|1|0|0|0|8|7|1|1|0|2
GA	Orycun	LTR	ERVK	ERVNOC_I-int	chr16:77724544-77726047+	chr2:95741965-95743471+	16	37	0	225,241,263,274,279,283,389,390,391,392,399	232,248,270,281,286,290,399,400,401,402,409	2	3,4,5,6,7,8,10,11,12,13,14	70	178	459	16|3|0|0|2|0|6|8|1|0|0|1
GA	Orycun	LTR	ERVK	ERVNOC_I-int	chr16:78396718-78398024-	chr3:12580024-12581351-	25	75	0	426,434,464,522,535,638,668,678,687,705	437,445,475,530,543,647,673,683,692,702	2	3,4,5,6,7,8,9,10,11,12	267	266	1307	25|7|2|2|4|5|12|6|4|4|2|2
GA	Orycun	LTR	ERVK	ERVNOC_I-int	chr16:79450383-79451819+	chrUn1500:10653-12125+	15	42	0	129,136,169,182,218,250,266,288,293,316	128,135,168,181,217,249,265,287,292,315	2	1,2,3,4,5,6,7,8,9,10	189	188	674	15|7|1|1|3|1|9|1|3|0|1|0
GA	Orycun	LTR	ERVK	ERVNOC_I-int	chr17:5754379-5755597-	chrUn0220:379289-380711+	24	64	0	283,345,397,404,412,812,817,825,841,843,857,866	266,328,380,387,395,827,832,840,856,858,872,881	2	2,3,4,5,6,17,18,19,20,21,22,23	185	616	968	24|6|3|0|3|2|9|7|2|4|2|2
GA	Orycun	LTR	ERVK	ERVNOC_I-int	chr17:27049152-27050459-	chrUn0158:541035-542311+	16	48	0	754,769,794,808,838,861,865,867,868,870,881,882	744,759,784,798,846,869,873,875,876,878,889,890	2	3,4,5,6,7,8,9,10,11,12,13,14	148	147	1114	16|10|0|0|0|1|6|9|2|1|0|3
GA	Orycun	LTR	ERVK	ERVNOC_I-int	chr17:32644269-32645659-	chrUn0103:403764-405246-	16	47	0	1085,1107,483,520,547,557,785,926,931,953,964,965	1026,1048,397,434,461,471,699,867,872,894,905,906	2	1,2,3,4,5,6,7,8,9,10,11,12	653	652	1241	16|8|1|2|2|1|6|4|2|0|0|5
GA	Orycun	LTR	ERVK	ERVNOC_I-int	chr17:43748166-43749663-	chr8:5186835-5188316-	35	77	0	1091,1093,1113,1123,1144,1182,766,767,768,770,772	1076,1078,1098,1108,1129,1167,763,764,765,767,769	2	16,17,18,19,20,30,31,32,33,34,35	99	405	1489	35|13|0|1|2|2|11|6|3|2|0|2
GA	Orycun	LTR	ERVK	ERVNOC_I-int	chr18:18799095-18800734+	chr18:22154091-22155064-	11	13	0	692,699,707,709,710,728,736,770,795,847	107,114,122,124,125,142,150,184,209,261	1	1,2,3,4,5,6,7,8,9,10	155	155	277	11|2|0|0|0|0|0|0|0|0|0|0
GA	Orycun	LTR	ERVK	ERVNOC_I-int	chr18:22454900-22456208-	chr7:34623240-34624692+	21	58	0	325,327,360,390,425,771,776,800,807,813,814	306,308,341,371,406,767,772,796,803,809,810	2	3,4,5,6,7,10,11,12,13,14,15	145	505	1146	21|4|3|1|2|2|7|8|3|1|4|2
GA	Orycun	LTR	ERVK	ERVNOC_I-int	chr18:41601855-41603152-	chrUn0608:32897-34288-	27	64	0	237,250,253,256,257,261,491,504,514,528,534,546,551,575,584,602,615	269,282,285,288,289,291,516,529,539,553,559,571,576,600,609,627,640	2	3,4,5,6,7,8,16,17,18,19,20,21,22,23,24,25,26	148	372	678	27|10|0|1|1|4|7|6|2|4|0|2
GA	Orycun	LTR	ERVK	ERVNOC_I-int	chr18:41601855-41603152-	chr8:91367670-91369018-	27	75	0	250,253,256,257,261,271,287,514,528,531,534,551,575,578,584,615	262,265,268,269,273,283,299,523,537,540,543,560,584,587,593,624	2	6,7,8,9,10,11,12,16,17,18,19,20,21,22,23,24	140	363	701	27|13|2|2|3|3|8|7|3|4|2|1
GA	Orycun	LTR	ERVK	ERVNOC_I-int	chr18:41601855-41603152-	chrUn0075:700393-701770-	32	78	0	491,500,514,528,531,534,538,544,546,551	476,485,500,514,517,520,524,530,532,537	1	14,15,16,17,18,19,20,21,22,23	62	62	730	32|8|4|6|1|3|13|4|1|3|2|1
GA	Orycun	LTR	ERVK	ERVNOC_I-int	chr18:67913796-67915104+	chrUn0075:700393-701770-	25	68	0	492,501,515,529,532,535,539,545,547,552	476,485,500,514,517,520,524,530,532,537	1	9,10,11,12,13,14,15,16,17,18	62	62	700	25|8|3|3|1|1|15|4|2|3|2|1
GA	Orycun	LTR	ERVK	ERVNOC_I-int	chr19:13097594-13098742-	chrUn0182:322359-323718+	24	56	0	469,474,477,535,553,559,862,905,940,941,943	467,472,475,533,551,557,823,866,901,902,904	2	10,11,12,13,14,15,19,20,21,22,23	173	438	1116	24|9|2|4|2|2|4|6|0|1|1|1
GA	Orycun	LTR	ERVK	ERVNOC_I-int	chr2:19734512-19735850-	chrUn0075:942891-944257+	44	131	0	122,134,211,215,217,472,474,475,479,492	138,150,227,231,233,488,490,491,495,510	2	5,6,7,8,9,22,23,24,25,26	119	373	1344	44|23|1|3|3|5|27|12|1|6|3|3
GA	Orycun	LTR	ERVK	ERVNOC_I-int	chr2:91085831-91087113+	chrUn0279:114941-116270-	30	86	0	1176,1181,1245,1265,1267,404,413,424,432,433	1223,1228,1292,1312,1314,412,421,432,442,443	2	11,12,13,14,15,26,27,28,29,30	124	903	1305	30|13|3|2|0|2|19|6|6|1|0|4
GA	Orycun	LTR	ERVK	ERVNOC_I-int	chr2:118048268-118049780+	chrUn1500:10653-12125+	13	32	0	101,134,147,183,215,231,253,258,264,94	128,135,168,181,217,249,265,287,292,298	2	1,2,3,4,5,6,7,8,9,10	172	171	541	13|6|0|0|1|0|8|0|2|2|0|0
GA	Orycun	LTR	ERVK	ERVNOC_I-int	chr2:163793731-163795075+	chr3:106642737-106644241+	25	52	0	243,259,281,292,297,301,515,520,553,562,574,604	232,248,270,281,286,290,511,516,549,558,570,600	2	2,3,4,5,6,7,20,21,22,23,24,25	149	369	597	25|6|1|1|0|1|10|5|0|2|0|1
GA	Orycun	LTR	ERVK	ERVNOC_I-int	chr2:163793731-163795075+	chr20:15328098-15329587-	23	52	0	168,217,243,259,281,292,297,301,502,503,515,520,553,562	151,206,232,248,270,281,286,290,491,492,504,509,544,553	2	1,2,3,4,5,6,7,8,16,17,18,19,20,21	203	403	594	23|6|1|0|0|1|8|8|1|3|0|1
GA	Orycun	LTR	ERVK	ERVNOC_I-int	chr2:163793731-163795075+	chr9:109594648-109596118-	22	55	0	243,259,281,292,297,301,520,544,553,562,574	230,246,268,279,284,288,514,538,547,556,568	2	1,2,3,4,5,6,16,17,18,19,20	114	339	596	22|8|2|1|1|2|11|5|0|2|0|1
GA	Orycun	LTR	ERVK	ERVNOC_I-int	chr3:6490356-6491319+	chr7:26686848-26688168+	26	67	0	168,169,176,181,182,193,199,201,202,218,245	457,458,465,470,471,482,488,490,491,507,534	1	4,5,6,7,8,9,10,11,12,13,14	78	78	606	26|9|3|2|0|0|15|6|0|2|2|2
GA	Orycun	LTR	ERVK	ERVNOC_I-int	chr3:14773803-14774928-	chr7:6302682-6304123+	25	56	0	104,129,149,155,160,414,415,421,434,435	106,131,151,157,162,413,414,420,433,434	2	4,5,6,7,8,16,17,18,19,20	79	329	626	25|4|2|2|1|0|12|6|1|2|0|1
GA	Orycun	LTR	ERVK	ERVNOC_I-int	chr3:22236844-22238104-	chrUn0608:32897-34288-	19	44	0	452,465,475,489,495,507,512,545,563,576	516,529,539,553,559,571,576,609,627,640	1	9,10,11,12,13,14,15,16,17,18	125	125	477	19|8|1|2|1|2|4|3|1|3|0|0
GA	Orycun	LTR	ERVK	ERVNOC_I-int	chr3:44059056-44060477-	chr8:41475875-41477214+	15	33	0	246,249,250,252,253,257,263,287,338,360,361	213,216,217,219,220,222,228,252,303,325,326	2	1,2,3,4,5,6,7,8,9,10,11	115	114	274	15|4|0|2|0|0|5|3|1|2|0|1
GA	Orycun	LTR	ERVK	ERVNOC_I-int	chr3:111057433-111058885-	chrUn0073:524659-526210-	20	60	0	1048,1081,1097,1128,1140,584,612,625,631,636,644	1153,1182,1198,1229,1241,686,714,727,733,738,746	2	5,6,7,8,9,10,13,14,15,16,17	150	556	969	20|8|1|1|0|0|15|10|2|0|2|1
GA	Orycun	LTR	ERVK	ERVNOC_I-int	chr3:116792170-116793503+	chrUn0139:258798-260144-	20	53	0	766,811,817,818,829,834,841,852,855,894	756,816,822,823,834,839,846,857,860,899	1	8,9,10,11,12,13,14,15,16,17	144	144	1339	20|6|3|1|0|1|6|11|2|2|1|0
GA	Orycun	LTR	ERVK	ERVNOC_I-int	chr3:116792170-116793503+	chrUn3004:3915-5258+	29	73	0	10,102,17,44,54,811,817,818,829,834,841,852,856,91	105,11,18,45,55,830,836,837,848,853,860,871,875,94	2	1,2,3,4,5,6,13,14,15,16,17,18,19,20	141	865	1325	29|12|2|1|1|5|12|7|3|0|1|0
GA	Orycun	LTR	ERVK	ERVNOC_I-int	chr3:116792170-116793503+	chrX:7631302-7632588-	25	62	0	812,813,817,818,829,834,841,852,894,914	765,766,770,771,782,787,794,805,847,867	1	10,11,12,13,14,15,16,17,18,19	103	103	1106	25|6|1|3|0|2|10|9|1|2|1|2
GA	Orycun	LTR	ERVK	ERVNOC_I-int	chr3:116792170-116793503+	chrUn0046:1911018-1912299-	16	33	0	794,811,817,818,829,834,841,852,894,914	734,751,757,758,769,774,781,792,834,854	1	1,2,3,4,5,6,7,8,9,10	121	121	616	16|4|3|2|1|1|1|3|1|0|1|0
GA	Orycun	LTR	ERVK	ERVNOC_I-int	chr3:120558573-120559892+	chrUn0279:114941-116270-	38	105	0	1213,1218,1281,1291,1295,1301,1303,403,404,415,423,424	1223,1228,1292,1302,1306,1312,1314,420,421,432,442,443	2	14,15,16,17,18,32,33,34,35,36,37,38	116	895	1323	38|15|5|3|0|1|17|16|3|1|2|4
GA	Orycun	LTR	ERVK	ERVNOC_I-int	chr3:121099454-121100843-	chr9:108374376-108375679-	27	71	0	11,18,23,394,395,404,412,413,66,82	11,18,23,396,397,406,414,415,66,82	2	1,2,3,4,5,10,11,12,13,14	92	405	753	27|9|1|3|1|0|10|11|4|1|2|2
GA	Orycun	LTR	ERVK	ERVNOC_I-int	chr4:21966405-21967980-	chr8:1210024-1211355+	14	30	0	324,331,342,347,351,422,493,500,528,629	244,251,262,267,271,342,413,420,448,549	2	4,5,6,7,8,10,11,12,13,14	236	306	800	14|7|0|0|0|0|3|5|0|0|1|0
GA	Orycun	LTR	ERVK	ERVNOC_I-int	chr4:62755675-62757151+	chr8:91367670-91369018-	33	87	0	572,582,601,604,617,827,855,872,942,943	556,566,584,587,600,786,814,831,901,902	2	19,20,21,22,23,29,30,31,32,33	162	347	948	33|11|5|4|1|2|8|12|3|3|3|2
GA	Orycun	LTR	ERVK	ERVNOC_I-int	chr4:62755675-62757151+	chrUn0004:720506-721812+	20	49	0	572,577,582,597,617,781,798,822,824,850,859,862,872,896,942	506,511,516,530,550,712,723,738,740,766,775,778,788,812,858	3	2,3,4,5,6,11,12,13,14,15,16,17,18,19,20	193	353	702	20|4|1|0|1|0|7|11|1|1|2|1
GA	Orycun	LTR	ERVK	ERVNOC_I-int	chr4:69965696-69966717+	chr7:26686848-26688168+	21	53	0	456,482,483,500,502,503,522,549,563,564	444,470,471,488,490,491,507,534,548,549	1	6,7,8,9,10,11,12,13,14,15	106	106	720	21|7|1|1|1|1|7|5|6|1|1|1
GA	Orycun	LTR	ERVK	ERVNOC_I-int	chr5:36756630-36757919+	chrUn0182:322359-323718+	28	80	0	126,128,143,246,247,469,474,477,510,529,547	125,127,142,244,245,467,472,475,514,533,551	2	5,6,7,8,9,11,12,13,14,15,16	206	427	1307	28|15|2|1|2|5|10|9|2|3|1|2
GA	Orycun	LTR	ERVK	ERVNOC_I-int	chr6:9058870-9060240+	chrUn0191:130424-131780+	39	113	0	1000,1002,1012,484,501,504,513,523,529,994,997	1001,1004,1006,1016,492,509,512,521,531,537,998	2	10,11,12,13,14,15,28,29,30,31,32	65	525	1355	39|17|2|2|2|1|20|16|3|3|4|4
GA	Orycun	LTR	ERVK	ERVNOC_I-int	chr7:26486819-26488125+	chrUn0131:137605-138661+	21	47	0	479,480,499,512,522,536,542,559,592,610,624	475,476,492,505,515,529,535,552,585,603,616	1	9,10,11,12,13,14,15,16,17,18,19	142	142	674	21|5|1|1|0|0|8|4|1|4|1|1
GA	Orycun	LTR	ERVK	ERVNOC_I-int	chr7:26486819-26488125+	chrUn0075:700393-701770-	27	74	0	451,499,508,522,536,539,542,546,552,554,559	428,476,485,500,514,517,520,524,530,532,537	1	9,10,11,12,13,14,15,16,17,18,19	110	110	740	27|7|2|3|1|4|13|4|3|3|5|2
GA	Orycun	LTR	ERVK	ERVNOC_I-int	chr7:72759545-72760951+	chrUn0073:524659-526210-	27	75	0	1021,1054,1070,1101,1113,557,585,598,604,609,617	1153,1182,1198,1229,1241,686,714,727,733,738,746	2	11,12,13,14,15,16,20,21,22,23,24	150	556	1041	27|11|2|1|0|0|18|8|2|3|1|2
GA	Orycun	LTR	ERVK	ERVNOC_I-int	chr7:93627005-93628472-	chrUn0220:379289-380711+	19	47	0	265,307,318,327,379,386,394,441,716,726,756,810,815	266,308,319,328,380,387,395,443,742,752,782,827,832	2	2,3,4,5,6,7,8,9,13,14,15,16,17	269	567	991	19|5|1|1|0|1|6|7|1|4|2|0
GA	Orycun	LTR	ERVK	ERVNOC_I-int	chr7:127335652-127337057+	chrUn0002:8386553-8387914-	28	81	0	446,456,527,531,540,544,559,561,611,635,666	432,442,503,507,516,520,535,537,587,611,642	2	5,6,7,8,9,10,11,12,13,14,15	212	211	1382	28|13|3|5|2|3|10|8|2|2|1|4
GA	Orycun	LTR	ERVK	ERVNOC_I-int	chr9:70880184-70881621-	chrUn0033:2540949-2542412+	14	34	0	333,345,359,396,399,416,423,438,454,526	343,355,369,406,409,426,433,448,464,536	2	2,3,4,5,6,7,8,9,10,11	195	194	1427	14|4|3|0|0|1|6|4|0|1|1|0
GA	Orycun	LTR	ERVK	ERVNOC_I-int	chr9:70880184-70881621-	chrUn0021:3508378-3509828+	15	40	0	345,359,367,396,399,416,423,438,454,526	345,359,367,396,399,416,423,438,454,526	2	3,4,5,6,7,8,9,10,11,12	183	182	1443	15|5|3|0|0|0|5|7|0|3|1|1
GA	Orycun	LTR	ERVK	ERVNOC_LTR	chr13:95792740-95793219-	chr7:10168067-10168545-	10	13	0	192,300,321,419,427,463,70,71,73,88	192,300,321,418,426,462,70,71,73,88	2	1,2,3,4,5,6,7,8,9,10	394	393	478	10|1|0|0|0|0|1|1|0|0|0|0
GA	Orycun	LTR	ERVK	ERVNOC_I-int	chrX:27264261-27265716-	chrUn0073:524659-526210-	27	73	0	1052,1085,1101,1132,1144,588,616,629,635,640,648	1153,1182,1198,1229,1241,686,714,727,733,738,746	2	11,12,13,14,15,16,20,21,22,23,24	150	556	1055	27|10|2|1|0|0|19|7|2|3|0|2
GA	Orycun	LTR	ERVK	ERVNOC_I-int	chrUn0027:1436671-1437994-	chrUn0835:6326-7390+	13	33	0	295,300,304,305,426,889,962,975,983,984	178,47,52,56,57,629,702,715,723,724	2	1,2,3,4,5,8,9,10,11,12	228	678	1070	13|4|1|0|1|0|6|6|1|0|1|0
GA	Orycun	LTR	ERVK	ERVNOC_I-int	chrUn0099:319911-321287-	chrUn0608:32897-34288-	21	44	0	452,465,475,489,495,507,512,519,536,545	516,529,539,553,559,571,576,583,600,609	1	11,12,13,14,15,16,17,18,19,20	94	94	476	21|6|1|1|1|2|4|5|2|1|0|0
GA	Orycun	LTR	ERVK	ERVNOC_I-int	chrUn0117:705843-707305+	chrUn0220:379289-380711+	20	47	0	281,301,353,360,415,752,808,813,837,856	308,328,380,387,443,782,827,832,856,875	2	3,4,5,6,7,15,16,17,18,19	230	568	833	20|7|1|2|0|0|7|6|2|1|1|0
GA	Orycun	LTR	ERVK	ERVNOC_LTR	chr14:147308976-147309446+	chrUn0024:2617604-2618072-	13	36	0	105,127,149,172,174,181,378,383,400,410,418	105,127,149,172,174,181,377,382,399,409,417	2	1,2,3,4,5,6,9,10,11,12,13	118	313	469	13|4|1|1|0|3|1|5|1|2|3|2
GA	Orycun	LTR	ERVK	ERVNOC_LTR	chr15:20418808-20419272+	chrUn0024:2617604-2618072-	12	32	0	153,176,178,185,240,372,377,394,404,412	149,172,174,181,236,377,382,399,409,417	2	3,4,5,6,7,8,9,10,11,12	270	269	466	12|4|1|1|0|1|5|5|2|0|1|0
GA	Orycun	LTR	ERVK	ERVNOC_LTR	chr4:46778098-46778602+	chr5:12306550-12307053-	13	24	0	209,214,240,241,263,412,434,437,444,452	209,214,240,241,261,411,433,436,443,451	2	4,5,6,7,8,9,10,11,12,13	244	243	503	13|1|0|1|2|0|3|2|0|1|0|1
GA	Orycun	LTR	ERVK	ERVNOC_LTR	chrX:4695731-4696205+	chrUn0376:124324-124806+	18	30	0	251,253,264,268,269,321,329,330,336,359,365,371,401	256,258,269,273,274,328,336,337,343,366,372,378,408	2	4,5,6,7,8,9,10,11,12,13,14,15,16	154	153	475	18|2|0|2|0|3|2|3|0|0|0|0
GA	Orycun	LTR	ERVK	ERVNOC_LTR	chrX:4695731-4696205+	chrUn0043:509716-510198+	16	31	0	251,256,264,268,269,316,318,321,329,330,336,365	256,261,269,273,274,323,325,328,336,337,343,372	2	3,4,5,6,7,8,9,10,11,12,13,14	118	117	475	16|3|1|0|1|2|4|4|0|0|0|0
GA	Orycun	LTR	ERVK	ERVNOC_LTR	chrX:4695731-4696205+	chrUn0008:3939059-3939541-	20	32	0	251,264,268,269,293,318,321,329,330,336,365	256,269,273,274,300,325,328,336,337,343,372	2	4,5,6,7,8,10,11,12,13,14,15	93	117	475	20|0|1|0|0|2|5|4|0|0|0|0
