GA	Musmus	LTR	ERVL-MaLR	MTC	chr10:110962613-110963019+	chr15:31669403-31669812+	22	64	0	166,180,210,214,220,47,49,50,54,56	154,168,198,202,208,46,48,49,53,55	2	3,4,5,6,7,14,15,16,17,18	65	163	368	22|9|5|3|2|1|4|8|5|1|1|3
GA	Musmus	LTR	ERVL-MaLR	ORR1A3	chr1:154143625-154143949-	chr1:193941838-193942153+	15	38	0	233,238,246,252,259,28,50,64,65,67	232,237,245,251,258,28,50,62,63,65	2	2,3,4,5,6,11,12,13,14,15	65	231	287	15|4|0|1|1|3|3|5|2|1|0|3
GA	Musmus	LTR	ERVL-MaLR	ORR1A4	chr15:75754169-75754504-	chr9:88391963-88392314-	18	46	0	103,106,108,113,32,40,50,52,63,73	100,103,105,110,32,40,50,52,60,70	2	1,2,3,4,5,7,8,9,10,11	70	79	322	18|6|2|2|0|1|3|3|1|4|2|4
GA	Musmus	LTR	ERVL-MaLR	ORR1A4	chr5:100426820-100427146+	chr6:52863074-52863401-	18	54	0	284,291,293,301,307,50,58,68,78,84	285,292,294,302,308,50,58,68,78,84	2	1,2,3,4,5,14,15,16,17,18	59	259	326	18|5|4|2|2|5|4|7|3|2|2|0
GA	Musmus	LTR	ERVL-MaLR	MTB	chr11:40160680-40161060-	chr13:74010158-74010544-	17	46	0	101,116,168,173,179,187,189,75,96,98,99	101,116,171,176,182,190,192,75,96,98,99	2	4,5,6,7,8,9,10,11,12,13,14	119	118	383	17|6|1|2|0|4|4|7|1|1|2|1
GA	Musmus	LTR	ERVL-MaLR	MTB_Mm	chr4:137802564-137802961+	chr5:103492913-103493307+	22	55	0	107,118,121,122,166,172,179,190,191,91,94,95,96	107,118,121,122,160,166,173,184,185,91,94,95,96	2	4,5,6,7,8,9,10,11,12,13,14,15,16	96	95	354	22|7|2|1|3|5|2|7|0|3|1|2
GA	Musmus	LTR	ERVL-MaLR	MTB	chr2:6019099-6019464+	chr6:84269335-84269713+	16	37	0	100,105,106,152,158,170,172,175,80,81	118,122,123,160,166,178,180,183,98,99	2	3,4,5,6,7,9,10,11,12,13	50	86	363	16|2|2|3|2|0|5|4|1|1|1|0
GA	Musmus	LTR	ERVL-MaLR	ORR1A2	chr8:115070928-115071278-	chr8:118807983-118808377-	13	35	0	198,214,225,236,246,50,52,57,65,77	104,112,124,245,261,272,283,293,97,99	2	1,2,3,4,5,8,9,10,11,12	77	197	346	13|2|2|0|3|1|6|6|1|0|1|0
GA	Musmus	LTR	ERVL-MaLR	MTA_Mm	chr3:155751301-155751707-	chr5:34150359-34150755-	12	17	0	11,131,173,205,206,207,209,59,92,97,98	11,128,170,202,203,204,206,57,90,95,96	1	1,2,3,4,5,6,7,8,9,10,11	196	196	399	12|0|0|0|0|0|3|0|1|0|1|0
GA	Musmus	LTR	ERVL-MaLR	MTA_Mm	chr4:58750847-58751235+	chr7:141812512-141812897+	14	31	0	127,129,145,170,183,188,207,33,40,64,68,91	127,129,145,170,183,188,207,33,40,64,68,91	2	1,2,3,4,5,6,7,8,9,10,11,12	176	175	386	14|5|1|1|0|0|1|3|3|1|1|1
