GA	Erieur	LTR	ERVK	ERV2-3_EE-LTR	JH835302:4891382-4891696+	JH836076:924180-924492-	14	28	0	119,122,124,135,139,179,227,235,242,260,300	117,120,122,133,137,177,225,233,240,258,298	2	3,4,5,6,7,8,9,10,11,12,13	183	182	313	14|4|0|1|1|1|1|5|0|0|0|1
GA	Erieur	LTR	ERVK	ERV2-4_EE-I	JH835290:4251543-4252393-	JH836589:102832-103799+	27	71	0	400,403,420,421,425,505,546,556,570,571,580	408,411,428,429,433,513,554,564,578,579,588	2	11,12,13,14,15,19,20,21,22,23,24	102	181	846	27|8|3|2|1|2|7|8|2|4|3|4
GA	Erieur	LTR	ERVK	ERV2-4_EE-I	JH835290:4251543-4252393-	JH835930:1223048-1223903-	28	78	0	323,345,420,423,425,524,526,532,546,570,596,597	331,353,428,431,433,532,534,540,554,578,604,605	2	6,7,8,9,10,14,15,16,17,18,19,20	177	275	848	28|13|0|4|0|1|10|10|2|5|2|3
GA	Erieur	LTR	ERVK	ERV2-4_EE-I	JH835292:2483393-2484387-	JH836589:102832-103799+	28	69	0	370,398,401,418,419,537,548,558,572,573,582	371,408,411,428,429,543,554,564,578,579,588	2	8,9,10,11,12,19,20,21,22,23,24	105	218	943	28|6|4|1|2|0|6|12|1|4|2|3
GA	Erieur	LTR	ERVK	ERV2-6_EE-I	JH835293:2308912-2309760+	JH835304:2907211-2907992-	21	55	0	214,215,220,222,225,226,229,230,263,305	213,214,219,221,224,225,228,229,262,303	1	8,9,10,11,12,13,14,15,16,17	91	91	610	21|5|1|0|2|1|4|15|1|1|1|3
GA	Erieur	LTR	ERVK	ERV2-6_EE-I	JH835293:2308912-2309760+	JH835462:1997434-1998204-	17	47	0	209,214,215,220,222,225,226,229,230,299	210,215,216,221,223,226,227,230,231,298	1	5,6,7,8,9,10,11,12,13,14	89	89	606	17|5|1|0|0|1|5|11|2|2|1|2
GA	Erieur	LTR	ERVK	ERV2-6_EE-I	JH835293:2308912-2309760+	JH835370:649030-649623-	17	46	0	209,215,220,222,225,226,229,230,263,305	205,211,216,218,221,222,225,226,259,300	1	4,5,6,7,8,9,10,11,12,13	96	96	598	17|5|1|1|3|2|3|9|0|1|3|1
GA	Erieur	LTR	ERVK	ERV2-6_EE-I	JH835295:6025045-6025990-	JH835682:1703910-1704679-	21	60	0	373,376,377,380,381,395,399,456,461,497,498	223,226,227,230,231,245,249,305,310,344,345	1	10,11,12,13,14,15,16,17,18,19,20	123	123	586	21|9|3|1|1|0|4|9|5|1|3|3
GA	Erieur	LTR	ERVK	ERV2-4_EE-I	JH835295:11505898-11506723-	JH835629:2312761-2313616-	38	71	0	109,120,128,139,544,547,548,557,560,60	107,118,126,137,539,542,543,552,555,58	2	2,3,4,5,6,22,23,24,25,26	97	498	831	38|7|0|3|0|2|6|8|0|3|4|0
GA	Erieur	LTR	ERVK	ERV2-4_EE-I	JH835297:522842-524419-	JH836589:102832-103799+	26	77	0	401,404,415,421,422,536,547,557,571,572,581	408,411,422,428,429,543,554,564,578,579,588	2	11,12,13,14,15,18,19,20,21,22,23	68	181	874	26|9|5|4|4|3|4|10|3|3|2|4
GA	Erieur	LTR	ERVK	ERV2-6_EE-I	JH835304:4412175-4412853-	JH835582:340940-341606+	25	71	0	142,49,54,55,62,65,66,69,70,84	139,50,55,56,63,66,67,70,71,85	1	3,4,5,6,7,8,9,10,11,12	90	90	665	25|7|2|1|0|4|8|16|0|1|5|2
GA	Erieur	LTR	ERVK	ERV2-6_EE-I	JH835304:4412175-4412853-	JH835338:4422291-4422958-	23	59	0	142,49,54,55,62,65,66,69,70,84	143,50,55,56,63,66,67,70,71,85	1	3,4,5,6,7,8,9,10,11,12	94	94	659	23|6|2|0|1|1|7|12|1|1|3|2
GA	Erieur	LTR	ERVK	ERV2-6_EE-I	JH835304:4412175-4412853-	JH836843:35895-37530+	19	54	0	103,142,145,49,54,55,62,65,66,69,70,84	1033,1038,1039,1046,1049,1050,1053,1054,1068,1087,1125,1128	1	3,4,5,6,7,8,9,10,11,12,13,14	96	96	649	19|6|2|2|0|3|5|9|1|3|2|2
GA	Erieur	LTR	ERVK	ERV2-6_EE-I	JH835304:4412175-4412853-	JH835972:1064376-1065008+	13	39	0	142,49,54,55,62,65,66,69,70,84	152,60,65,66,73,76,77,80,81,95	1	3,4,5,6,7,8,9,10,11,12	93	93	451	13|5|2|1|1|1|5|6|2|2|0|1
GA	Erieur	LTR	ERVK	LTR11B2a9_EE	JH836201:633739-634506-	JH836795:22888-23654-	35	102	0	399,407,428,431,441,502,505,506,511,513	383,391,413,416,426,504,507,508,513,515	2	15,16,17,18,19,20,21,22,23,24	134	133	756	35|18|3|11|7|6|7|7|6|2|0|0
GA	Erieur	LTR	ERVK	ERV2-6_EE-I	JH835306:5826174-5826859-	JH836020:670748-671554-	27	80	0	266,270,273,281,283,462,473,475,494,522	194,198,201,209,211,423,436,438,457,485	2	9,10,11,12,13,21,22,23,24,25	81	292	632	27|21|2|1|3|3|6|12|0|1|1|3
GA	Erieur	LTR	ERVK	ERV2-6_EE-I	JH835308:5549469-5550648+	JH835371:3342382-3343213-	17	37	0	1010,1032,1044,1049,1050,1055,1057,1060,1061,1064,1065,1079	174,196,207,212,213,218,220,223,224,227,228,242	2	3,4,5,6,7,8,9,10,11,12,13,14	70	69	342	17|3|1|3|0|2|3|3|0|2|2|1
GA	Erieur	LTR	ERVK	LTR11B_EE	JH835454:2749842-2750203-	JH835472:2841252-2841617+	12	29	0	200,217,219,224,244,261,286,290,298,315	203,220,222,227,248,265,290,294,302,319	2	3,4,5,6,7,8,9,10,11,12	118	117	363	12|8|0|2|0|1|2|3|1|0|0|0
GA	Erieur	LTR	ERVK	ERV2-4_EE-I	JH835318:6173811-6174514-	JH836589:102832-103799+	24	54	0	380,415,432,439,449,462,473,483,497,498	464,496,513,520,530,543,554,564,578,579	2	14,15,16,17,18,19,20,21,22,23	117	116	709	24|6|2|0|1|0|4|8|1|3|1|4
GA	Erieur	LTR	ERVK	ERV2-4_EE-I	JH835319:167389-168247+	JH836589:102832-103799+	26	60	0	347,371,408,411,428,429,464,496,513,543,554,564,578,579	347,371,408,411,428,429,464,496,513,543,554,564,578,579	2	10,11,12,13,14,15,17,18,19,20,21,22,23,24	199	233	854	26|6|2|2|2|0|4|11|1|3|0|3
GA	Erieur	LTR	ERVK	LTR13_EE	JH835290:13062825-13063633+	JH835303:632505-633333+	28	62	0	105,417,427,440,451,456,72,84,87,91,97	105,421,431,443,454,459,72,84,87,91,97	2	1,2,3,4,5,6,19,20,21,22,23	73	388	818	28|8|1|3|2|4|10|5|1|0|0|0
GA	Erieur	LTR	ERVK	LTR13_EE	JH835291:15047276-15048092-	JH835824:29096-29908-	17	51	0	251,264,269,272,335,616,620,686,692,736,769	246,259,264,267,330,611,615,682,688,732,765	2	5,6,7,8,9,12,13,14,15,16,17	240	520	810	17|8|3|2|3|0|6|6|2|2|1|1
GA	Erieur	LTR	ERVK	LTR13_EE	JH835293:8809686-8810476+	JH835584:2368250-2369042+	33	75	0	185,188,190,194,197,72,73,85,87,91	186,189,191,195,198,72,73,86,88,92	2	5,6,7,8,9,12,13,14,15,16	34	127	791	33|13|1|3|4|3|7|5|2|2|2|0
GA	Erieur	LTR	ERVK	LTR13_EE	JH835298:5313831-5314636+	JH835923:240068-240872-	15	26	0	119,125,168,230,250,363,428,441,506,512,81	118,124,167,229,249,362,427,440,505,511,81	2	1,2,3,4,5,6,8,9,10,11,12	319	431	804	15|1|0|0|1|0|2|6|0|0|0|1
GA	Erieur	LTR	ERVK	LTR13_EE	JH835298:5313831-5314636+	JH835845:441088-441892+	23	39	0	181,186,198,219,222,230,244,250,259,265	180,185,197,218,221,229,243,249,258,264	1	4,5,6,7,8,9,10,11,12,13	85	85	797	23|4|0|0|1|3|1|6|0|0|0|1
GA	Erieur	LTR	ERVK	LTR13_EE	JH835298:5313831-5314636+	JH835845:444849-445652+	27	43	0	181,186,195,198,219,222,230,244,250,253,259,265,273,452,468,489,491,506	181,186,195,198,219,222,230,244,250,253,259,265,273,452,468,489,491,506	2	4,5,6,7,8,9,10,11,12,13,14,15,16,20,21,22,23,24	148	326	804	27|1|0|0|1|2|3|8|0|0|0|1
GA	Erieur	LTR	ERVK	LTR13_EE	JH835299:10036639-10037425+	JH835584:2368250-2369042+	35	74	0	181,184,186,190,193,414,438,449,452,454,72,73,85,87,91	186,189,191,195,198,418,442,453,456,458,72,73,86,88,92	3	5,6,7,8,9,12,13,14,15,16,21,22,23,24,25	75	387	789	35|15|0|2|3|3|4|8|0|1|2|1
GA	Erieur	LTR	ERVK	LTR13_EE	JH835299:10036639-10037425+	JH835676:767191-768008+	22	53	0	33,351,359,414,449,452,454,57,84,87,93	33,355,363,418,453,456,458,57,84,87,93	2	2,3,4,5,6,13,14,15,16,17,18	165	426	794	22|9|0|2|1|3|4|8|1|1|2|0
GA	Erieur	LTR	ERVK	LTR13_EE	JH835302:9692984-9693777-	JH835584:2368250-2369042+	33	66	0	187,190,192,196,199,401,419,443,457,470	186,189,191,195,198,400,418,442,456,469	2	11,12,13,14,15,20,21,22,23,24	83	284	792	33|8|1|3|3|1|8|5|0|2|2|0
GA	Erieur	LTR	ERVK	LTR13_EE	JH835303:8941821-8942624-	JH835845:441088-441892+	25	45	0	180,181,185,197,218,221,616,634,640,641,655,681,727	180,181,185,197,218,221,617,635,641,642,656,682,728	2	4,5,6,7,8,9,18,19,20,21,22,23,24	154	549	803	25|6|1|0|0|2|2|4|1|1|0|3
GA	Erieur	LTR	ERVK	LTR13_EE	JH835303:8941821-8942624-	JH835845:444849-445652+	30	49	0	180,181,185,194,197,218,221,229,243,249,252,258,272,450,466,487,489,551,616,634,640,641,681	181,182,186,195,198,219,222,230,244,250,253,259,273,452,468,489,491,553,618,636,642,643,681	4	4,5,6,7,8,9,10,11,12,13,14,15,16,21,22,23,24,25,26,27,28,29,30	325	501	803	30|2|1|0|0|1|6|5|1|1|0|2
GA	Erieur	LTR	ERVK	LTR13_EE	JH835307:804447-805252+	JH835582:2555532-2556337-	18	30	0	264,308,337,382,399,440,505,635,642,712,726,745	264,308,337,382,399,440,505,635,642,712,726,745	2	7,8,9,10,11,12,13,14,15,16,17,18	483	482	805	18|5|1|0|0|0|1|1|0|1|3|0
GA	Erieur	LTR	ERVK	LTR13_EE	JH835307:804447-805252+	JH835845:441088-441892+	25	39	0	197,218,221,229,243,249,264,635,642,656,683,712,726,729	197,218,221,229,243,249,264,635,642,656,682,711,725,728	2	6,7,8,9,10,11,12,18,19,20,21,22,23,24	162	532	797	25|5|0|0|0|4|2|0|0|1|1|1
GA	Erieur	LTR	ERVK	LTR13_EE	JH835307:804447-805252+	JH835845:444849-445652+	28	42	0	181,185,197,218,221,229,243,249,252,264,272,451,467,488,490,505,552	182,186,198,219,222,230,244,250,253,265,273,452,468,489,491,506,553	2	4,5,6,7,8,9,10,11,12,13,14,18,19,20,21,22,23	194	372	804	28|3|0|0|0|3|3|2|0|1|2|0
GA	Erieur	LTR	ERVK	LTR13_EE	JH835310:1912821-1913625-	JH835838:578500-579301+	15	37	0	181,229,243,252,282,354,362,382,427,467	180,226,240,249,279,351,359,379,424,464	2	1,2,3,4,5,6,7,8,9,10	286	285	802	15|2|0|0|1|1|7|5|1|2|2|1
GA	Erieur	LTR	ERVK	LTR13_EE	JH835310:1912821-1913625-	JH835845:441088-441892+	23	45	0	197,218,221,229,243,249,258,617,635,642,656,682	197,218,221,229,243,249,258,617,635,642,656,682	2	5,6,7,8,9,10,11,17,18,19,20,21	128	486	797	23|4|0|0|1|3|6|3|1|2|1|1
GA	Erieur	LTR	ERVK	LTR13_EE	JH835310:1912821-1913625-	JH835845:444849-445652+	27	50	0	194,197,218,221,229,243,249,252,258,282,451,467,488,490,505	195,198,219,222,230,244,250,253,259,283,452,468,489,491,506	2	4,5,6,7,8,9,10,11,12,13,18,19,20,21,22	144	312	803	27|1|0|0|1|3|8|5|1|1|2|1
GA	Erieur	LTR	ERVK	LTR13_EE	JH835310:1912821-1913625-	AMDU01224476:1-610+	20	26	0	197,218,221,249,282,308,382,417,505,506,511,523,551,552,553	114,187,222,24,27,3,310,311,316,328,356,357,358,55,88	2	1,2,3,4,5,6,7,8,9,10,11,12,13,14,15	357	356	604	20|0|0|0|0|0|2|1|1|1|0|1
GA	Erieur	LTR	ERVK	LTR13_EE	JH835313:7465301-7466119+	AMDU01224476:1-610+	15	21	0	520,521,526,565,566,567,653,656,670,689,711,750,759	310,311,316,356,357,358,444,447,461,480,502,541,550	2	2,3,4,5,6,7,9,10,11,12,13,14,15	156	241	454	15|2|0|0|0|2|2|0|0|0|0|0
GA	Erieur	LTR	ERVK	LTR13_EE	JH835319:3751612-3752411+	JH835845:441088-441892+	23	39	0	229,243,249,258,273,637,651,677,720,723	229,243,249,258,278,642,656,682,725,728	2	8,9,10,11,12,18,19,20,21,22	137	500	801	23|6|1|1|0|3|4|1|0|0|0|0
GA	Erieur	LTR	ERVK	LTR13_EE	JH835319:3751612-3752411+	JH835845:444849-445652+	25	39	0	180,181,185,194,197,229,243,249,252,258	181,182,186,195,198,230,244,250,253,259	2	4,5,6,7,8,9,10,11,12,13	80	79	801	25|2|1|0|0|2|6|3|0|0|0|0
GA	Erieur	LTR	ERVK	LTR13_EE	JH835324:52239-53055-	JH835744:800921-801734-	21	61	0	181,185,243,251,264,51,72,81,84,85,87	178,182,240,248,261,47,68,77,81,82,84	2	2,3,4,5,6,7,9,10,11,12,13	122	215	811	21|7|0|4|1|5|6|10|0|2|1|4
GA	Erieur	LTR	ERVK	LTR13_EE	JH835324:5768497-5769300+	JH835845:444849-445652+	30	48	0	180,181,185,194,197,218,221,229,243,249,252,258,272,450,466,487,489,504	181,182,186,195,198,219,222,230,244,250,253,259,273,452,468,489,491,506	3	4,5,6,7,8,9,10,11,12,13,14,15,16,21,22,23,24,25	149	326	803	30|2|1|1|1|1|5|6|0|0|1|0
GA	Erieur	LTR	ERVK	LTR13_EE	JH835324:5768497-5769300+	JH836385:341721-342617+	16	27	0	102,105,361,398,416,439,466,503,504,505,57,92,97	102,105,373,410,428,451,478,515,516,517,57,92,97	2	1,2,3,4,5,7,8,9,10,11,12,13,14	194	461	705	16|3|2|1|0|0|1|2|1|0|0|1
GA	Erieur	LTR	ERVK	LTR13_EE	JH835325:2878807-2879100+	JH835845:441088-441892+	13	19	0	180,185,197,218,221,229,243,249,258,264	180,185,197,218,221,229,243,249,258,264	1	4,5,6,7,8,9,10,11,12,13	85	85	293	13|2|0|0|0|1|1|1|0|0|0|1
GA	Erieur	LTR	ERVK	LTR13_EE	JH835325:2878807-2879100+	JH835845:444849-445652+	16	23	0	180,185,194,197,218,221,229,243,249,252,258,264,272	181,186,195,198,219,222,230,244,250,253,259,265,273	1	4,5,6,7,8,9,10,11,12,13,14,15,16	93	93	293	16|1|0|0|0|1|0|3|0|0|1|1
GA	Erieur	LTR	ERVK	LTR13_EE	JH835326:3967088-3967884-	JH835845:441088-441892+	26	43	0	180,185,197,218,221,229,243,249,258,264,266	180,185,197,218,221,229,243,249,258,264,266	1	4,5,6,7,8,9,10,11,12,13,14	87	87	800	26|5|0|1|0|4|2|5|0|0|0|0
GA	Erieur	LTR	ERVK	LTR13_EE	JH835326:3967088-3967884-	JH835845:444849-445652+	29	43	0	180,185,194,197,218,221,229,243,249,252,258,264,266,272	181,186,195,198,219,222,230,244,250,253,259,265,267,273	1	4,5,6,7,8,9,10,11,12,13,14,15,16,17	93	93	799	29|1|1|0|0|3|3|6|0|0|0|0
GA	Erieur	LTR	ERVK	LTR13_EE	JH835326:4622402-4622823-	JH835845:444849-445652+	17	25	0	180,181,185,194,197,218,221,229,243,249,258,272	181,182,186,195,198,219,222,230,244,250,259,273	2	4,5,6,7,8,9,10,11,12,13,14,15	94	93	422	17|3|0|0|0|1|2|2|0|0|0|0
GA	Erieur	LTR	ERVK	ERV2-6_EE-I	JH835327:638787-639567-	JH835682:1703910-1704679-	22	57	0	209,214,215,222,225,226,229,230,248,263,309	210,215,216,223,226,227,230,231,249,264,310	1	6,7,8,9,10,11,12,13,14,15,16	101	101	774	22|7|2|0|2|0|5|11|2|2|3|1
GA	Erieur	LTR	ERVK	ERV2-6_EE-I	JH835327:638787-639567-	JH835610:1162471-1163208+	20	57	0	209,214,215,222,225,226,229,230,263,290	169,174,175,182,185,186,189,190,223,250	1	7,8,9,10,11,12,13,14,15,16	82	82	738	20|6|3|4|2|1|2|12|2|1|1|3
GA	Erieur	LTR	ERVK	ERV2-6_EE-I	JH835327:638787-639567-	JH835477:3079515-3080114+	17	47	0	209,214,215,222,225,226,229,230,263,309	210,215,216,223,226,227,230,231,264,310	1	5,6,7,8,9,10,11,12,13,14	101	101	562	17|10|1|2|3|1|3|8|0|1|0|1
GA	Erieur	LTR	ERVK	ERV2-6_EE-I	JH835327:638787-639567-	JH835729:1779592-1780410+	21	52	0	209,214,215,222,225,226,229,230,262,298	210,215,216,223,226,227,230,231,263,300	1	7,8,9,10,11,12,13,14,15,16	91	91	591	21|7|3|2|2|2|4|4|1|2|2|2
GA	Erieur	LTR	ERVK	ERV2-6_EE-I	JH835327:638787-639567-	JH835370:1483325-1483928-	18	46	0	209,214,215,222,225,226,229,230,263,302	103,142,49,54,55,62,65,66,69,70	1	3,4,5,6,7,8,9,10,11,12	94	94	605	18|6|2|1|2|0|3|7|2|2|2|1
GA	Erieur	LTR	ERVK	ERV2-6_EE-I	JH835327:638787-639567-	JH835776:957011-957455+	15	28	0	197,209,214,215,222,225,226,229,230,242,263	106,40,52,57,58,65,68,69,72,73,85	1	2,3,4,5,6,7,8,9,10,11,12	67	67	393	15|3|0|1|1|1|1|5|0|0|0|1
GA	Erieur	LTR	ERVK	LTR13_EE	JH835337:455284-456086-	JH835838:578500-579301+	21	42	0	177,178,182,217,226,240,248,249,261,269,308,351,359,379,424,465	179,180,184,217,226,240,248,249,261,269,308,351,359,379,424,464	2	1,2,3,4,5,6,7,8,9,10,11,12,13,14,15,16	287	286	801	21|4|2|0|2|0|5|7|0|1|0|0
GA	Erieur	LTR	ERVK	LTR13_EE	JH835337:455284-456086-	JH835845:441088-441892+	28	48	0	194,215,217,218,226,240,246,248,255,261	197,218,220,221,229,243,249,251,258,264	1	7,8,9,10,11,12,13,14,15,16	68	68	796	28|6|1|0|1|2|4|6|0|0|0|0
GA	Erieur	LTR	ERVK	LTR13_EE	JH835337:455284-456086-	JH835845:444849-445652+	32	52	0	191,194,215,217,218,226,240,246,248,249,255,261,269	195,198,219,221,222,230,244,250,252,253,259,265,273	1	6,7,8,9,10,11,12,13,14,15,16,17,18	79	79	802	32|3|1|0|1|1|6|7|0|1|0|0
GA	Erieur	LTR	ERVK	ERV2-6_EE-I	JH835328:3243124-3244274+	JH835578:18399-18993-	15	32	0	751,773,784,789,790,795,797,800,801,804,805,838	178,200,212,217,218,223,225,228,229,232,233,266	1	1,2,3,4,5,6,7,8,9,10,11,12	89	89	398	15|4|0|0|1|3|2|4|1|0|1|1
GA	Erieur	LTR	ERVK	ERV2-6_EE-I	JH835328:3243124-3244274+	JH835610:2313304-2314127+	16	29	0	751,773,784,789,790,795,797,800,801,804,805,838	173,195,207,212,213,218,220,223,224,227,228,261	1	1,2,3,4,5,6,7,8,9,10,11,12	89	89	415	16|3|0|0|3|1|1|3|1|0|1|0
GA	Erieur	LTR	ERVK	ERV2-4_EE-I	JH835335:2415150-2415995+	JH836589:102832-103799+	26	66	0	399,402,413,419,420,455,487,504,534,545,555,569,570,579	408,411,422,428,429,464,496,513,543,554,564,578,579,588	2	11,12,13,14,15,16,17,18,19,20,21,22,23,24	182	181	838	26|8|4|1|2|1|4|8|2|3|2|5
GA	Erieur	LTR	ERVK	LTR13_EE	JH835337:6024946-6025759+	JH835462:4003215-4004017+	27	65	0	180,219,221,229,251,253,259,417,440,451,454,456	167,206,208,216,238,240,246,404,427,438,441,443	2	8,9,10,11,12,13,14,18,19,20,21,22	120	277	779	27|7|0|1|0|8|9|7|1|2|3|0
GA	Erieur	LTR	ERVK	LTR13_EE	JH835337:6024946-6025759+	JH835744:800921-801734-	25	75	0	181,185,243,251,253,51,72,81,84,85,87	178,182,240,248,250,47,68,77,81,82,84	2	3,4,5,6,7,8,13,14,15,16,17	111	204	808	25|12|0|4|3|6|7|10|0|3|3|2
GA	Erieur	LTR	ERVK	LTR13_EE	JH835337:6335391-6336015-	JH835845:444849-445652+	21	30	0	13,16,37,4,40,48,63,69,72,78,84	186,195,198,219,222,230,244,250,253,259,265	1	1,2,3,4,5,6,7,8,9,10,11	80	80	619	21|0|0|0|0|0|7|0|0|0|2|0
GA	Erieur	LTR	ERVK	LTR13_EE	JH835337:6335391-6336015-	AMDU01224476:1-610+	19	27	0	16,326,331,343,369,37,371,372,373,40,69,84	24,27,3,311,316,328,354,356,357,358,55,70	2	1,2,3,4,5,8,9,10,11,12,13,14	116	356	606	19|1|0|0|0|0|4|0|1|0|2|0
GA	Erieur	LTR	ERVK	LTR13_EE	JH835338:2535759-2536550-	JH835584:2368250-2369042+	33	69	0	185,188,190,194,197,468,507,524,550,552,601,608,72,73,85,87,91	186,189,191,195,198,469,508,525,551,553,602,609,72,73,86,88,92	3	4,5,6,7,8,11,12,13,14,15,23,24,25,26,27,28,29	175	538	791	33|14|1|3|3|3|5|3|2|0|1|1
GA	Erieur	LTR	ERVK	LTR13_EE	JH835345:5380906-5381720+	JH835676:767191-768008+	19	41	0	30,351,359,414,453,466,54,81,84,90	33,355,363,418,456,469,57,84,87,93	2	1,2,3,4,5,12,13,14,15,16	176	437	810	19|8|0|0|1|2|3|6|0|0|0|2
GA	Erieur	LTR	ERVK	ERV2-4B_EE-I	JH835328:2362706-2363946-	JH836072:509485-510772+	29	61	0	1046,1059,1083,1087,1093,1100,730,733,734,746,753	1142,1155,1177,1181,1187,1194,810,813,814,826,833	2	16,17,18,19,20,24,25,26,27,28,29	77	385	786	29|8|0|0|3|2|5|7|2|2|1|2
GA	Erieur	LTR	ERVK	LTR13_EE	JH835347:4507688-4508494-	JH835845:444849-445652+	29	44	0	181,182,186,195,198,219,222,230,245,251,254,266,274,453,469,490,492,507,554	181,182,186,195,198,219,222,230,244,250,253,265,273,452,468,489,491,506,553	2	4,5,6,7,8,9,10,11,12,13,14,15,16,21,22,23,24,25,26	195	373	804	29|1|0|0|0|2|6|4|0|1|1|0
GA	Erieur	LTR	ERVK	LTR13_EE	JH835349:2371721-2372513-	JH835584:2368250-2369042+	33	72	0	186,189,191,195,198,418,442,453,456,458,73,74,86,88,92	186,189,191,195,198,418,442,453,456,458,72,73,86,88,92	3	4,5,6,7,8,10,11,12,13,14,19,20,21,22,23	75	387	792	33|13|1|3|4|1|9|4|0|0|1|3
GA	Erieur	LTR	ERVK	LTR13_EE	JH835349:2371721-2372513-	JH835676:767191-768008+	21	52	0	313,317,34,355,363,418,453,456,458,58,85,88,94,96	313,317,33,355,363,418,453,456,458,57,84,87,93,95	2	1,2,3,4,5,6,12,13,14,15,16,17,18,19	209	426	797	21|6|0|2|2|2|9|5|0|0|1|4
GA	Erieur	LTR	ERVK	LTR13_EE	JH835360:1547647-1548462-	JH835744:800921-801734-	22	62	0	181,185,214,242,250,263,72,81,84,85,87	178,182,212,240,248,261,68,77,81,82,84	2	3,4,5,6,7,11,12,13,14,15,16	101	194	790	22|12|0|4|1|5|10|5|0|0|2|1
GA	Erieur	LTR	ERVK	LTR13_EE	JH835361:851792-852607-	JH835744:800921-801734-	28	75	0	243,251,253,264,268,51,72,81,84,85,87	240,248,250,261,265,47,68,77,81,82,84	2	2,3,4,5,6,7,14,15,16,17,18	64	219	804	28|11|0|4|0|1|11|11|0|2|2|5
GA	Erieur	LTR	ERVK	LTR13_EE	JH835363:3245601-3246404+	JH835845:441088-441892+	24	38	0	180,181,185,197,218,221,229,244,250,259,265,418,468,506,550,636,643,657	180,181,185,197,218,221,229,243,249,258,264,417,467,505,549,635,642,656	2	4,5,6,7,8,9,10,11,12,13,14,16,17,18,19,20,21,22	325	477	803	24|7|1|2|0|2|1|1|0|0|0|0
GA	Erieur	LTR	ERVK	LTR13_EE	JH835363:3245601-3246404+	JH835845:444849-445652+	30	41	0	180,181,185,194,197,218,221,229,244,250,253,259,265,273,452,468,489,491,506,553	181,182,186,195,198,219,222,230,244,250,253,259,265,273,452,468,489,491,506,553	2	4,5,6,7,8,9,10,11,12,13,14,15,16,17,22,23,24,25,26,27	195	373	803	30|3|0|1|0|1|4|2|0|0|0|0
GA	Erieur	LTR	ERVK	LTR13_EE	JH835363:4493565-4494350+	JH835584:2368250-2369042+	35	74	0	179,182,184,188,191,411,435,446,449,451	186,189,191,195,198,418,442,453,456,458	2	10,11,12,13,14,19,20,21,22,23	54	273	785	35|13|1|3|3|1|7|7|0|0|1|3
GA	Erieur	LTR	ERVK	LTR13_EE	JH835365:3254436-3255247-	JH835387:2027601-2028405+	22	42	0	313,346,351,414,437,464,622,623,630,645,648	316,349,354,417,440,467,616,617,624,639,642	2	9,10,11,12,13,14,17,18,19,20,21	179	327	790	22|2|1|0|1|1|8|5|1|0|0|1
GA	Erieur	LTR	ERVK	LTR13_EE	JH835366:5346529-5347330+	JH835845:444849-445652+	29	44	0	194,197,218,221,229,243,249,252,258,447,463,484,486,501,548	195,198,219,222,230,244,250,253,259,452,468,489,491,506,553	2	7,8,9,10,11,12,13,14,15,19,20,21,22,23,24	167	359	802	29|2|0|0|0|3|6|3|0|1|0|0
GA	Erieur	LTR	ERVK	LTR13_EE	JH835368:772085-772895-	JH835676:767191-768008+	23	65	0	354,362,417,451,454,456,58,85,88,93,94	355,363,418,453,456,458,57,84,87,92,93	2	2,3,4,5,6,13,14,15,16,17,18	141	402	810	23|8|1|2|3|3|8|10|1|0|1|5
GA	Erieur	LTR	ERVK	LTR13_EE	JH835368:3527922-3528726-	JH835845:441088-441892+	23	41	0	180,185,197,218,221,467,505,549,635,642,656,682,728	180,185,197,218,221,467,505,549,635,642,656,682,728	2	4,5,6,7,8,14,15,16,17,18,19,20,21	304	549	804	23|5|0|0|0|2|3|5|0|0|1|2
GA	Erieur	LTR	ERVK	LTR13_EE	JH835368:3527922-3528726-	JH835845:444849-445652+	28	47	0	180,185,194,197,218,221,467,488,490,505,552	181,186,195,198,219,222,468,489,491,506,553	2	4,5,6,7,8,9,20,21,22,23,24	128	373	803	28|2|0|0|0|1|7|7|0|0|1|1
GA	Erieur	LTR	ERVK	LTR13_EE	JH835373:3410963-3411345-	JH835845:444849-445652+	16	20	0	180,184,196,217,220,228,242,248,251,257,263,271	182,186,198,219,222,230,244,250,253,259,265,273	1	4,5,6,7,8,9,10,11,12,13,14,15	92	92	383	16|1|0|0|0|1|1|1|0|0|0|0
GA	Erieur	LTR	ERVK	LTR13_EE	JH835374:511722-512526+	JH835676:767191-768008+	21	57	0	26,347,355,410,444,447,449,50,77,80,86,98	105,33,355,363,418,453,456,458,57,84,87,93	2	1,2,3,4,5,6,13,14,15,16,17,18	177	426	799	21|4|1|3|3|4|7|9|0|1|3|1
GA	Erieur	LTR	ERVK	LTR13_EE	JH835374:907900-908667-	JH835584:2368250-2369042+	34	74	0	158,182,185,187,191,194,414,438,449,452,454	162,186,189,191,195,198,418,442,453,456,458	2	9,10,11,12,13,14,20,21,22,23,24	78	297	767	34|14|0|3|3|1|7|6|1|1|2|2
GA	Erieur	LTR	ERVK	LTR13_EE	JH835374:1304127-1304420+	JH835845:444849-445652+	16	23	0	180,181,185,197,218,221,229,243,249,252,258,264,272	181,182,186,198,219,222,230,244,250,253,259,265,273	1	4,5,6,7,8,9,10,11,12,13,14,15,16	93	93	293	16|1|0|0|0|2|2|1|0|0|1|0
GA	Erieur	LTR	ERVK	LTR13_EE	JH835376:3526014-3526802+	JH835584:2368250-2369042+	34	65	0	186,189,191,195,198,521,547,549,554,598,605	186,189,191,195,198,525,551,553,558,602,609	2	9,10,11,12,13,25,26,27,28,29,30	98	424	790	34|15|0|2|3|3|2|6|0|0|0|0
GA	Erieur	LTR	ERVK	LTR13_EE	JH835381:4834634-4835448+	JH835633:2412175-2412978+	14	37	0	156,169,34,35,614,624,635,642,649,69	158,171,35,36,606,616,627,634,641,70	2	2,3,4,5,6,10,11,12,13,14	173	607	796	14|6|1|1|1|2|4|4|0|1|2|1
GA	Erieur	LTR	ERVK	LTR13_EE	JH835383:4956311-4957115-	JH835845:444849-445652+	26	39	0	229,243,252,258,272,451,467,488,490,505,552	230,244,253,259,273,452,468,489,491,506,553	2	9,10,11,12,13,18,19,20,21,22,23	146	324	803	26|2|0|0|0|1|5|4|0|0|0|1
GA	Erieur	LTR	ERVK	LTR13_EE	JH835387:1415149-1415953-	JH835845:441088-441892+	27	45	0	218,221,229,243,249,258,362,417,467,505,549,635,642,656,682,725,728	218,221,229,243,249,258,362,417,467,505,549,635,642,656,682,725,728	3	8,9,10,11,12,13,15,16,17,18,19,21,22,23,24,25,26	323	511	804	27|3|0|1|0|2|4|6|0|1|1|0
GA	Erieur	LTR	ERVK	LTR13_EE	JH835387:1415149-1415953-	JH835845:444849-445652+	30	48	0	180,181,185,194,197,218,221,229,243,249,252,258,451,467,488,490,505,552	181,182,186,195,198,219,222,230,244,250,253,259,452,468,489,491,506,553	3	3,4,5,6,7,8,9,10,11,12,13,14,21,22,23,24,25,26	182	373	803	30|1|0|0|0|1|5|9|0|1|1|0
GA	Erieur	LTR	ERVK	LTR13_EE	JH835387:1962580-1963400+	JH835744:800921-801734-	28	84	0	183,187,191,245,253,51,72,81,84,85,88	178,182,186,240,248,47,68,77,80,81,84	2	3,4,5,6,7,8,14,15,16,17,18	109	202	806	28|11|1|4|0|1|13|13|2|4|1|6
GA	Erieur	LTR	ERVK	LTR13_EE	JH835387:2027601-2028405+	JH835845:444849-445652+	25	41	0	180,181,197,218,221,229,236,243,249,252,258,264,272	181,182,198,219,222,230,237,244,250,253,259,265,273	1	4,5,6,7,8,9,10,11,12,13,14,15,16	93	93	803	25|1|0|0|0|1|12|2|0|0|0|0
GA	Erieur	LTR	ERVK	LTR13_EE	JH835387:2027601-2028405+	AMDU01224476:1-610+	17	24	0	218,221,236,249,264,272,511,523,549,551,552,553	24,27,316,328,354,356,357,358,42,55,70,78	2	1,2,3,4,5,6,9,10,11,12,13,14	98	335	610	17|1|0|0|0|0|5|0|1|0|0|0
GA	Erieur	LTR	ERVK	LTR13_EE	JH835395:5093185-5093976-	JH835584:2368250-2369042+	34	76	0	185,188,190,194,197,417,441,452,455,457	186,189,191,195,198,418,442,453,456,458	2	9,10,11,12,13,20,21,22,23,24	54	273	784	34|11|1|3|3|2|6|9|1|2|1|3
GA	Erieur	LTR	ERVK	LTR13_EE	JH835399:383568-384389+	JH835845:441088-441892+	32	54	0	18,194,215,217,218,226,23,240,246,255,35,633,651,657,658,672,69,70	197,21,218,220,221,229,243,249,258,26,38,617,635,641,642,656,72,73	3	1,2,3,4,5,9,10,11,12,13,14,15,16,23,24,25,26,27	155	636	799	32|3|1|0|0|5|3|5|2|1|1|1
GA	Erieur	LTR	ERVK	LTR13_EE	JH835399:2471938-2472709+	JH835582:2555532-2556337-	26	51	0	184,187,233,241,254,599,605,606,689,710	194,197,243,251,264,635,641,642,726,745	2	7,8,9,10,11,21,22,23,24,25	182	552	767	26|3|2|0|1|4|5|5|0|0|0|5
GA	Erieur	LTR	ERVK	LTR13_EE	JH835403:1855953-1856758-	JH835845:441088-441892+	29	51	0	180,181,185,197,218,220,221,243,362,417,429,467,505,617,635,642,656,682,726,729	180,181,185,197,218,220,221,243,362,417,429,467,505,617,635,642,656,682,725,728	3	4,5,6,7,8,9,10,11,15,16,17,18,19,22,23,24,25,26,27,28	320	549	804	29|7|0|2|1|4|4|3|0|0|0|1
GA	Erieur	LTR	ERVK	LTR13_EE	JH835403:1855953-1856758-	JH835845:444849-445652+	32	50	0	180,181,185,194,197,218,220,221,243,362,417,427,429,431,451,467,488,490,505	181,182,186,195,198,219,221,222,244,363,418,428,430,432,452,468,489,491,506	3	4,5,6,7,8,9,10,11,12,17,18,19,20,21,22,23,24,25,26	209	326	804	32|3|0|1|1|3|5|4|0|0|0|1
GA	Erieur	LTR	ERVK	LTR13_EE	JH835403:1855953-1856758-	JH836385:341721-342617+	22	33	0	102,105,319,362,399,4,417,429,440,467,504,505,511,57,92,97	102,105,330,373,4,410,428,440,451,478,515,516,522,57,92,97	2	1,2,3,4,5,6,10,11,12,13,14,15,16,17,18,19	295	519	711	22|2|1|1|1|1|3|1|0|0|0|1
GA	Erieur	LTR	ERVK	LTR13_EE	JH835403:2161088-2161893+	JH835845:441088-441892+	26	48	0	180,185,197,218,221,229,244,250,259,265,618,636,643,657,683,729	180,185,197,218,221,229,243,249,258,264,617,635,642,656,682,728	2	5,6,7,8,9,10,11,12,13,14,19,20,21,22,23,24	197	549	804	26|7|0|1|0|4|4|4|0|0|2|0
GA	Erieur	LTR	ERVK	LTR13_EE	JH835403:2161088-2161893+	JH835845:444849-445652+	32	53	0	180,185,194,197,218,221,229,244,250,253,259,265,273,452,468,489,491,506	181,186,195,198,219,222,230,244,250,253,259,265,273,452,468,489,491,506	2	5,6,7,8,9,10,11,12,13,14,15,16,17,21,22,23,24,25	148	326	804	32|3|0|0|0|3|8|5|0|0|2|0
GA	Erieur	LTR	ERVK	LTR13_EE	JH835403:2161088-2161893+	JH836385:341721-342617+	19	31	0	102,105,441,468,505,506,507,512,57,92,95,97	102,105,451,478,515,516,517,522,57,92,95,97	2	2,3,4,5,6,7,13,14,15,16,17,18	121	466	712	19|3|1|0|0|1|4|1|0|0|2|0
GA	Erieur	LTR	ERVK	LTR13_EE	JH835414:1379138-1379920+	JH835584:2368250-2369042+	36	81	0	185,188,190,194,197,541,543,577,592,599,72,73,85,87,91	186,189,191,195,198,551,553,587,602,609,72,73,86,88,92	3	4,5,6,7,8,11,12,13,14,15,27,28,29,30,31	93	538	787	36|18|1|4|3|2|4|5|1|2|3|2
GA	Erieur	LTR	ERVK	LTR13_EE	JH835414:2044798-2045606-	JH835744:800921-801734-	27	62	0	177,232,239,247,262,51,72,81,84,85,87	178,233,240,248,263,47,68,77,80,81,83	2	3,4,5,6,7,8,13,14,15,16,17	123	217	803	27|10|0|4|0|3|5|4|2|0|1|6
GA	Erieur	LTR	ERVK	LTR13_EE	JH835420:4278812-4279419+	AMDU01224476:1-610+	22	29	0	220,308,309,314,326,352,355,356,427,445,459,478,528,548,586	222,310,311,316,328,354,357,358,429,447,461,480,530,550,588	1	7,8,9,10,11,12,13,14,15,16,17,18,19,20,21	367	367	606	22|0|1|0|0|0|1|2|2|1|0|0
GA	Erieur	LTR	ERVK	LTR13_EE	JH835420:4278812-4279419+	JH835845:441088-441892+	20	32	0	21,24,32,420,438,445,459,46,485,52,528,531,61	218,221,229,243,249,258,617,635,642,656,682,725,728	2	1,2,3,4,5,6,12,13,14,15,16,17,18	153	511	607	20|1|0|2|0|1|3|3|1|1|0|0
GA	Erieur	LTR	ERVK	LTR13_EE	JH835420:4278812-4279419+	JH835845:444849-445652+	23	34	0	21,24,254,270,291,293,308,32,420,438,445,46,485,52,55,586,61	219,222,230,244,250,253,259,452,468,489,491,506,618,636,643,681,782	3	1,2,3,4,5,6,7,13,14,15,16,17,19,20,21,22,23	261	564	606	23|0|1|0|0|0|5|3|1|1|0|0
GA	Erieur	LTR	ERVK	ERV2-6_EE-I	JH835341:198121-198778-	JH835565:1509015-1510706+	22	57	0	102,138,178,53,54,59,61,64,65,68,69	1072,1073,1078,1080,1083,1084,1087,1088,1121,1157,1197	1	3,4,5,6,7,8,9,10,11,12,13	126	126	665	22|9|0|1|5|2|2|8|3|3|2|0
GA	Erieur	LTR	ERVK	ERV2-6_EE-I	JH835341:198121-198778-	JH836002:203012-203839+	23	67	0	149,48,53,54,59,61,64,65,68,69,87	211,216,217,222,224,227,228,231,232,250,312	1	2,3,4,5,6,7,8,9,10,11,12	102	102	645	23|9|1|1|5|1|4|10|3|2|5|3
GA	Erieur	LTR	ERVK	ERV2-6_EE-I	JH835341:198121-198778-	JH835532:1675189-1676015-	17	51	0	102,144,48,53,54,59,61,65,68,69	211,216,217,222,224,228,231,232,265,306	2	3,4,5,6,7,8,9,10,11,12	97	96	653	17|5|2|2|6|1|3|8|3|2|1|1
GA	Erieur	LTR	ERVK	ERV2-6_EE-I	JH835341:198121-198778-	JH835688:845422-846242+	26	70	0	152,48,53,54,59,61,64,65,68,69	209,214,215,220,222,225,226,229,230,309	1	3,4,5,6,7,8,9,10,11,12	101	101	657	26|7|2|2|4|1|2|9|5|2|8|2
GA	Erieur	LTR	ERVK	ERV2-6_EE-I	JH835341:198121-198778-	JH835729:1779592-1780410+	25	73	0	101,138,48,53,54,59,61,64,65,68,69	210,215,216,221,223,226,227,230,231,263,300	1	3,4,5,6,7,8,9,10,11,12,13	91	91	651	25|9|2|3|6|1|3|8|4|2|8|2
GA	Erieur	LTR	ERVK	ERV2-6_EE-I	JH835341:198121-198778-	JH835961:127130-127785-	28	83	0	160,48,53,54,59,61,64,65,68,69,89	150,38,43,44,49,51,54,55,58,59,79	1	3,4,5,6,7,8,9,10,11,12,13	113	113	651	28|10|3|3|5|2|5|9|4|3|8|3
GA	Erieur	LTR	ERVK	LTR13_EE	JH835423:4546246-4546727+	JH835845:444849-445652+	21	34	0	184,189,201,222,225,233,248,254,257,263	181,186,198,219,222,230,244,250,253,259	1	4,5,6,7,8,9,10,11,12,13	79	79	479	21|2|0|0|0|3|7|1|0|0|0|0
GA	Erieur	LTR	ERVK	LTR13_EE	JH835424:3704286-3705090-	JH835845:444849-445652+	30	51	0	182,183,187,196,199,220,222,231,245,251,254,260,274	181,182,186,195,198,219,221,230,244,250,253,259,273	2	4,5,6,7,8,9,10,11,12,13,14,15,16	94	93	803	30|1|0|0|0|2|10|6|0|0|2|0
GA	Erieur	LTR	ERVK	LTR13_EE	JH835426:3924105-3924908+	JH836176:483832-484636+	16	31	0	102,119,17,181,244,250,265,273,29,338	102,118,17,180,243,249,264,272,29,337	2	2,3,4,5,6,7,8,9,10,11	322	321	803	16|2|1|0|3|0|4|2|1|2|0|0
GA	Erieur	LTR	ERVK	LTR13_EE	JH835426:3924105-3924908+	JH835582:2555532-2556337-	21	33	0	195,198,244,265,309,338,383,400,636,643,688,724,743,782	194,197,243,264,308,337,382,399,635,642,688,726,745,784	2	6,7,8,9,10,11,12,13,16,17,18,19,20,21	356	591	804	21|4|1|0|0|0|3|2|0|0|1|1
GA	Erieur	LTR	ERVK	LTR13_EE	JH835426:3924105-3924908+	JH835845:441088-441892+	26	40	0	181,186,198,219,222,230,244,250,259,265,636,643,657,683,688,724,727	180,185,197,218,221,229,243,249,258,264,635,642,656,682,687,725,728	2	4,5,6,7,8,9,10,11,12,13,18,19,20,21,22,23,24	179	549	803	26|6|0|1|0|3|2|2|0|0|0|0
GA	Erieur	LTR	ERVK	LTR13_EE	JH835426:3924105-3924908+	JH835845:444849-445652+	30	41	0	181,186,195,198,219,222,230,244,250,253,259,265,273,452,468,489,491,506	181,186,195,198,219,222,230,244,250,253,259,265,273,452,468,489,491,506	2	4,5,6,7,8,9,10,11,12,13,14,15,16,20,21,22,23,24	148	326	803	30|2|0|0|0|2|4|3|0|0|0|0
GA	Erieur	LTR	ERVK	LTR13_EE	JH835426:3924105-3924908+	JH836385:341721-342617+	20	32	0	102,105,441,468,505,506,507,512,57,92,97	102,105,451,478,515,516,517,522,57,92,97	2	2,3,4,5,6,12,13,14,15,16,17	121	466	712	20|4|1|0|0|1|4|1|0|0|0|1
GA	Erieur	LTR	ERVK	LTR13_EE	JH835437:247716-248504+	JH835584:2368250-2369042+	38	81	0	184,187,189,193,196,466,505,522,548,550,555,71,72,84,86,90	186,189,191,195,198,469,508,525,551,553,558,72,73,86,88,92	3	5,6,7,8,9,12,13,14,15,16,26,27,28,29,30,31	124	487	787	38|15|3|4|4|4|3|5|2|3|0|0
GA	Erieur	LTR	ERVK	LTR13_EE	JH835438:3840411-3841121+	JH835744:800921-801734-	22	55	0	179,183,237,245,258,51,72,81,84,85,87	182,186,240,248,261,47,68,77,81,82,84	2	2,3,4,5,6,7,12,13,14,15,16	118	215	694	22|11|0|5|1|3|7|3|1|1|1|0
GA	Erieur	LTR	ERVK	LTR13_EE	JH835445:1829892-1830716-	JH835462:4003215-4004017+	22	57	0	229,237,259,267,272,320,362,370,425,449	208,216,238,246,251,299,341,349,404,427	2	6,7,8,9,10,11,12,13,14,15	221	220	779	22|6|0|0|0|7|8|10|1|2|1|0
GA	Erieur	LTR	ERVK	LTR13_EE	JH835450:630812-631603+	JH835845:444849-445652+	28	46	0	180,181,185,194,197,218,221,229,249,252,258,272	181,182,186,195,198,219,222,230,250,253,259,273	1	4,5,6,7,8,9,10,11,12,13,14,15	93	93	791	28|1|1|0|0|1|9|5|0|1|0|0
GA	Erieur	LTR	ERVK	LTR13_EE	JH835452:2878883-2879685+	JH836176:483832-484636+	13	25	0	102,118,157,17,178,241,247,270,29,335	102,118,159,17,180,243,249,272,29,337	1	2,3,4,5,6,7,8,9,10,11	321	321	803	13|0|1|1|3|0|3|2|1|1|0|0
GA	Erieur	LTR	ERVK	LTR13_EE	JH835452:2878883-2879685+	JH835582:2555532-2556337-	18	32	0	157,178,192,195,241,306,335,380,397,73,87,92	159,180,194,197,243,308,337,382,399,73,87,92	1	2,3,4,5,6,7,8,9,10,11,12,13	327	327	803	18|4|2|1|0|0|2|3|0|0|1|1
GA	Erieur	LTR	ERVK	LTR13_EE	JH835452:2878883-2879685+	JH835845:441088-441892+	25	38	0	157,178,179,183,195,216,219,227,241,247,256,633,640,654,680,726	159,180,181,185,197,218,221,229,243,249,258,635,642,656,682,728	2	4,5,6,7,8,9,10,11,12,13,14,20,21,22,23,24	194	570	803	25|5|1|1|0|2|2|2|0|0|0|0
GA	Erieur	LTR	ERVK	LTR13_EE	JH835452:2878883-2879685+	JH835845:444849-445652+	31	43	0	157,178,179,183,192,195,216,219,227,241,247,250,256,270,449,465,486,488,503	160,181,182,186,195,198,219,222,230,244,250,253,259,273,452,468,489,491,506	2	4,5,6,7,8,9,10,11,12,13,14,15,16,17,22,23,24,25,26	169	347	802	31|0|1|0|1|1|6|3|0|0|0|0
GA	Erieur	LTR	ERVK	LTR13_EE	JH835452:2878883-2879685+	JH836385:341721-342617+	19	28	0	102,105,157,216,415,438,465,502,503,504,509,57,92,97	102,105,159,233,428,451,478,515,516,517,522,57,92,97	2	2,3,4,5,6,7,8,12,13,14,15,16,17,18	272	466	710	19|2|1|1|0|0|2|2|0|0|0|1
GA	Erieur	LTR	ERVK	LTR13_EE	JH835463:3897500-3898315+	JH835744:800921-801734-	25	60	0	181,185,243,251,264,72,81,84,85,87	178,182,240,248,261,68,77,81,82,84	2	5,6,7,8,9,14,15,16,17,18	101	194	805	25|8|1|4|2|2|10|3|0|3|1|1
GA	Erieur	LTR	ERVK	LTR13_EE	JH835474:360394-361211-	JH835845:444849-445652+	35	62	0	180,194,197,218,220,221,229,243,249,252,258,272	181,195,198,219,221,222,230,244,250,253,259,273	1	8,9,10,11,12,13,14,15,16,17,18,19	93	93	807	35|3|1|0|0|3|8|7|1|2|2|0
GA	Erieur	LTR	ERVK	LTR13_EE	JH835486:1316485-1317279-	JH835845:441088-441892+	24	45	0	180,181,185,197,218,221,229,244,250,550,625,631,632,672,718	180,181,185,197,218,221,229,243,249,549,635,641,642,682,728	2	4,5,6,7,8,9,10,11,12,17,18,19,20,21,22	250	549	799	24|6|0|1|0|3|8|2|0|0|0|1
GA	Erieur	LTR	ERVK	LTR13_EE	JH835486:1316485-1317279-	JH835845:444849-445652+	27	44	0	180,181,185,194,197,218,221,229,244,259,553,625,631,632,672	181,182,186,195,198,219,222,230,244,259,553,636,642,643,681	2	4,5,6,7,8,9,10,11,12,13,22,23,24,25,26	208	501	798	27|3|0|0|0|2|8|3|0|0|1|0
GA	Erieur	LTR	ERVK	LTR13_EE	JH835488:1315754-1316567-	JH835744:800921-801734-	25	61	0	178,182,240,248,261,48,69,78,81,82,84	178,182,240,248,261,47,68,77,81,82,84	2	2,3,4,5,6,7,12,13,14,15,16	122	215	790	25|9|0|4|2|3|6|8|0|1|1|2
GA	Erieur	LTR	ERVK	LTR13_EE	JH835496:2296722-2297527-	JH835923:240068-240872-	17	28	0	118,124,167,181,229,250,428,441,506,512,524,81	118,124,167,181,229,249,427,440,505,511,523,81	2	1,2,3,4,5,6,7,10,11,12,13,14	266	443	804	17|3|0|1|1|0|2|3|1|0|0|0
GA	Erieur	LTR	ERVK	LTR13_EE	JH835496:2296722-2297527-	JH835845:441088-441892+	26	39	0	180,181,185,197,218,221,229,244,250,259,418,468,506,550,636,643,657	180,181,185,197,218,221,229,243,249,258,417,467,505,549,635,642,656	2	4,5,6,7,8,9,10,11,12,13,15,16,17,18,19,20,21	319	477	804	26|5|0|1|1|2|1|2|1|0|0|0
GA	Erieur	LTR	ERVK	LTR13_EE	JH835496:2296722-2297527-	JH835845:444849-445652+	30	40	0	180,181,185,194,197,218,221,229,244,250,253,259,452,468,489,491,506,553	181,182,186,195,198,219,222,230,244,250,253,259,452,468,489,491,506,553	2	4,5,6,7,8,9,10,11,12,13,14,15,21,22,23,24,25,26	181	373	804	30|1|0|0|1|1|3|3|1|0|0|0
GA	Erieur	LTR	ERVK	LTR13_EE	JH835496:2296722-2297527-	JH836385:341721-342617+	19	29	0	102,105,218,400,418,441,468,505,506,507,512,57,92,97	102,105,233,410,428,451,478,515,516,517,522,57,92,97	2	2,3,4,5,6,7,10,11,12,13,14,15,16,17	290	466	712	19|3|1|0|1|0|2|1|1|0|0|1
GA	Erieur	LTR	ERVK	LTR15_EE	JH835391:4429421-4430064+	JH835470:765390-766484+	15	30	0	104,120,21,210,232,248,273,330,35,47,97	104,120,21,210,232,248,273,329,35,47,97	2	1,2,3,4,5,6,7,8,9,10,11	310	309	640	15|4|0|0|3|0|3|3|0|0|0|2
GA	Erieur	LTR	ERVK	LTR13_EE	JH835514:2853697-2854507+	JH835744:800921-801734-	23	62	0	51,558,560,584,594,622,72,81,84,85,87	47,559,561,585,595,623,68,77,81,82,84	2	2,3,4,5,6,7,17,18,19,20,21	103	577	805	23|5|1|4|2|3|10|7|0|3|1|3
GA	Erieur	LTR	ERVK	LTR13_EE	JH835518:2762211-2763023+	JH835744:800921-801734-	25	68	0	179,183,241,249,262,49,70,79,82,83,85	178,182,240,248,261,47,68,77,81,82,84	2	2,3,4,5,6,7,11,12,13,14,15	122	215	788	25|7|1|6|0|5|6|10|3|1|1|3
GA	Erieur	LTR	ERVK	LTR13_EE	JH835528:1792072-1792832+	JH835584:2368250-2369042+	34	71	0	186,189,191,195,198,524,550,552,601,608,73,74,86,88,92	186,189,191,195,198,525,551,553,602,609,72,73,86,88,92	3	3,4,5,6,7,8,9,10,11,12,25,26,27,28,29	213	538	725	34|13|0|3|2|3|9|2|1|2|2|0
GA	Erieur	LTR	ERVK	LTR13_EE	JH835530:2062402-2062987-	JH835845:444849-445652+	22	36	0	181,182,186,227,230,238,253,259,262,268,274,282	181,182,186,219,222,230,244,250,253,259,265,273	1	4,5,6,7,8,9,10,11,12,13,14,15	93	93	580	22|2|1|0|0|1|6|3|0|1|0|0
GA	Erieur	LTR	ERVK	LTR13_EE	JH835532:904828-905633-	JH835845:441088-441892+	27	46	0	180,181,185,197,218,221,229,244,250,259	180,181,185,197,218,221,229,243,249,258	1	4,5,6,7,8,9,10,11,12,13	79	79	797	27|5|0|0|2|2|4|4|0|0|1|1
GA	Erieur	LTR	ERVK	LTR13_EE	JH835532:904828-905633-	JH835845:444849-445652+	30	48	0	180,181,185,194,197,218,221,229,244,250,253,259,273	181,182,186,195,198,219,222,230,244,250,253,259,273	1	4,5,6,7,8,9,10,11,12,13,14,15,16	93	93	804	30|2|0|0|2|1|6|5|0|0|1|1
GA	Erieur	LTR	ERVK	LTR13_EE	JH835540:306244-306511+	JH835845:441088-441892+	13	19	0	180,185,197,218,221,229,243,249,258,264	180,185,197,218,221,229,243,249,258,264	1	4,5,6,7,8,9,10,11,12,13	85	85	267	13|3|0|1|0|1|0|1|0|0|0|0
GA	Erieur	LTR	ERVK	LTR13_EE	JH835540:306244-306511+	JH835845:444849-445652+	15	20	0	180,185,194,197,218,221,229,243,249,252,258,264	181,186,195,198,219,222,230,244,250,253,259,265	1	4,5,6,7,8,9,10,11,12,13,14,15	85	85	267	15|1|0|1|0|1|0|2|0|0|0|0
GA	Erieur	LTR	ERVK	LTR4_EE	JH835290:2258050-2258951-	JH835331:6105913-6106950-	42	48	0	106,107,110,114,126,137,156,157,182,185,196,208,225,270,271,290,296,326,354,417,419,423,428,430,442,489,505,513,518,664,666,671,721,723,74,755	106,107,110,114,126,137,156,157,182,185,196,208,225,270,271,290,296,326,354,417,419,423,428,430,442,489,505,513,518,664,666,671,721,723,74,755	4	1,2,3,4,5,6,7,8,9,10,11,12,13,14,15,16,17,18,19,20,21,22,23,24,25,26,27,28,29,30,33,34,35,36,37,38	539	682	901	42|1|0|0|0|0|3|0|0|0|1|1
GA	Erieur	LTR	ERVK	LTR4_EE	JH835290:2258050-2258951-	JH835331:6112943-6113231-	13	17	0	106,107,114,126,137,156,182,185,196,208,225,270,271	106,107,114,126,137,156,182,185,196,208,225,270,271	2	1,2,3,4,5,6,7,8,9,10,11,12,13	167	166	288	13|1|0|0|0|0|3|0|0|0|0|0
GA	Erieur	LTR	ERVK	LTR4_EE	JH835294:4152745-4153789-	JH835464:450068-451112+	14	23	0	271,290,524,538,554,568,635,639,642,646,675,970	271,290,524,538,554,568,635,639,642,646,675,970	2	3,4,5,6,7,8,9,10,11,12,13,14	701	700	1044	14|7|0|0|0|0|2|0|0|0|0|0
GA	Erieur	LTR	ERVK	LTR4_EE	JH835294:4152745-4153789-	JH836636:72463-73507+	16	24	0	272,340,382,423,430,518,635,636,639,642,646	272,340,382,423,430,518,635,636,639,642,646	2	2,3,4,5,6,7,8,9,10,11,12	376	375	1041	16|1|1|0|1|0|2|2|0|1|0|0
GA	Erieur	LTR	ERVK	LTR4_EE	JH835294:4152745-4153789-	JH835331:6105913-6106950-	83	92	0	1005,106,107,110,114,126,132,137,144,156,157,160,182,184,185,195,196,258,270,271,272,290,296,326,340,350,354,382,417,419,423,428,430,442,489,490,505,513,518,524,548,549,557,562,568,574,576,658,666,668,670,673,675,679,714,723,724,725,73,74,744,748,753,757,778,784,79,826,833,901,915,921,925,928,931,936	1003,106,107,110,114,126,132,137,144,156,157,160,182,184,185,195,196,258,270,271,272,290,296,326,340,350,354,382,417,419,423,428,430,442,489,490,505,513,518,524,548,549,557,562,568,574,576,656,664,666,668,671,673,677,712,721,722,723,73,74,742,746,751,755,776,782,79,824,831,899,913,919,923,926,929,934	5	1,2,3,4,5,6,7,8,9,10,11,12,13,14,15,16,17,18,19,23,24,25,26,27,28,29,30,31,32,33,34,35,36,37,38,39,40,41,42,43,44,45,46,47,48,49,50,51,52,57,58,59,60,61,62,63,64,65,66,67,68,69,70,71,72,73,74,75,76,77,78,79,80,81,82,83	793	931	1038	83|1|0|1|0|0|3|2|0|1|1|0
GA	Erieur	LTR	ERVK	LTR4_EE	JH835294:4152745-4153789-	JH835331:6112943-6113231-	21	24	0	106,107,114,126,132,137,144,156,160,182,184,185,195,196	106,107,114,126,132,137,144,156,160,182,184,185,195,196	1	1,2,3,4,5,6,7,8,9,10,11,12,13,14	91	91	288	21|1|0|0|0|0|0|1|0|1|0|0
GA	Erieur	LTR	ERVK	LTR4_EE	JH835301:948126-949170-	JH835331:6105913-6106950-	78	86	0	110,114,126,132,137,156,157,160,182,184,185,195,196,207,208,225,228,270,271,272,290,296,326,354,382,417,419,423,428,430,442,489,490,505,513,518,524,557,562,568,574,576,635,636,639,640,658,666,668,670,673,675,679,714,723,724,725,73,74,744,748,753,757,778,784,79,826,833,901,915,921,925,928,931,936	110,114,126,132,137,156,157,160,182,184,185,195,196,207,208,225,228,270,271,272,290,296,326,354,382,417,419,423,428,430,442,489,490,505,513,518,524,557,562,568,574,576,635,636,639,640,656,664,666,668,671,673,677,712,721,722,723,73,74,742,746,751,755,776,782,79,824,831,899,913,919,923,926,929,934	5	1,2,3,4,5,6,7,8,9,10,11,12,13,14,15,16,17,18,19,20,21,22,23,24,25,26,27,28,29,30,31,32,33,34,35,36,37,38,39,40,43,44,45,46,47,48,49,50,51,52,53,54,55,56,57,58,59,60,61,62,63,64,65,66,67,68,69,70,71,72,73,74,75,76,77	833	862	1038	78|0|0|1|0|0|1|3|1|2|0|0
GA	Erieur	LTR	ERVK	LTR4_EE	JH835301:948126-949170-	JH835331:6112943-6113231-	18	21	0	114,126,132,137,156,160,182,184,185,195,196,207,208,225,228,270,271,272	114,126,132,137,156,160,182,184,185,195,196,207,208,225,228,270,271,272	2	1,2,3,4,5,6,7,8,9,10,11,12,13,14,15,16,17,18	160	159	288	18|1|0|0|0|0|0|0|0|2|0|0
GA	Erieur	LTR	ERVK	LTR4_EE	JH835309:5494519-5494694+	JH835331:6112943-6113231-	10	11	0	106,107,114,126,132,137,144,156,160,71	106,107,114,126,132,137,144,156,160,71	1	1,2,3,4,5,6,7,8,9,10	90	90	175	10|1|0|0|0|0|0|0|0|0|0|0
GA	Erieur	LTR	ERVK	LTR4_EE	JH835309:5494519-5494694+	JH835331:6105913-6106950-	15	15	0	106,107,110,114,126,132,137,144,156,157,160,71,73,74,79	106,107,110,114,126,132,137,144,156,157,160,71,73,74,79	1	1,2,3,4,5,6,7,8,9,10,11,12,13,14,15	90	90	175	15|0|0|0|0|0|0|0|0|0|0|0
GA	Erieur	LTR	ERVK	LTR4_EE	JH835349:5521862-5522906-	JH836636:72463-73507+	17	25	0	184,272,340,382,423,430,518,581,636,637,640,643,647,659,680,725	184,272,340,382,423,430,518,581,635,636,639,642,646,658,679,724	2	1,2,3,4,5,6,7,8,9,10,11,12,13,14,15,16	542	541	1041	17|0|1|0|2|0|1|2|0|1|1|0
GA	Erieur	LTR	ERVK	LTR4_EE	JH835365:2586839-2587883-	JH836636:72463-73507+	16	25	0	272,340,382,423,430,518,635,636,639,642,646	272,340,382,423,430,518,635,636,639,642,646	2	2,3,4,5,6,7,8,9,10,11,12	376	375	1041	16|2|2|0|1|0|1|2|0|1|0|0
GA	Erieur	LTR	ERVK	LTR4_EE	JH835365:2586839-2587883-	JH835464:450068-451112+	14	26	0	271,290,524,538,554,568,635,639,642,646,675	271,290,524,538,554,568,635,639,642,646,675	2	3,4,5,6,7,8,9,10,11,12,13	406	405	1044	14|9|1|0|0|0|1|1|0|0|0|0
GA	Erieur	LTR	ERVK	LTR4_EE	JH835454:2104717-2105760+	JH836636:72463-73507+	17	22	0	339,381,422,429,517,634,635,638,641,645,657,678,723,774,900	340,382,423,430,518,635,636,639,642,646,658,679,724,775,901	3	3,4,5,6,7,8,9,10,11,12,13,14,15,16,17	564	562	1040	17|1|1|0|1|0|0|2|0|0|0|0
GA	Erieur	LTR	ERVK	ERV2-6_EE-I	JH835352:504291-504884+	JH836083:422162-422750-	14	40	0	106,18,36,40,57,58,65,68,69,72,73	176,194,198,215,216,223,226,227,230,231,264	1	1,2,3,4,5,6,7,8,9,10,11	89	89	424	14|4|2|1|1|2|7|4|2|1|0|2
GA	Erieur	LTR	ERVK	LTR4_EE	JH835468:441750-442792+	JH836636:72463-73507+	16	20	0	184,272,340,382,423,430,518,635,636,639,642,646	184,272,340,382,423,430,518,635,636,639,642,646	2	1,2,3,4,5,6,7,8,9,10,11,12	464	463	1040	16|1|1|0|1|0|0|1|0|0|0|0
GA	Erieur	LTR	ERVK	LTR4_EE	JH835473:527025-528069-	JH836636:72463-73507+	16	23	0	184,272,340,382,423,430,518,635,636,639,642,646	184,272,340,382,423,430,518,635,636,639,642,646	2	1,2,3,4,5,6,7,8,9,10,11,12	464	463	1041	16|1|1|0|1|0|1|3|0|0|0|0
GA	Erieur	LTR	ERVK	LTR13_EE	JH835558:489222-489751+	AMDU01224476:1-610+	20	34	0	107,142,146,231,236,248,276,277,278,280,337,38,74,81	119,155,162,187,222,226,311,316,328,356,357,358,360,408	2	2,3,4,5,6,7,8,9,10,11,12,13,14,15	291	290	523	20|1|0|0|0|2|1|6|1|0|2|1
GA	Erieur	LTR	ERVK	LTR4_EE	JH835485:2738871-2739915+	JH836636:72463-73507+	16	24	0	272,340,382,423,430,518,635,636,639,642,646	272,340,382,423,430,518,635,636,639,642,646	2	2,3,4,5,6,7,8,9,10,11,12	376	375	1041	16|1|2|0|1|0|1|1|0|1|0|1
GA	Erieur	LTR	ERVK	LTR4_EE	JH835566:1412475-1413519+	JH836636:72463-73507+	17	27	0	272,340,382,423,430,518,635,636,639,642,646	272,340,382,423,430,518,635,636,639,642,646	2	2,3,4,5,6,7,9,10,11,12,13	259	375	1041	17|1|1|0|1|1|1|3|0|2|0|0
GA	Erieur	LTR	ERVK	ERV2-4B_EE-I	JH835353:1052773-1053784+	JH836072:509485-510772+	27	64	0	604,611,612,622,631,751,757,764,767,768	650,657,658,668,677,797,803,810,813,814	2	11,12,13,14,15,20,21,22,23,24	46	165	682	27|6|2|2|4|2|8|11|0|0|0|2
GA	Erieur	LTR	ERVK	LTR4_EE	JH835568:1043501-1044545-	JH836636:72463-73507+	16	24	0	272,340,382,423,430,518,635,636,639,642,646	272,340,382,423,430,518,635,636,639,642,646	2	2,3,4,5,6,7,8,9,10,11,12	376	375	1041	16|3|1|0|1|0|0|1|0|2|0|0
GA	Erieur	LTR	ERVK	LTR4_EE	JH835756:1188830-1189873-	JH836636:72463-73507+	16	22	0	184,272,340,382,423,430,518,635,636,639,642,646	184,272,340,382,423,430,518,635,636,639,642,646	2	1,2,3,4,5,6,7,8,9,10,11,12	464	463	1040	16|1|1|0|1|0|1|2|0|0|0|0
GA	Erieur	LTR	ERVK	LTR13_EE	JH835558:1056145-1056948+	JH835845:444849-445652+	31	47	0	179,180,184,193,196,231,242,248,251,257,271,450,466,487,489,504,616,634,641,655,681	181,182,186,195,198,233,244,250,253,259,273,452,468,489,491,506,618,636,643,657,681	4	4,5,6,7,8,11,12,13,14,15,16,21,22,23,24,25,27,28,29,30,31	178	501	803	31|2|0|0|1|1|5|7|0|0|0|0
GA	Erieur	LTR	ERVK	LTR4_EE	JH835960:843134-844178-	JH836636:72463-73507+	16	25	0	340,382,423,430,518,635,636,639,642,646,658,679	340,382,423,430,518,635,636,639,642,646,658,679	2	3,4,5,6,7,8,9,10,11,12,13,14	341	340	1041	16|0|2|0|1|1|1|3|0|0|0|1
GA	Erieur	LTR	ERVK	LTR4_EE	JH836164:130857-131900-	JH836636:72463-73507+	16	26	0	184,272,340,382,423,634,635,638,641,645	184,272,340,382,423,635,636,639,642,646	2	1,2,3,4,5,8,9,10,11,12	252	463	1040	16|1|1|0|1|0|2|5|0|0|0|0
GA	Erieur	LTR	ERVK	LTR4_EE	JH836420:334817-335861+	JH836636:72463-73507+	16	22	0	272,340,382,423,430,518,635,636,639,642,646	272,340,382,423,430,518,635,636,639,642,646	2	2,3,4,5,6,7,8,9,10,11,12	376	375	1041	16|1|1|0|1|0|1|1|0|1|0|0
GA	Erieur	LTR	ERVK	LTR13_EE	JH835558:1304884-1305687+	JH835845:444849-445652+	27	50	0	180,181,185,194,197,218,221,229,249,252,258,451,467,488,490,505,551	181,182,186,195,198,219,222,230,250,253,259,452,468,489,491,506,553	2	3,4,5,6,7,8,9,10,11,12,13,18,19,20,21,22,23	181	373	803	27|4|0|0|0|2|7|6|0|2|0|2
GA	Erieur	LTR	ERVK	LTR13_EE	JH835560:1205289-1206069+	JH835845:444849-445652+	25	40	0	180,181,185,194,195,427,443,464,466,481,528	181,182,186,195,196,452,468,489,491,506,553	2	5,6,7,8,9,17,18,19,20,21,22	118	373	791	25|3|0|1|0|1|4|3|0|1|1|1
GA	Erieur	LTR	ERVK	LTR13_EE	JH835560:1205289-1206069+	AMDU01224476:1-610+	16	23	0	358,393,481,482,487,499,525,527,528,529	187,222,310,311,316,328,354,356,357,358	1	4,5,6,7,8,9,10,11,12,13	172	172	583	16|3|0|0|0|0|1|1|1|1|0|0
GA	Erieur	LTR	ERVK	ERV2-6_EE-I	JH835354:538083-538887+	JH835565:1509015-1510706+	19	56	0	215,217,220,221,224,225,239,258,294,334	1078,1080,1083,1084,1087,1088,1102,1121,1157,1197	1	6,7,8,9,10,11,12,13,14,15	120	120	814	19|9|2|0|3|3|3|14|0|2|1|0
GA	Erieur	LTR	ERVK	LTR13_EE	JH835574:1186455-1187259-	JH835845:441088-441892+	23	38	0	180,185,197,218,221,549,617,635,641,642,656	180,185,197,218,221,549,617,635,641,642,656	2	3,4,5,6,7,15,16,17,18,19,20	150	477	804	23|5|0|1|0|2|2|2|1|0|0|2
GA	Erieur	LTR	ERVK	LTR13_EE	JH835574:1186455-1187259-	JH835845:444849-445652+	27	41	0	180,185,194,197,218,221,229,243,252,258,272,448,451,467,488,490	181,186,195,198,219,222,230,244,253,259,273,449,452,468,489,491	3	2,3,4,5,6,7,8,9,10,11,12,17,18,19,20,21	137	311	803	27|2|0|0|0|1|4|4|1|0|0|2
GA	Erieur	LTR	ERVK	LTR13_EE	JH835580:1449282-1450001+	AMDU01224476:1-610+	15	20	0	433,438,466,467,468,473,539,556,557,571,590,640	323,328,356,357,358,363,429,446,447,461,480,530	1	3,4,5,6,7,8,9,10,11,12,13,14	208	208	358	15|0|0|0|0|0|0|5|0|0|0|0
GA	Erieur	LTR	ERVK	LTR13_EE	JH835582:2555532-2556337-	JH835845:444849-445652+	20	45	0	181,185,218,221,229,249,252,258,272,451,467,488,490,552	182,186,219,222,230,250,253,259,273,452,468,489,491,553	2	2,3,4,5,6,7,8,9,10,14,15,16,17,18	194	372	804	20|2|0|0|2|3|13|5|0|0|0|0
GA	Erieur	LTR	ERVK	LTR13_EE	JH835594:775291-776098-	JH835744:800921-801734-	25	65	0	173,177,235,243,256,46,67,76,79,80,82	178,182,240,248,261,47,68,77,81,82,84	2	2,3,4,5,6,7,11,12,13,14,15	122	215	787	25|12|0|5|1|4|5|11|0|1|1|0
GA	Erieur	LTR	ERVK	LTR13_EE	JH835611:2595489-2596290+	JH835845:441088-441892+	27	42	0	179,180,184,196,216,219,415,441,464,502,546,614,632,639,653	180,181,185,197,218,221,417,444,467,505,549,617,635,642,656	2	4,5,6,7,8,9,15,16,17,18,19,20,21,22,23	282	477	802	27|6|0|1|0|2|4|1|0|0|0|1
GA	Erieur	LTR	ERVK	LTR13_EE	JH835611:2595489-2596290+	JH835845:444849-445652+	30	45	0	179,180,184,193,196,216,219,227,241,247,250,256,270,448,464,485,487,502,549	181,182,186,195,198,219,222,230,244,250,253,259,273,452,468,489,491,506,553	3	4,5,6,7,8,9,10,11,12,13,14,15,16,20,21,22,23,24,25	196	373	802	30|3|1|0|0|1|6|3|0|0|0|1
GA	Erieur	LTR	ERVK	LTR13_EE	JH835611:2595489-2596290+	JH836428:187634-188436-	22	65	0	117,179,180,184,196,441,464,502,503,508,95	116,178,179,183,195,443,466,504,505,510,95	2	2,3,4,5,6,7,10,11,12,13,14	169	416	758	22|11|1|0|0|2|14|7|2|0|0|6
GA	Erieur	LTR	ERVK	ERV2-6_EE-I	JH835359:3158264-3159074+	JH835536:3098676-3099445-	19	55	0	206,220,222,225,226,229,230,263,305,319	210,221,223,226,227,230,231,264,305,319	2	7,8,9,10,11,12,13,14,15,16	111	110	553	19|2|5|2|2|4|6|5|1|0|6|3
GA	Erieur	LTR	ERVK	LTR13_EE	JH835611:2595489-2596290+	AMDU01224476:1-610+	24	32	0	380,415,441,502,503,508,520,546,548,549,550	187,222,249,310,311,316,328,354,356,357,358	1	7,8,9,10,11,12,13,14,15,16,17	172	172	608	24|3|0|0|0|0|2|1|1|0|0|1
GA	Erieur	LTR	ERVK	LTR13_EE	JH835625:859899-860706+	JH835845:441088-441892+	23	41	0	183,188,200,221,224,232,246,252,261,267	180,185,197,218,221,229,243,249,258,264	1	4,5,6,7,8,9,10,11,12,13	85	85	798	23|4|0|0|0|3|7|3|0|0|1|0
GA	Erieur	LTR	ERVK	LTR13_EE	JH835625:859899-860706+	JH835845:444849-445652+	26	43	0	183,188,197,200,221,224,232,246,252,255,261,267,454,491,493,508,555	181,186,195,198,219,222,230,244,250,253,259,265,452,489,491,506,553	2	4,5,6,7,8,9,10,11,12,13,14,15,19,20,21,22,23	187	373	802	26|1|0|0|0|2|8|5|0|0|1|0
GA	Erieur	LTR	ERVK	LTR13_EE	JH835633:2407505-2408356+	JH835845:444849-445652+	14	20	0	180,181,185,194,197,218,221,229,243,249,252	181,182,186,195,198,219,222,230,244,250,253	2	4,5,6,7,8,9,10,11,12,13,14	74	73	257	14|1|0|0|0|1|0|2|0|2|0|0
GA	Erieur	LTR	ERVK	ERV2-4_EE-I	JH835364:1899267-1899904-	JH835930:1223048-1223903-	19	42	0	498,534,536,542,545,556,580,606,607,619	496,532,534,540,543,554,578,604,605,617	1	10,11,12,13,14,15,16,17,18,19	122	122	635	19|6|1|1|0|0|5|6|1|1|1|1
GA	Erieur	LTR	ERVK	ERV2-4_EE-I	JH835364:1899267-1899904-	JH836589:102832-103799+	25	54	0	498,515,522,532,545,556,566,580,581,590	496,513,520,530,543,554,564,578,579,588	1	16,17,18,19,20,21,22,23,24,25	93	93	636	25|6|2|0|1|0|4|10|1|1|2|2
GA	Erieur	LTR	ERVK	LTR13_EE	JH835633:2412175-2412978+	JH835845:444849-445652+	25	43	0	217,220,228,242,248,251,257,450,466,487,489,551	219,222,230,244,250,253,259,452,468,489,491,553	2	8,9,10,11,12,13,14,20,21,22,23,24	143	335	802	25|2|0|0|0|2|8|5|0|1|0|0
GA	Erieur	LTR	ERVK	LTR13_EE	JH835665:2236696-2237490+	JH835845:441088-441892+	26	50	0	197,218,221,229,244,250,259,265,607,625,631,632,672	197,218,221,229,243,249,258,264,617,635,641,642,682	2	8,9,10,11,12,13,14,15,19,20,21,22,23	134	486	799	26|6|0|0|0|5|4|7|0|0|0|2
GA	Erieur	LTR	ERVK	LTR13_EE	JH835665:2236696-2237490+	JH835845:444849-445652+	32	55	0	194,197,218,221,229,244,250,253,259,265,273,607,625,631,632,672	195,198,219,222,230,244,250,253,259,265,273,618,636,642,643,681	2	8,9,10,11,12,13,14,15,16,17,18,28,29,30,31,32	143	487	798	32|2|0|0|0|4|8|8|0|0|0|1
GA	Erieur	LTR	ERVK	LTR13_EE	JH835665:2236696-2237490+	AMDU01224476:1-610+	22	31	0	197,218,221,250,265,273,512,540,541,542,547	24,27,3,328,356,357,358,363,55,70,78	2	1,2,3,4,5,6,12,13,14,15,16	112	361	604	22|0|0|0|0|2|0|5|1|0|0|1
GA	Erieur	LTR	ERVK	LTR13_EE	JH835675:2056087-2056891+	JH835845:441088-441892+	24	43	0	180,185,197,218,221,229,243,249,258,635,642,656,682,725,728	180,185,197,218,221,229,243,249,258,635,642,656,682,725,728	2	4,5,6,7,8,9,10,11,12,18,19,20,21,22,23	173	549	804	24|7|0|2|0|2|3|3|0|1|0|1
GA	Erieur	LTR	ERVK	LTR13_EE	JH835675:2056087-2056891+	JH835845:444849-445652+	29	46	0	180,185,194,197,218,221,229,243,249,252,258,451,467,488,490,505	181,186,195,198,219,222,230,244,250,253,259,452,468,489,491,506	2	4,5,6,7,8,9,10,11,12,13,14,20,21,22,23,24	134	326	803	29|3|0|1|0|1|6|4|0|1|0|1
GA	Erieur	LTR	ERVK	ERV2-4B_EE-I	JH835359:6104029-6105204+	JH836072:509485-510772+	40	82	0	499,503,542,547,552,838,855,861,868,871,872	441,445,484,489,494,780,797,803,810,813,814	2	14,15,16,17,18,29,30,31,32,33,34	89	374	1119	40|7|1|2|4|1|7|12|1|3|2|2
GA	Erieur	LTR	ERVK	LTR13_EE	JH835685:1555229-1556030+	JH835845:441088-441892+	23	44	0	180,181,185,197,218,221,229,243,614,632,639,653,679	180,181,185,197,218,221,229,243,617,635,642,656,682	2	4,5,6,7,8,9,10,11,16,17,18,19,20	130	503	802	23|5|0|1|0|2|8|3|2|0|0|0
GA	Erieur	LTR	ERVK	LTR13_EE	JH835685:1555229-1556030+	JH835845:444849-445652+	27	45	0	180,181,185,194,197,218,221,229,243,250,269	181,182,186,195,198,219,222,230,244,254,273	1	3,4,5,6,7,8,9,10,11,12,13	93	93	802	27|1|0|0|0|1|10|4|2|0|0|0
GA	Erieur	LTR	ERVK	LTR13_EE	JH835723:1403095-1403899-	JH835923:240068-240872-	21	42	0	118,124,167,181,427,440,505,511,523,81	118,124,167,181,427,440,505,511,523,81	2	1,2,3,4,5,11,12,13,14,15	198	443	804	21|6|1|1|1|0|5|6|0|0|0|1
GA	Erieur	LTR	ERVK	LTR13_EE	JH835723:1403095-1403899-	JH835845:444849-445652+	32	50	0	229,243,249,252,258,451,467,488,490,505,552	230,244,250,253,259,452,468,489,491,506,553	2	11,12,13,14,15,21,22,23,24,25,26	132	324	803	32|4|1|0|1|1|4|6|0|0|0|1
GA	Erieur	LTR	ERVK	LTR13_EE	JH835733:332860-333664-	JH835845:441088-441892+	26	41	0	180,185,197,218,221,229,243,249,258,264,277,635,642,656,682,725,728	180,185,197,218,221,229,243,249,258,264,277,635,642,656,682,725,728	2	4,5,6,7,8,9,10,11,12,13,14,19,20,21,22,23,24	192	549	804	26|6|0|1|0|3|2|3|0|0|0|0
GA	Erieur	LTR	ERVK	LTR13_EE	JH835733:332860-333664-	JH835845:444849-445652+	30	42	0	180,185,194,197,218,221,229,243,249,252,258,264,272,277,451,467,488,490,505	181,186,195,198,219,222,230,244,250,253,259,265,273,278,452,468,489,491,506	2	4,5,6,7,8,9,10,11,12,13,14,15,16,17,21,22,23,24,25	153	326	803	30|2|0|0|0|2|4|4|0|0|0|0
GA	Erieur	LTR	ERVK	LTR13_EE	JH835733:332860-333664-	JH836385:341721-342617+	19	31	0	102,105,440,467,504,505,506,511,549,57,92,97	102,105,451,478,515,516,517,522,560,57,92,97	2	2,3,4,5,6,12,13,14,15,16,17,18	159	504	711	19|3|1|0|0|1|4|2|0|0|0|1
GA	Erieur	LTR	ERVK	LTR13_EE	JH835733:1035775-1036579-	JH835845:441088-441892+	27	46	0	197,218,221,229,243,249,258,264,635,642,656,682,687,728	197,218,221,229,243,249,258,264,635,642,656,682,687,728	2	8,9,10,11,12,13,14,15,21,22,23,24,25,26	162	532	804	27|7|0|1|0|2|6|1|0|1|1|0
GA	Erieur	LTR	ERVK	LTR13_EE	JH835733:1035775-1036579-	JH835845:444849-445652+	31	47	0	180,181,185,197,218,221,229,243,249,252,258,264	181,182,186,198,219,222,230,244,250,253,259,265	1	5,6,7,8,9,10,11,12,13,14,15,16	85	85	803	31|3|0|0|0|1|8|2|0|1|1|0
GA	Erieur	LTR	ERVK	ERV2-4_EE-I	JH835368:1478534-1479354-	JH836589:102832-103799+	27	62	0	15,17,20,28,441,473,490,497,5,507	18,20,23,31,464,496,513,527,543,7	2	1,2,3,4,5,16,17,18,19,20	105	537	835	27|4|3|2|1|2|8|6|1|0|3|5
GA	Erieur	LTR	ERVK	LTR13_EE	JH835738:9229-10027+	JH835845:441088-441892+	27	64	0	176,188,207,209,210,218,247,30,31,65,66,78	185,197,218,220,221,229,258,37,38,72,73,85	2	3,4,5,6,7,9,10,11,12,13,14,15	123	222	775	27|5|3|0|3|3|4|8|2|3|5|1
GA	Erieur	LTR	ERVK	LTR13_EE	JH835738:9229-10027+	JH835845:444849-445652+	29	68	0	176,185,188,207,209,210,218,241,247,30,31,65,66,78,86	186,195,198,219,221,222,230,253,259,37,38,72,73,85,93	2	2,3,4,5,6,7,8,9,10,11,12,13,14,15,16	224	223	783	29|4|3|0|2|5|6|11|1|3|3|1
GA	Erieur	LTR	ERVK	LTR13_EE	JH835741:869429-870223+	JH835845:441088-441892+	28	42	0	180,181,185,197,218,221,229,244,250,259,468,506,550,618,632,646,672	180,181,185,197,218,221,229,243,249,258,467,505,549,617,637,656,682	2	4,5,6,7,8,9,10,11,12,13,16,17,18,19,20,21,22	295	503	799	28|6|0|1|0|4|1|1|0|0|1|0
GA	Erieur	LTR	ERVK	LTR13_EE	JH835741:869429-870223+	JH835845:444849-445652+	33	45	0	180,181,185,194,197,218,221,229,244,250,253,259,273,452,468,489,491,506,553	181,182,186,195,198,219,222,230,244,250,253,259,273,452,468,489,491,506,553	2	4,5,6,7,8,9,10,11,12,13,14,15,16,21,22,23,24,25,26	195	373	798	33|2|0|0|0|3|4|2|0|0|1|0
GA	Erieur	LTR	ERVK	LTR13_EE	JH835750:1697099-1697485-	AMDU01224476:1-610+	12	18	0	131,133,134,206,224,257,307,327,365,383,87,93	310,316,354,356,357,429,447,480,530,550,588,606	2	1,2,3,4,5,6,7,8,9,10,11,12	298	297	386	12|1|0|0|0|0|4|1|0|0|0|0
GA	Erieur	LTR	ERVK	LTR13_EE	JH835753:601352-602155+	JH835845:441088-441892+	28	49	0	180,181,185,197,218,221,229,243,549,617,635,641,642	180,181,185,197,218,221,229,243,549,617,635,641,642	2	4,5,6,7,8,9,10,11,20,21,22,23,24	158	463	803	28|7|1|1|1|3|4|2|0|0|0|2
GA	Erieur	LTR	ERVK	LTR13_EE	JH835784:78832-79636-	JH835845:441088-441892+	23	43	0	180,181,185,197,219,222,230,244,250,259	180,181,185,197,218,221,229,243,249,258	1	3,4,5,6,7,8,9,10,11,12	79	79	802	23|4|1|1|0|3|5|4|0|1|0|1
GA	Erieur	LTR	ERVK	LTR13_EE	JH835784:78832-79636-	JH835845:444849-445652+	29	50	0	180,181,185,194,197,219,222,230,244,250,253,259,273,452,468,489,491,506	181,182,186,195,198,219,222,230,244,250,253,259,273,452,468,489,491,506	2	4,5,6,7,8,9,10,11,12,13,14,15,16,20,21,22,23,24	148	326	801	29|1|1|0|0|2|9|6|0|1|0|1
GA	Erieur	LTR	ERVK	LTR13_EE	JH835784:78832-79636-	JH836385:341721-342617+	16	29	0	102,105,219,400,418,441,468,505,506,507,512,92,97	102,105,233,410,428,451,478,515,516,517,522,92,97	2	2,3,4,5,6,8,9,10,11,12,13,14,15	255	431	706	16|0|2|0|0|1|5|3|0|1|0|1
GA	Erieur	LTR	ERVK	ERV2-4_EE-I	JH835369:5378513-5378964-	JH836589:102832-103799+	19	39	0	107,114,137,16,22,23,27,5,58,90	411,422,428,429,433,464,496,513,520,543	2	1,2,3,4,5,6,7,8,9,10	134	133	447	19|3|3|1|1|2|0|3|1|0|1|5
GA	Erieur	LTR	ERVK	LTR13_EE	JH835795:566819-567211+	JH835845:441088-441892+	15	20	0	180,181,185,197,218,220,221,229,243,249,258	180,181,185,197,218,220,221,229,243,249,258	1	4,5,6,7,8,9,10,11,12,13,14	79	79	394	15|2|0|0|0|1|1|1|0|0|0|0
GA	Erieur	LTR	ERVK	LTR13_EE	JH835795:566819-567211+	JH835845:444849-445652+	17	23	0	180,181,185,194,197,218,220,221,229,243,249,252,258	181,182,186,195,198,219,221,222,230,244,250,253,259	1	4,5,6,7,8,9,10,11,12,13,14,15,16	79	79	394	17|1|0|0|0|1|1|3|0|0|0|0
GA	Erieur	LTR	ERVK	LTR13_EE	JH835803:863358-864162-	JH835838:578500-579301+	21	38	0	180,181,185,220,229,243,252,272,494,511,555,617,624,642	179,180,184,217,226,240,249,269,491,508,552,614,621,639	2	2,3,4,5,6,7,8,9,15,16,17,18,19,20	240	461	802	21|6|1|0|2|1|3|3|0|0|1|0
GA	Erieur	LTR	ERVK	LTR13_EE	JH835803:863358-864162-	JH835845:441088-441892+	29	48	0	197,218,220,221,229,243,249,258,467,505,549,555,617,635,642	197,218,220,221,229,243,249,258,467,505,549,555,617,635,642	2	7,8,9,10,11,12,13,14,17,18,19,20,21,22,23	238	446	804	29|9|0|1|1|3|2|2|0|0|1|0
GA	Erieur	LTR	ERVK	LTR13_EE	JH835803:863358-864162-	JH835845:444849-445652+	34	51	0	194,197,218,220,221,229,243,249,252,258,272,451,467,488,490,505,552,555	195,198,219,221,222,230,244,250,253,259,273,452,468,489,491,506,553,556	2	8,9,10,11,12,13,14,15,16,17,18,23,24,25,26,27,28,29	184	362	803	34|5|0|0|1|2|5|3|0|0|1|0
GA	Erieur	LTR	ERVK	LTR13_EE	JH835830:391151-391956-	JH835845:441088-441892+	25	39	0	218,221,229,243,249,258,468,506,550,636,643,657,683	218,221,229,243,249,258,467,505,549,635,642,656,682	2	8,9,10,11,12,13,17,18,19,20,21,22,23	257	465	797	25|5|0|0|0|2|2|5|0|0|0|0
GA	Erieur	LTR	ERVK	LTR13_EE	JH835830:391151-391956-	JH835845:444849-445652+	30	43	0	180,181,185,194,197,218,221,229,243,249,252,258,452,468,489,491,506,553	181,182,186,195,198,219,222,230,244,250,253,259,452,468,489,491,506,553	3	4,5,6,7,8,9,10,11,12,13,14,15,22,23,24,25,26,27	182	373	804	30|1|0|0|0|1|6|5|0|0|0|0
GA	Erieur	LTR	ERVK	LTR13_EE	JH835830:391151-391956-	JH836385:341721-342617+	19	31	0	264,319,363,400,418,441,468,505,506,507,512	279,330,373,410,428,451,478,515,516,517,522	2	7,8,9,10,11,12,13,14,15,16,17	245	244	712	19|4|1|0|0|0|2|4|0|0|0|1
GA	Erieur	LTR	ERVK	ERV2-4B_EE-I	JH835367:3368110-3369803-	JH836072:509485-510772+	44	95	0	1173,1186,1214,1220,1227,490,494,533,538,543	1142,1155,1181,1187,1194,441,445,484,489,494	2	15,16,17,18,19,40,41,42,43,44	107	754	1269	44|9|1|2|6|1|10|10|3|3|2|4
GA	Erieur	LTR	ERVK	LTR13_EE	JH835837:1185956-1186242+	JH835845:444849-445652+	16	26	0	155,180,181,185,194,197,218,221,229,243,252,258,272	156,181,182,186,195,198,219,222,230,244,253,259,273	1	4,5,6,7,8,9,10,11,12,13,14,15,16	118	118	286	16|1|0|0|0|1|3|3|0|1|1|0
GA	Erieur	LTR	ERVK	LTR13_EE	JH835909:1259817-1260621-	JH836385:341721-342617+	18	30	0	362,399,417,440,467,504,505,506,511,555	373,410,428,451,478,515,516,517,522,566	1	8,9,10,11,12,13,14,15,16,17	194	194	711	18|1|1|0|0|0|4|5|0|0|0|1
GA	Erieur	LTR	ERVK	LTR13_EE	JH835944:344743-345547-	JH836385:341721-342617+	20	33	0	102,105,440,467,504,505,506,511,57,92,97	102,105,451,478,515,516,517,522,57,92,97	2	2,3,4,5,6,12,13,14,15,16,17	121	466	711	20|3|1|0|0|1|5|0|0|0|2|1
GA	Erieur	LTR	ERVK	LTR13_EE	JH835950:596488-597297-	AMDU01224476:1-610+	17	22	0	422,511,516,528,554,556,557,558,629,661,680,730,750,806	222,311,316,328,354,356,357,358,429,461,480,530,550,606	2	4,5,6,7,8,9,10,11,12,13,14,15,16,17	386	385	609	17|1|0|0|0|0|1|1|1|0|0|1
GA	Erieur	LTR	ERVK	LTR13_EE	JH835961:233910-234715+	JH836385:341721-342617+	18	32	0	102,105,440,467,504,505,506,511,57,92,97	102,105,451,478,515,516,517,522,57,92,97	2	2,3,4,5,6,11,12,13,14,15,16	121	466	712	18|3|1|0|0|3|4|1|0|0|0|2
GA	Erieur	LTR	ERVK	LTR13_EE	JH836035:419227-420034-	JH836385:341721-342617+	21	40	0	104,107,443,470,507,508,509,514,552,57,94,99	102,105,451,478,515,516,517,522,560,57,92,97	2	2,3,4,5,6,13,14,15,16,17,18,19	159	504	713	21|3|1|0|0|1|7|3|0|1|0|3
GA	Erieur	LTR	ERVK	LTR13_EE	JH836046:638076-638762-	JH836239:88427-89232-	17	34	0	102,133,146,154,190,228,244,245,279,281	220,250,263,271,307,345,361,362,396,398	2	1,2,3,4,5,6,7,8,9,10	180	179	684	17|7|0|1|0|1|2|4|1|0|1|0
GA	Erieur	LTR	ERVK	LTR13_EE	JH836146:774038-774842+	JH836176:483832-484636+	14	30	0	102,118,17,180,243,249,264,272,29,337	102,118,17,180,243,249,264,272,29,337	2	2,3,4,5,6,7,8,9,10,11	322	321	804	14|1|1|0|3|0|3|4|1|2|1|0
GA	Erieur	LTR	ERVK	LTR13_EE	JH836146:774038-774842+	JH836385:341721-342617+	16	26	0	102,105,440,467,504,505,506,57,92,97	102,105,451,478,515,516,517,57,92,97	2	1,2,3,4,5,9,10,11,12,13	116	461	705	16|2|2|0|0|1|3|1|0|0|0|1
GA	Erieur	LTR	ERVK	LTR13_EE	JH836152:913171-913978-	JH836385:341721-342617+	18	26	0	102,105,159,218,363,400,441,468,505,507,512,523,625,97	102,105,159,233,373,410,451,478,515,517,522,533,635,97	2	3,4,5,6,7,10,11,12,13,14,15,16,17,18	400	539	712	18|1|2|0|0|0|5|0|0|0|0|0
GA	Erieur	LTR	ERVK	LTR13_EE	JH836273:148719-149523-	JH836385:341721-342617+	19	24	0	102,105,169,319,362,399,417,440,467,504,506,511,57,92,97	102,105,169,330,373,410,428,451,478,515,517,522,57,92,97	2	2,3,4,5,6,7,8,9,10,11,12,13,14,15,16	467	466	711	19|2|1|0|0|0|1|0|0|0|0|1
GA	Erieur	LTR	ERVK	LTR13_EE	JH836283:650482-651287-	AMDU01224476:1-610+	20	29	0	550,552,553,554,559,574,642,643,657,676,746	354,356,357,358,363,378,446,447,461,480,550	2	10,11,12,13,14,15,16,17,18,19,20	198	197	606	20|3|0|1|0|1|3|0|1|0|0|0
GA	Erieur	LTR	ERVK	ERV2-4B_EE-I	JH835391:2812773-2813715-	JH836072:509485-510772+	29	66	0	193,200,245,272,290,440,444,483,488,493	166,173,218,253,271,441,445,484,489,494	2	1,2,3,4,5,12,13,14,15,16	160	329	927	29|9|3|1|5|0|11|5|0|2|0|1
GA	Erieur	LTR	ERVK	ERV2-6_EE-I	JH835394:2902811-2903189-	JH836146:636260-636850+	12	30	0	174,196,208,213,214,221,224,225,228,264	175,197,209,214,215,222,225,226,229,265	2	2,3,4,5,6,7,8,9,10,11	92	91	363	12|4|0|2|2|1|3|0|1|0|3|2
GA	Erieur	LTR	ERVK	ERV2-6_EE-I	JH835394:2902811-2903189-	JH835682:1703910-1704679-	18	37	0	221,224,225,228,247,262,264,304,309,345	223,226,227,230,249,264,266,305,310,344	1	8,9,10,11,12,13,14,15,16,17	122	122	362	18|6|0|1|2|0|3|5|0|1|1|0
GA	Erieur	LTR	ERVK	LTR13_EE	JH836823:66383-66882+	AMDU01224476:1-610+	17	23	0	111,199,200,205,217,243,245,246,247,251	222,310,311,316,328,354,356,357,358,362	1	2,3,4,5,6,7,8,9,10,11	141	141	490	17|0|1|0|1|0|0|3|0|0|0|1
GA	Erieur	LTR	ERVK	ERV2-4B_EE-I	JH835408:1603949-1605669+	JH836072:509485-510772+	45	101	0	1158,1171,1199,1205,1212,661,669,686,693,694,768,777,779,788,795	1142,1155,1181,1187,1194,625,633,650,657,658,732,741,743,752,759	3	20,21,22,23,24,27,28,29,30,31,41,42,43,44,45	115	570	1279	45|7|2|5|5|1|14|5|4|5|5|3
GA	Erieur	LTR	ERVK	ERV2-6_EE-I	JH835406:2886296-2887079+	JH835877:366970-367640-	23	46	0	149,154,155,160,162,165,166,169,411,412,413,416,430,448,449	308,309,310,313,327,345,346,46,51,52,57,59,62,63,66	2	2,3,4,5,6,7,8,9,12,13,14,15,16,17,18	60	301	654	23|5|0|3|2|2|3|6|0|0|2|0
GA	Erieur	LTR	ERVK	ERV2-6_EE-I	JH835406:2886296-2887079+	JH835897:442764-443596+	25	75	0	149,154,155,160,162,165,170,411,412,413,416,430	208,213,214,219,221,225,229,471,472,473,476,490	2	5,6,7,8,9,10,11,14,15,16,17,18	42	283	769	25|10|1|5|3|3|9|8|2|4|4|1
GA	Erieur	LTR	ERVK	ERV2-6_EE-I	JH835406:2886296-2887079+	JH835920:661199-662022+	23	66	0	149,154,155,160,162,165,166,169,170,200,411,412,413,416,430	207,212,213,218,220,224,225,228,229,259,468,469,470,473,487	2	5,6,7,8,9,10,11,12,13,14,16,17,18,19,20	73	281	762	23|9|1|2|1|3|9|10|1|2|3|2
GA	Erieur	LTR	ERVK	ERV2-6_EE-I	JH835406:2886296-2887079+	JH835905:1115997-1116820+	29	78	0	160,162,165,166,169,170,411,412,413,416,430,448,449	210,212,215,216,219,220,460,461,462,465,479,497,498	2	8,9,10,11,12,13,18,19,20,21,22,23,24	50	289	763	29|10|4|0|5|4|8|8|3|2|2|3
GA	Erieur	LTR	ERVK	ERV2-6_EE-I	JH835406:2886296-2887079+	JH835565:1509015-1510706+	31	81	0	154,155,160,162,165,166,169,170,203,411,412,413,416,430,448,449	1072,1073,1078,1080,1083,1084,1087,1088,1121,1330,1331,1332,1335,1349,1367,1368	2	3,4,5,6,7,8,9,10,11,16,17,18,19,20,21,22	89	297	764	31|15|2|0|5|4|7|8|3|3|2|1
GA	Erieur	LTR	ERVK	ERV2-6_EE-I	JH835406:2886296-2887079+	JH836188:118610-119279+	20	49	0	149,154,155,160,162,166,169,170,411,412,413,416,430,448,449	308,309,310,313,327,345,346,50,55,56,61,63,67,70,71	2	2,3,4,5,6,7,8,9,12,13,14,15,16,17,18	61	297	659	20|7|0|0|1|1|5|7|3|2|2|1
GA	Erieur	LTR	ERVK	ERV2-6_EE-I	JH835406:2886296-2887079+	JH835565:930499-931175-	22	57	0	149,154,155,160,162,165,166,169,170,369,411,412,413,416,430,448,449	267,311,312,313,316,330,348,349,50,55,56,61,63,66,67,70,71	2	3,4,5,6,7,8,9,10,11,13,14,15,16,17,18,19,20	105	300	668	22|10|0|2|2|1|4|7|2|3|2|2
GA	Erieur	LTR	ERVK	ERV2-6_EE-I	JH835406:2886296-2887079+	JH835553:6244-6922-	25	57	0	162,165,166,169,170,245,411,412,413,416,430,448,449	145,311,312,313,316,330,348,349,63,66,67,70,71	2	6,7,8,9,10,11,15,16,17,18,19,20,21	122	287	664	25|6|0|2|1|1|8|6|2|2|2|2
GA	Erieur	LTR	ERVK	ERV2-6_EE-I	JH835406:2886296-2887079+	JH835807:164028-164710+	25	57	0	149,154,155,160,162,165,166,169,170,411,412,413,416,430,448,449	321,322,323,326,340,358,359,58,63,64,69,71,74,75,78,79	2	3,4,5,6,7,8,9,10,11,16,17,18,19,20,21,22	61	302	676	25|4|0|1|3|2|7|6|1|2|4|2
GA	Erieur	LTR	ERVK	ERV2-6_EE-I	JH835406:2886296-2887079+	JH836030:577527-578200+	21	49	0	149,154,155,160,162,165,166,169,170,411,412,413,416,448,449	304,305,306,309,341,342,49,54,55,60,62,65,66,69,70	2	3,4,5,6,7,8,9,10,11,13,14,15,16,17,18	61	294	667	21|7|0|1|1|3|5|5|1|0|3|2
GA	Erieur	LTR	ERVK	ERV2-6_EE-I	JH835406:2886296-2887079+	JH836611:113390-114068+	23	61	0	149,154,155,160,162,165,166,169,170,411,412,413,416,417,430,448,449	313,314,315,318,319,332,350,351,50,55,56,61,63,66,67,70,71	2	3,4,5,6,7,8,9,10,11,13,14,15,16,17,18,19,20	61	302	659	23|14|0|3|2|2|6|4|1|2|3|1
GA	Erieur	LTR	ERVK	ERV2-6_EE-I	JH835406:2886296-2887079+	JH835419:1449219-1449898+	24	58	0	149,154,155,160,162,165,166,169,170,203,411,412,413,416,430,448,449	112,314,315,316,319,333,351,352,58,63,64,69,71,74,75,78,79	2	2,3,4,5,6,7,8,9,10,11,13,14,15,16,17,18,19	94	295	660	24|12|0|1|2|1|6|7|1|1|2|1
GA	Erieur	LTR	ERVK	ERV2-6_EE-I	JH835406:2886296-2887079+	JH836843:35895-37530+	24	68	0	149,154,155,160,162,165,166,169,170,203,245	1033,1038,1039,1044,1046,1049,1050,1053,1054,1087,1128	1	3,4,5,6,7,8,9,10,11,12,13	96	96	758	24|9|3|3|2|2|7|7|2|4|2|3
GA	Erieur	LTR	ERVK	ERV2-6_EE-I	JH835406:2886296-2887079+	JH835571:830286-830952-	21	55	0	149,154,155,160,162,165,166,169,170,411,412,413,416,430,448,449	311,312,313,316,330,348,349,50,55,56,61,63,66,67,70,71	2	3,4,5,6,7,8,9,10,11,13,14,15,16,17,18,19	61	300	658	21|9|0|1|1|2|7|4|4|2|3|1
GA	Erieur	LTR	ERVK	ERV2-6_EE-I	JH835406:2886296-2887079+	JH836665:25839-27333+	27	70	0	154,155,160,162,165,166,169,170,411,412,413,416,430,448,449	1198,1199,1200,1203,1217,1235,1236,944,945,950,952,955,956,959,960	2	6,7,8,9,10,11,12,13,19,20,21,22,23,24,25	56	293	709	27|8|1|3|1|4|7|8|2|4|3|2
GA	Erieur	LTR	ERVK	ERV2-6_EE-I	JH835406:2886296-2887079+	JH835711:1671650-1672474+	30	82	0	149,154,155,160,162,165,166,169,170,411,412,413,416,430	212,217,218,223,225,228,229,232,233,463,464,465,468,482	2	6,7,8,9,10,11,12,13,14,18,19,20,21,22	42	271	762	30|10|2|3|2|4|9|9|4|3|3|3
GA	Erieur	LTR	ERVK	ERV2-6_EE-I	JH835406:2886296-2887079+	JH835643:2362237-2362911+	25	61	0	149,154,155,160,162,165,166,169,170,411,412,413,416,430	307,308,309,312,326,50,55,56,61,63,66,67,70,71	2	3,4,5,6,7,8,9,10,11,14,15,16,17,18	42	277	663	25|6|2|2|2|1|5|9|2|3|1|3
GA	Erieur	LTR	ERVK	ERV2-6_EE-I	JH835406:2886296-2887079+	JH835483:466041-466712+	25	63	0	149,154,155,160,162,165,166,169,170,411,412,413,416,430,448,449	310,311,312,315,329,347,348,49,54,55,60,62,65,66,69,70	2	3,4,5,6,7,8,9,10,11,13,14,15,16,17,18,19	61	300	667	25|11|0|2|4|0|8|5|2|1|3|2
GA	Erieur	LTR	ERVK	ERV2-6_EE-I	JH835406:2886296-2887079+	JH835709:1799145-1799806-	25	57	0	149,154,155,160,162,165,166,169,170,411,412,413,416,430,448,449	300,301,302,305,319,337,338,50,55,56,61,63,66,67,70,71	2	3,4,5,6,7,8,9,10,11,14,15,16,17,18,19,20	61	289	655	25|8|1|1|1|1|7|5|3|1|3|1
GA	Erieur	LTR	ERVK	ERV2-6_EE-I	JH835406:2886296-2887079+	JH835602:1576564-1577229-	25	59	0	149,154,155,160,162,165,166,169,170,397,411,412,413,416	295,309,310,311,314,50,55,56,61,63,66,67,70,71	2	3,4,5,6,7,8,9,10,11,13,14,15,16,17	42	265	654	25|6|1|2|3|4|6|4|3|1|1|3
GA	Erieur	LTR	ERVK	ERV2-6_EE-I	JH835406:2886296-2887079+	JH835678:390337-391006+	26	66	0	149,154,155,160,162,165,166,169,170,367,369,411,412,413,416	257,259,303,304,305,308,50,55,56,61,63,66,67,70,71	2	3,4,5,6,7,8,9,10,11,13,14,15,16,17,18	74	259	665	26|7|1|1|4|1|5|8|2|3|5|3
GA	Erieur	LTR	ERVK	ERV2-6_EE-I	JH835406:2886296-2887079+	JH835420:2222306-2222981+	23	62	0	149,154,155,160,162,165,166,169,170,411,412,413,416,430,448,449	313,314,315,318,332,350,351,61,66,67,72,74,77,78,81,82	2	3,4,5,6,7,8,9,10,11,15,16,17,18,19,20,21	61	291	672	23|6|1|1|3|2|6|9|2|2|5|2
GA	Erieur	LTR	ERVK	ERV2-6_EE-I	JH835406:2886296-2887079+	JH836607:179282-179954+	24	71	0	149,154,155,160,162,165,166,169,170,411,412,413,416,430,448,449	311,312,313,316,330,348,349,50,55,56,61,63,66,67,70,71	2	3,4,5,6,7,8,9,10,11,14,15,16,17,18,19,20	61	300	661	24|14|1|2|1|2|9|7|4|3|2|2
GA	Erieur	LTR	ERVK	ERV2-6_EE-I	JH835406:2886296-2887079+	JH835659:635946-636654+	24	61	0	160,162,165,166,169,170,369,411,412,413,416,420,430,448,449	281,325,326,327,330,334,344,362,363,75,77,80,81,84,85	2	5,6,7,8,9,10,14,15,16,17,18,19,20,21,22	94	289	691	24|9|1|1|5|3|5|5|1|2|3|2
GA	Erieur	LTR	ERVK	ERV2-6_EE-I	JH835406:2886296-2887079+	JH835962:735253-735919-	23	60	0	149,154,155,160,162,165,166,169,170,411,412,413,416,430,448,449	296,297,298,301,315,333,334,49,54,55,60,62,65,66,69,70	2	3,4,5,6,7,8,9,10,11,15,16,17,18,19,20,21	61	286	663	23|11|1|3|1|2|5|6|2|2|3|1
GA	Erieur	LTR	ERVK	ERV2-6_EE-I	JH835406:2886296-2887079+	JH835478:3020911-3021592-	28	69	0	149,154,155,160,162,165,166,169,170,411,412,413,416,430,448,449	316,317,318,321,335,353,354,52,57,58,63,65,68,69,72,73	2	3,4,5,6,7,8,9,10,11,16,17,18,19,20,21,22	61	303	662	28|8|1|1|5|3|7|8|2|3|2|1
GA	Erieur	LTR	ERVK	ERV2-6_EE-I	JH835406:2886296-2887079+	JH835531:487561-488216+	22	61	0	149,154,155,160,162,165,166,169,170,411,412,413,416,430,448,449	309,310,311,314,328,346,347,46,51,52,57,59,62,63,66,67	2	3,4,5,6,7,8,9,10,11,15,16,17,18,19,20,21	61	302	657	22|14|0|1|1|1|8|7|2|2|2|1
GA	Erieur	LTR	ERVK	ERV2-6_EE-I	JH835406:2886296-2887079+	JH835688:845422-846242+	30	87	0	149,154,155,160,162,165,166,169,170,245	209,214,215,220,222,225,226,229,230,301	1	4,5,6,7,8,9,10,11,12,13	93	93	761	30|14|3|3|3|3|8|9|3|4|4|3
GA	Erieur	LTR	ERVK	ERV2-6_EE-I	JH835406:2886296-2887079+	JH836066:426389-427061-	26	71	0	149,154,155,160,162,165,166,169,170,411,412,413,416,430,448,449	301,302,303,306,320,338,339,38,43,44,49,51,54,55,58,59	2	3,4,5,6,7,8,9,10,11,13,14,15,16,17,18,19	61	302	661	26|8|5|1|4|4|7|7|3|3|2|1
GA	Erieur	LTR	ERVK	ERV2-6_EE-I	JH835406:2886296-2887079+	JH835702:817213-817882+	30	79	0	149,154,155,160,165,166,169,170,203,411,412,413,416,417,430,448,449	103,312,313,314,317,318,330,348,349,49,54,55,60,65,66,69,70	2	3,4,5,6,7,8,9,10,11,14,15,16,17,18,19,20,21	93	301	666	30|9|2|2|7|5|7|6|3|3|3|2
GA	Erieur	LTR	ERVK	ERV2-6_EE-I	JH835406:2886296-2887079+	JH835811:296104-296883+	23	56	0	149,155,160,162,165,166,169,170,411,412,413,416,430,448,449	209,214,219,221,224,225,228,229,472,473,474,477,491,509,510	2	4,5,6,7,8,9,10,11,15,16,17,18,19,20,21	60	302	549	23|6|1|2|4|0|4|9|2|2|3|0
GA	Erieur	LTR	ERVK	ERV2-6_EE-I	JH835406:2886296-2887079+	JH835450:3664672-3665283+	23	57	0	149,154,155,160,162,165,166,169,170,406,411,412,413,416,430,448,449	206,211,212,217,219,222,223,226,227,465,470,471,472,475,489,507,508	2	4,5,6,7,8,9,10,11,12,15,16,17,18,19,20,21,22	66	303	548	23|11|1|3|1|4|4|5|0|2|2|1
GA	Erieur	LTR	ERVK	ERV2-6_EE-I	JH835406:2886296-2887079+	JH836804:19515-20207-	29	78	0	149,154,155,160,162,165,166,169,170,411,412,413,416,430,448,449	310,311,312,315,329,347,348,49,54,55,60,62,65,66,69,70	2	3,4,5,6,7,8,9,10,11,15,16,17,18,19,20,21	61	300	676	29|9|4|2|5|7|7|7|2|2|2|2
GA	Erieur	LTR	ERVK	ERV2-6_EE-I	JH835406:2886296-2887079+	JH836067:26690-27266+	19	57	0	154,155,160,162,165,166,169,170,411,412,413,416,448,449	111,112,117,119,122,123,126,127,367,368,369,372,404,405	2	4,5,6,7,8,9,10,11,13,14,15,16,17,18	56	295	581	19|8|0|1|4|1|5|6|3|3|5|2
GA	Erieur	LTR	ERVK	ERV2-6_EE-I	JH835406:2886296-2887079+	JH835506:3004191-3004979-	27	58	0	165,166,169,170,188,203,245,406,411,412,413,416,417,430,448,449	228,229,232,233,251,266,304,467,472,473,474,477,478,491,509,510	2	8,9,10,11,12,13,14,18,19,20,21,22,23,24,25,26	121	283	546	27|7|1|2|2|1|5|7|1|1|3|1
GA	Erieur	LTR	ERVK	ERV2-6_EE-I	JH835406:2886296-2887079+	JH835539:915901-916514-	19	49	0	149,154,155,160,162,165,166,169,170,411,412,413,416,430,448,449	196,201,202,207,209,212,213,216,217,460,461,462,465,479,497,498	2	3,4,5,6,7,8,9,10,11,13,14,15,16,17,18,19	61	303	491	19|7|0|0|2|1|6|7|2|2|2|1
GA	Erieur	LTR	ERVK	ERV2-6_EE-I	JH835406:2886296-2887079+	JH835462:3724962-3725739+	27	66	0	149,154,155,160,162,165,166,169,170,411,412,413,416,417,430,448,449	208,213,214,219,221,225,226,230,231,471,472,473,476,477,490,508,509	2	6,7,8,9,10,11,12,13,14,18,19,20,21,22,23,24,25	63	302	556	27|6|1|3|4|3|7|6|2|3|3|1
GA	Erieur	LTR	ERVK	ERV2-6_EE-I	JH835406:2886296-2887079+	JH835705:1896788-1897387+	23	62	0	149,154,155,160,162,165,166,169,170,411,412,413,416,430,448,449	206,211,212,217,219,222,223,226,227,470,471,472,475,489,507,508	2	5,6,7,8,9,10,11,12,13,17,18,19,20,21,22,23	61	303	501	23|8|1|2|4|2|11|5|2|1|2|1
GA	Erieur	LTR	ERVK	ERV2-6_EE-I	JH835406:2886296-2887079+	JH836159:683977-684598+	25	47	0	149,154,155,160,162,165,166,169,170,171,203,406,411,412,413,416,430,448,449	103,306,311,312,313,316,330,348,349,49,54,55,60,62,65,66,69,70,71	2	2,3,4,5,6,7,8,9,10,11,12,17,18,19,20,21,22,23,24	99	301	455	25|6|2|1|0|1|2|5|1|0|3|1
GA	Erieur	LTR	ERVK	ERV2-4B_EE-I	JH835419:2888432-2888971-	JH836072:509485-510772+	27	58	0	380,387,388,398,400,407,462,471,473,482,489	650,657,658,668,670,677,732,741,743,752,759	2	16,17,18,19,20,21,22,23,24,25,26	111	110	487	27|5|1|1|2|2|7|7|2|1|1|2
GA	Erieur	LTR	ERVK	ERV2-4B_EE-I	JH835419:2951585-2952046-	JH835454:3364612-3365508+	16	36	0	104,106,117,196,208,230,247,252,83,89	516,522,537,539,550,631,643,665,682,687	2	3,4,5,6,7,10,11,12,13,14	92	172	453	16|6|0|1|3|2|4|3|0|0|1|0
GA	Erieur	LTR	ERVK	ERV2-4_EE-I	JH835413:1713753-1714388+	JH836589:102832-103799+	25	49	0	408,411,422,428,429,513,543,554,564,578,579,588	408,411,422,428,429,513,543,554,564,578,579,588	2	11,12,13,14,15,18,19,20,21,22,23,24	98	181	634	25|3|1|1|1|0|5|7|3|0|1|2
GA	Erieur	LTR	ERVK	ERV2-4_EE-I	JH835421:262107-262944+	JH835629:2312761-2313616-	31	68	0	550,553,554,563,566,708,712,790,796,809,821	539,542,543,552,555,715,719,792,798,810,823	2	16,17,18,19,20,26,27,28,29,30,31	126	285	807	31|9|1|2|1|4|4|7|0|3|2|4
GA	Erieur	LTR	ERVK	ERV2-4_EE-I	JH835423:2309562-2310396-	JH835629:2312761-2313616-	32	64	0	498,556,557,566,569,580,581,606,617,618	484,542,543,552,555,566,567,592,603,604	1	15,16,17,18,19,20,21,22,23,24	121	121	804	32|12|1|2|0|2|3|8|0|3|1|0
GA	Erieur	LTR	ERVK	ERV2-4_EE-I	JH835424:3947261-3947986-	JH836589:102832-103799+	26	59	0	400,403,419,420,421,504,511,545,555,569,570	408,411,428,429,430,513,520,554,564,578,579	2	11,12,13,14,15,19,20,21,22,23,24	90	172	734	26|3|2|0|2|1|8|8|1|3|1|4
GA	Erieur	LTR	ERVK	ERV2-4_EE-I	JH835439:1158031-1158615-	JH836589:102832-103799+	25	51	0	16,18,21,29,464,496,513,543,554,564,578,579,6	18,20,23,31,464,496,513,543,554,564,578,579,7	2	1,2,3,4,5,18,19,20,21,22,23,24,25	141	573	583	25|3|1|1|0|1|6|7|1|2|1|3
GA	Erieur	LTR	ERVK	ERV2-4_EE-I	JH835452:384155-384986+	JH835629:2312761-2313616-	30	74	0	230,231,241,278,281,538,541,542,551,554	228,229,239,276,279,539,542,543,552,555	2	6,7,8,9,10,16,17,18,19,20	69	328	834	30|8|2|6|1|2|9|7|0|2|5|2
GA	Erieur	LTR	ERVK	ERV2-6_EE-I	JH835493:3066449-3067066+	JH835841:1601189-1601958-	15	37	0	106,40,52,58,65,68,69,72,73,91	198,210,216,223,226,227,230,231,249,264	1	1,2,3,4,5,6,7,8,9,10	67	67	613	15|3|2|1|1|3|5|3|1|1|1|1
GA	Erieur	LTR	ERVK	ERV2-6_EE-I	JH835493:3066449-3067066+	JH835651:715421-716036-	15	36	0	103,106,40,52,58,65,68,69,72,73	108,111,45,57,63,70,73,74,77,78	1	1,2,3,4,5,6,7,8,9,10	67	67	610	15|4|2|1|0|2|6|2|1|0|0|3
GA	Erieur	LTR	ERVK	ERV2-6_EE-I	JH835493:3066449-3067066+	JH835502:2126111-2126878+	15	41	0	106,173,40,52,58,65,68,69,72,73	197,209,215,222,225,226,229,230,261,328	1	1,2,3,4,5,6,7,8,9,10	132	132	610	15|5|2|1|0|1|5|3|1|1|2|5
GA	Erieur	LTR	ERVK	ERV2-6_EE-I	JH835493:3066449-3067066+	JH835682:1703910-1704679-	17	36	0	106,152,189,40,52,58,65,68,69,72,73,91	198,210,216,223,226,227,230,231,249,264,310,345	1	1,2,3,4,5,6,7,8,9,10,11,12	148	148	611	17|1|2|0|1|2|4|3|3|0|1|2
GA	Erieur	LTR	ERVK	ERV2-6_EE-I	JH835493:3066449-3067066+	JH835711:604533-605192-	11	26	0	105,106,40,52,58,65,68,69,72,73	101,102,36,48,54,61,64,65,68,69	1	1,2,3,4,5,6,7,8,9,10	67	67	443	11|3|3|0|1|0|3|1|3|1|0|0
GA	Erieur	LTR	ERVK	ERV2-6_EE-I	JH835493:3066449-3067066+	JH836689:15911-16505+	13	28	0	106,40,52,58,65,68,69,72,73,85	194,206,212,219,222,223,226,227,239,260	1	1,2,3,4,5,6,7,8,9,10	67	67	399	13|3|3|0|0|2|4|2|1|0|0|0
GA	Erieur	LTR	ERVK	ERV2-6_EE-I	JH835493:3066449-3067066+	JH835729:1779592-1780410+	14	31	0	105,141,40,52,58,65,68,69,72,73	198,210,216,223,226,227,230,231,263,299	1	1,2,3,4,5,6,7,8,9,10	102	102	431	14|2|1|1|2|2|4|3|1|0|1|0
GA	Erieur	LTR	ERVK	ERV2-4_EE-I	JH835467:4310627-4311462+	JH835930:1223048-1223903-	26	68	0	533,535,541,544,555,579,588,605,606,618,626	532,534,540,543,554,578,587,604,605,617,625	1	11,12,13,14,15,16,17,18,19,20,21	94	94	845	26|9|2|2|1|0|10|10|2|3|0|3
GA	Erieur	LTR	ERVK	ERV2-6_EE-I	JH835506:1870010-1870814+	JH835682:1703910-1704679-	22	61	0	209,214,215,220,222,225,226,229,230,244,248,263,305,310	210,215,216,221,223,226,227,230,231,245,249,264,305,310	2	5,6,7,8,9,10,11,12,13,14,15,16,17,18	102	101	589	22|8|4|1|2|1|6|8|1|2|3|3
GA	Erieur	LTR	ERVK	ERV2-4_EE-I	JH835473:595587-596313+	JH835629:2312761-2313616-	29	75	0	212,226,239,250,290,553,556,557,566,569	201,215,228,239,279,539,542,543,552,555	2	5,6,7,8,9,19,20,21,22,23	96	355	685	29|11|3|3|1|3|6|12|1|2|4|0
GA	Erieur	LTR	ERVK	ERV2-4_EE-I	JH835473:3379577-3380881-	JH836589:102832-103799+	24	60	0	408,411,422,428,429,496,513,543,554,562,576,577	408,411,422,428,429,496,513,543,554,564,578,579	2	9,10,11,12,13,15,16,17,18,19,20,21	106	172	967	24|5|3|2|1|0|8|9|1|1|1|5
GA	Erieur	LTR	ERVK	ERV2-4B_EE-I	JH835633:1701848-1702833-	JH836072:509485-510772+	34	73	0	293,299,307,325,343,346,465,469,508,513,518	239,245,253,271,289,292,441,445,484,489,494	2	3,4,5,6,7,8,11,12,13,14,15	108	256	930	34|8|2|1|6|2|3|8|4|2|1|2
GA	Erieur	LTR	ERVK	ERV2-4B_EE-I	JH835641:1467212-1468174-	JH836072:509485-510772+	37	74	0	264,272,289,296,297,298,774,776,804,810,817	1153,1155,1181,1187,1194,625,633,650,657,658,659	2	10,11,12,13,14,15,33,34,35,36,37	77	570	914	37|7|0|2|2|2|5|11|2|3|0|3
GA	Erieur	LTR	ERVK	LTR11_EE	JH835602:759735-760193+	JH835890:793483-793954+	15	39	0	100,102,118,305,312,315,317,345,378,78,91	107,116,118,134,318,325,328,330,358,391,94	2	1,2,3,4,5,7,8,9,10,11,12	115	298	424	15|9|0|1|1|2|5|4|0|2|0|0
GA	Erieur	LTR	ERVK	ERV2-4B_EE-I	JH835674:1163181-1164896+	JH836072:509485-510772+	45	101	0	1181,1192,1194,1222,1228,1235,817,834,847,850,851	1142,1153,1155,1181,1187,1194,780,797,810,813,814	2	28,29,30,31,32,40,41,42,43,44,45	88	415	1274	45|8|3|3|4|4|10|15|3|3|0|3
GA	Erieur	LTR	ERVK	ERV2-6_EE-I	JH835579:1575279-1576054-	JH835675:1809869-1810652-	23	55	0	196,208,213,214,219,221,224,225,228,229,262	201,213,218,219,224,226,229,230,233,234,267	1	5,6,7,8,9,10,11,12,13,14,15	67	67	779	23|4|2|1|1|3|11|4|1|0|3|2
GA	Erieur	LTR	ERVK	ERV2-6_EE-I	JH835579:1575279-1576054-	JH836334:346011-346795+	21	62	0	196,208,213,214,219,221,224,225,228,229,262	199,211,216,217,222,224,227,228,231,232,265	1	4,5,6,7,8,9,10,11,12,13,14	67	67	779	21|6|2|4|2|2|13|7|0|1|2|2
GA	Erieur	LTR	ERVK	ERV2-6_EE-I	JH835579:1575279-1576054-	JH835841:1601189-1601958-	21	57	0	196,208,213,214,219,221,224,225,228,229,247,262	198,210,215,216,221,223,226,227,230,231,249,264	1	4,5,6,7,8,9,10,11,12,13,14,15	67	67	769	21|7|1|0|2|5|12|3|0|1|2|3
GA	Erieur	LTR	ERVK	ERV2-6_EE-I	JH835579:1575279-1576054-	JH835682:1703910-1704679-	22	57	0	174,196,208,213,214,219,221,224,225,228,229,247,262,308	176,198,210,215,216,221,223,226,227,230,231,249,264,310	1	3,4,5,6,7,8,9,10,11,12,13,14,15,16	135	135	769	22|6|1|0|2|2|11|4|2|1|3|3
GA	Erieur	LTR	ERVK	ERV2-6_EE-I	JH835579:1575279-1576054-	JH836163:454210-454979-	22	65	0	196,208,213,214,219,221,224,225,228,229,262	198,210,215,216,221,223,226,227,230,231,264	1	4,5,6,7,8,9,10,11,12,13,14	67	67	769	22|14|1|1|4|3|11|3|1|0|2|3
GA	Erieur	LTR	ERVK	ERV2-6_EE-I	JH835579:1575279-1576054-	JH835610:1162471-1163208+	21	53	0	208,213,214,219,221,224,225,228,229,262,289	169,174,175,180,182,185,186,189,190,223,250	1	6,7,8,9,10,11,12,13,14,15,16	82	82	735	21|4|1|3|2|1|9|5|1|0|3|3
GA	Erieur	LTR	ERVK	ERV2-6_EE-I	JH835579:1575279-1576054-	JH835610:2313304-2314127+	20	41	0	174,196,208,213,214,219,221,224,225,228,229,262	173,195,207,212,213,218,220,223,224,227,228,261	1	2,3,4,5,6,7,8,9,10,11,12,13	89	89	587	20|7|0|0|1|1|7|3|0|0|2|0
GA	Erieur	LTR	ERVK	ERV2-6_EE-I	JH835579:1575279-1576054-	JH835964:230461-231055-	17	43	0	174,196,208,213,214,219,221,224,225,228,229,262	172,194,206,211,212,217,219,222,223,226,227,260	2	3,4,5,6,7,8,9,10,11,12,13,14	90	89	557	17|5|2|0|1|3|9|2|0|0|2|2
GA	Erieur	LTR	ERVK	ERV2-6_EE-I	JH835579:1575279-1576054-	JH835947:1059484-1060338-	18	48	0	174,196,208,213,214,219,221,224,225,228,229,262	176,198,210,215,216,221,223,226,227,230,231,262	1	3,4,5,6,7,8,9,10,11,12,13,14	87	87	623	18|9|2|1|1|1|9|3|1|0|1|2
GA	Erieur	LTR	ERVK	ERV2-6_EE-I	JH835579:1575279-1576054-	JH836360:205856-206420+	19	45	0	174,196,208,213,214,219,221,224,225,228,229,262	176,198,210,215,216,221,223,226,227,230,231,264	1	3,4,5,6,7,8,9,10,11,12,13,14	89	89	561	19|5|1|1|0|1|8|5|2|0|2|1
GA	Erieur	LTR	ERVK	ERV2-6_EE-I	JH835579:1575279-1576054-	JH836184:617081-617677+	17	43	0	174,196,208,213,214,219,221,224,225,228,229,262	176,198,210,215,216,221,223,226,227,230,231,264	1	1,2,3,4,5,6,7,8,9,10,11,12	89	89	553	17|6|3|1|2|2|5|3|1|1|1|1
GA	Erieur	LTR	ERVK	ERV2-6_EE-I	JH835579:1575279-1576054-	JH835846:1486792-1487395+	19	46	0	174,196,208,213,214,219,221,224,225,228,229,262	176,198,210,215,216,221,223,226,227,230,231,264	2	5,6,7,8,9,10,11,12,13,14,15,16	90	89	553	19|8|1|1|2|2|6|2|0|0|3|2
GA	Erieur	LTR	ERVK	ERV2-6_EE-I	JH835579:1575279-1576054-	JH835611:169943-170541+	19	49	0	174,196,208,213,214,219,221,224,225,228,229,262	173,195,207,212,213,218,220,223,224,227,228,261	1	3,4,5,6,7,8,9,10,11,12,13,14	89	89	553	19|4|1|0|2|1|8|5|2|1|3|3
GA	Erieur	LTR	ERVK	ERV2-6_EE-I	JH835579:1575279-1576054-	JH835651:715421-716036-	17	42	0	174,196,208,213,214,219,221,224,225,228,229,259,262	108,111,23,45,57,62,63,68,70,73,74,77,78	1	1,2,3,4,5,6,7,8,9,10,11,12,13	89	89	617	17|6|1|1|0|0|10|1|0|0|2|4
GA	Erieur	LTR	ERVK	ERV2-6_EE-I	JH835579:1575279-1576054-	JH835666:2100710-2101303+	18	48	0	196,208,213,214,219,221,224,225,228,229,262	194,206,211,212,217,219,222,223,226,227,260	1	4,5,6,7,8,9,10,11,12,13,14	67	67	545	18|8|2|0|1|2|9|3|1|1|2|1
GA	Erieur	LTR	ERVK	ERV2-6_EE-I	JH835579:1575279-1576054-	JH836689:15911-16505+	18	46	0	174,196,208,213,214,219,221,224,225,228,229,241,262	172,194,206,211,212,217,219,222,223,226,227,239,260	1	2,3,4,5,6,7,8,9,10,11,12,13,14	89	89	562	18|6|3|1|0|2|7|6|0|1|1|1
GA	Erieur	LTR	ERVK	ERV2-6_EE-I	JH835579:1575279-1576054-	JH835729:1779592-1780410+	21	57	0	196,208,213,214,219,221,224,225,228,229,261,297	198,210,215,216,221,223,226,227,230,231,263,299	1	5,6,7,8,9,10,11,12,13,14,15,16	102	102	591	21|9|1|2|2|3|8|5|0|1|4|1
GA	Erieur	LTR	ERVK	ERV2-6_EE-I	JH835579:1575279-1576054-	JH835688:845422-846242+	22	55	0	208,213,214,219,221,224,225,228,229,311	209,214,215,220,222,225,226,229,230,309	1	6,7,8,9,10,11,12,13,14,15	101	101	591	22|6|2|1|1|1|10|7|0|1|3|1
GA	Erieur	LTR	ERVK	ERV2-6_EE-I	JH835579:1575279-1576054-	JH835827:935861-936453+	18	46	0	196,208,213,214,219,221,224,225,228,229,262	196,208,213,214,219,221,224,225,228,229,262	1	4,5,6,7,8,9,10,11,12,13,14	67	67	554	18|5|0|2|3|3|8|4|2|0|1|0
GA	Erieur	LTR	ERVK	ERV2-6_EE-I	JH835579:1575279-1576054-	JH835970:1103887-1104700-	18	46	0	208,213,214,219,221,224,225,228,229,262,297	211,216,217,222,224,227,228,231,232,265,300	2	4,5,6,7,8,9,10,11,12,13,14	91	90	547	18|6|1|0|2|4|10|3|0|1|1|0
GA	Erieur	LTR	ERVK	ERV2-6_EE-I	JH835579:1575279-1576054-	JH836454:299146-299955+	13	29	0	196,208,213,214,219,221,224,225,228,229,262	198,210,215,216,221,223,226,227,230,231,264	1	2,3,4,5,6,7,8,9,10,11,12	67	67	451	13|4|0|2|1|2|2|1|2|0|2|0
GA	Erieur	LTR	ERVK	ERV2-6_EE-I	JH835579:1575279-1576054-	JH835681:762914-763749-	21	61	0	196,208,213,214,219,221,224,225,228,229,297	210,222,227,228,233,235,238,239,242,243,310	1	3,4,5,6,7,8,9,10,11,12,13	101	101	593	21|12|2|1|1|4|8|6|0|1|3|2
GA	Erieur	LTR	ERVK	ERV2-6_EE-I	JH835579:1575279-1576054-	JH835907:1618873-1619354-	18	37	0	196,208,213,214,219,221,224,225,228,229,262,352,391,394,412,423	195,207,212,213,218,220,223,224,227,228,261,351,390,393,411,422	2	3,4,5,6,7,8,9,10,11,12,13,14,15,16,17,18	229	228	454	18|6|0|0|1|3|3|4|0|0|1|1
GA	Erieur	LTR	ERVK	ERV2-4_EE-I	JH835518:1593006-1593736-	JH836589:102832-103799+	22	45	0	243,280,283,294,300,301,336,368,385,413,424	371,408,411,422,428,429,464,496,513,543,554	2	8,9,10,11,12,13,14,15,16,17,18	185	184	716	22|2|3|1|1|2|0|8|2|2|2|0
GA	Erieur	LTR	ERVK	ERV2-4B_EE-I	JH835748:948209-949941-	JH836072:509485-510772+	41	107	0	1208,1221,1248,1254,1261,729,736,737,747,756	1142,1155,1181,1187,1194,650,657,658,668,677	2	19,20,21,22,23,37,38,39,40,41	81	545	1292	41|13|3|2|6|1|15|13|4|3|2|4
GA	Erieur	LTR	ERVK	ERV2-4_EE-I	JH835533:2081562-2082418+	JH836589:102832-103799+	22	66	0	388,391,402,408,409,506,517,527,541,542,551	408,411,422,428,429,543,554,564,578,579,588	2	8,9,10,11,12,14,15,16,17,18,19	68	181	795	22|7|6|0|1|1|8|7|2|1|4|7
GA	Erieur	LTR	ERVK	ERV2-6_EE-I	JH835633:2262623-2263446+	JH835907:1618873-1619354-	15	42	0	199,211,222,224,228,397,400,414,418,429	195,207,218,220,224,390,393,407,411,422	2	4,5,6,7,8,11,12,13,14,15	63	228	490	15|4|2|1|1|3|2|10|1|0|3|0
GA	Erieur	LTR	ERVK	ERV2-4B_EE-I	JH835834:1150042-1151113-	JH836072:509485-510772+	44	93	0	1002,1017,1019,786,795,806,813,819,936,994	732,741,752,759,765,882,940,948,963,965	2	29,30,31,32,33,40,41,42,43,44	118	234	972	44|6|1|1|5|1|10|13|1|2|3|6
GA	Erieur	LTR	ERVK	ERV2-6_EE-I	JH835650:139424-140199-	JH836290:92590-93424-	30	89	0	175,194,201,206,211,339,343,344,361,371	242,261,268,273,278,401,405,406,422,432	2	4,5,6,7,8,13,14,15,16,17	69	191	760	30|11|0|3|1|2|13|18|5|2|1|3
GA	Erieur	LTR	ERVK	ERV2-4B_EE-I	JH835843:649715-651370+	JH836072:509485-510772+	33	80	0	1097,1098,651,658,659,669,678,940,960,963	1120,1121,650,657,658,668,677,940,960,963	2	12,13,14,15,16,26,27,28,29,30	210	472	933	33|7|3|0|6|1|9|11|3|2|0|5
GA	Erieur	LTR	ERVK	ERV2-6_EE-I	JH835658:384889-385713+	JH835841:1601189-1601958-	20	44	0	211,212,219,222,223,226,227,241,245,260,302	215,216,223,226,227,230,231,245,249,264,305	1	6,7,8,9,10,11,12,13,14,15,16	91	91	599	20|3|2|0|3|0|4|5|0|2|2|3
GA	Erieur	LTR	ERVK	ERV2-6_EE-I	JH835658:384889-385713+	JH836815:65028-65792+	19	45	0	211,212,219,223,226,227,228,241,260,302	212,213,220,223,226,227,228,241,260,301	1	8,9,10,11,12,13,14,15,16,17	90	90	597	19|8|2|0|2|1|3|7|0|0|1|2
GA	Erieur	LTR	ERVK	ERV2-4B_EE-I	JH835911:890547-891692-	JH836072:509485-510772+	33	71	0	601,609,626,633,634,756,773,786,789,790	625,633,650,657,658,780,797,810,813,814	2	10,11,12,13,14,20,21,22,23,24	69	190	839	33|6|1|1|2|3|9|8|1|2|3|2
GA	Erieur	LTR	ERVK	ERV2-6_EE-I	JH835686:854572-854919+	JH835833:403299-404140+	15	38	0	169,179,203,210,212,213,216,245,248,249,256,265	479,489,514,521,523,524,527,558,561,562,569,578	2	3,4,5,6,7,8,9,11,12,13,14,15	70	100	320	15|4|0|1|2|2|3|6|1|0|2|2
GA	Erieur	LTR	ERVK	ERV2-4B_EE-I	JH835929:400990-402624+	JH836072:509485-510772+	29	62	0	1095,1116,1129,1157,1163,1170,1175,642,649,650,662,669	1121,1142,1155,1181,1187,1194,1199,650,657,658,670,677	2	7,8,9,10,11,23,24,25,26,27,28,29	107	550	899	29|7|2|0|2|1|8|8|0|1|2|2
GA	Erieur	LTR	ERVK	ERV2-4B_EE-I	JH835939:545961-546977-	JH836072:509485-510772+	17	31	0	151,164,167,168,180,479,492,520,526,533	1142,1155,1181,1187,1194,797,810,813,814,826	2	5,6,7,8,9,13,14,15,16,17	83	398	602	17|4|0|0|3|2|1|0|1|2|1|0
GA	Erieur	LTR	ERVK	ERV2-6_EE-I	JH835699:1554888-1555502-	JH836815:65028-65792+	17	41	0	102,144,48,53,54,59,61,68,69,70	207,212,213,218,220,226,227,228,260,301	1	3,4,5,6,7,8,9,10,11,12	95	95	605	17|7|2|2|0|0|5|4|1|1|1|1
GA	Erieur	LTR	ERVK	ERV2-6_EE-I	JH835699:1554888-1555502-	JH835841:1601189-1601958-	18	50	0	102,144,48,53,54,59,61,65,68,69,87	210,215,216,221,223,227,230,231,249,264,305	1	3,4,5,6,7,8,9,10,11,12,13	96	96	606	18|5|2|0|2|4|7|6|2|2|1|1
GA	Erieur	LTR	ERVK	ERV2-6_EE-I	JH835724:1059103-1059890-	JH835776:957011-957455+	16	30	0	197,209,214,215,222,225,226,229,230,242,263	106,40,52,57,58,65,68,69,72,73,85	1	2,3,4,5,6,7,8,9,10,11,12	67	67	392	16|5|1|2|1|0|1|3|0|0|0|1
GA	Erieur	LTR	ERVK	ERV2-4_EE-I	JH835624:1549108-1550271+	JH835629:2312761-2313616-	27	68	0	228,240,241,252,292,555,559,568,571,582,583	215,227,228,239,279,539,543,552,555,566,567	2	7,8,9,10,11,18,19,20,21,22,23	94	353	781	27|11|3|3|1|2|3|9|0|4|2|3
GA	Erieur	LTR	ERVK	ERV2-4_EE-I	JH835626:1104152-1104858-	JH836589:102832-103799+	21	47	0	255,279,316,319,330,336,337,462,464,472,486,487,496	347,371,408,411,422,428,429,554,556,564,578,579,588	2	5,6,7,8,9,10,11,16,17,18,19,20,21	118	242	705	21|2|0|2|1|1|5|7|4|3|0|1
GA	Erieur	LTR	ERVK	ERV2-4_EE-I	JH835626:1104152-1104858-	JH835629:2312761-2313616-	31	77	0	118,132,145,156,196,462,463,464,472,475	201,215,228,239,279,542,543,544,552,555	2	3,4,5,6,7,18,19,20,21,22	93	355	703	31|7|1|4|3|5|8|11|4|2|1|0
GA	Erieur	LTR	ERVK	ERV2-4B_EE-I	JH836064:908563-910322-	JH836072:509485-510772+	44	97	0	505,509,548,553,558,562,796,805,809,816,823,861,867,874,877,878,897	441,445,484,489,494,498,732,741,745,752,759,797,803,810,813,814,834	3	15,16,17,18,19,20,30,31,32,33,34,36,37,38,39,40,41	124	394	1096	44|6|2|4|5|1|11|14|3|2|2|3
GA	Erieur	LTR	ERVK	ERV2-4_EE-I	JH835678:1049362-1049895-	JH836121:494594-495677-	22	53	0	18,19,207,209,218,220,225,42,48,7,9	18,19,207,209,218,220,225,42,48,7,9	2	1,2,3,4,5,6,13,14,15,16,17	61	219	407	22|6|0|0|1|6|4|5|3|1|1|4
GA	Erieur	LTR	ERVK	LTR11B2b_EE	JH835414:1524088-1524414-	JH835529:1698672-1699026+	14	26	0	155,157,159,170,206,29,42,62,71,76,79,85,89	103,182,184,186,197,233,41,54,76,85,90,93,99	2	1,2,3,4,5,6,7,8,10,11,12,13,14	115	193	307	14|3|2|2|0|0|1|3|0|0|1|0
GA	Erieur	LTR	ERVK	ERV2-4_EE-I	JH835716:552754-553588+	JH836589:102832-103799+	25	60	0	407,410,427,428,432,463,495,512,519,542,553	408,411,428,429,433,464,496,513,520,543,554	2	11,12,13,14,15,16,17,18,19,20,21	148	147	827	25|8|4|1|2|1|7|4|2|1|1|4
GA	Erieur	LTR	ERVK	ERV2-4_EE-I	JH835738:986708-987067-	JH835816:403576-405134-	16	33	0	101,107,194,201,253,261,274,75,76,98	469,470,493,496,502,589,596,649,657,670	2	4,5,6,7,8,12,13,14,15,16	116	202	366	16|7|1|1|2|1|2|1|0|1|1|0
GA	Erieur	LTR	ERVK	ERV2-4_EE-I	JH835742:819693-820512-	JH836589:102832-103799+	30	77	0	395,397,398,415,416,420,530,541,551,565,566,575	408,410,411,428,429,433,543,554,564,578,579,588	2	11,12,13,14,15,16,22,23,24,25,26,27	72	181	815	30|9|1|4|2|3|8|9|3|1|2|5
GA	Erieur	LTR	ERVK	ERV2-4_EE-I	JH835766:768712-769373+	JH836589:102832-103799+	22	51	0	250,287,290,307,308,422,433,443,457,458	371,408,411,428,429,543,554,564,578,579	2	7,8,9,10,11,15,16,17,18,19	96	209	660	22|6|3|1|0|1|5|5|2|1|2|3
GA	Erieur	LTR	ERVK	ERV2-4_EE-I	JH835776:63285-63993+	JH836589:102832-103799+	25	46	0	407,410,421,427,428,463,495,512,514,542,553	408,411,422,428,429,464,496,513,515,543,554	2	12,13,14,15,16,17,18,19,20,21,22	148	147	708	25|1|2|2|0|1|3|9|2|0|0|1
GA	Erieur	LTR	ERVK	ERV2-4_EE-I	JH835821:455186-456017-	JH836589:102832-103799+	26	75	0	406,409,425,426,427,541,552,562,576,577	408,411,427,428,429,543,554,564,578,579	2	10,11,12,13,14,20,21,22,23,24	59	172	841	26|6|4|3|1|3|6|13|2|2|3|6
GA	Erieur	LTR	ERVK	ERV2-4_EE-I	JH835888:850972-851827+	JH836589:102832-103799+	26	53	0	17,19,22,30,544,555,565,579,580,589,7	18,20,23,31,543,554,564,578,579,588,7	2	1,2,3,4,5,19,20,21,22,23,24	71	582	854	26|6|1|1|1|0|5|7|2|2|1|1
GA	Erieur	LTR	ERVK	ERV2-4_EE-I	JH836013:627884-628977+	JH836589:102832-103799+	28	73	0	403,408,411,428,429,496,513,520,543,554,564,578,579	403,408,411,428,429,496,513,520,543,554,564,578,579	2	12,13,14,15,16,19,20,21,22,23,24,25,26	111	177	957	28|4|4|1|2|2|8|14|1|1|3|5
GA	Erieur	LTR	ERVK	ERV2-4_EE-I	JH836020:1090449-1091223+	JH836589:102832-103799+	24	47	0	362,394,399,402,420,504,511,534,545,555	371,403,408,411,429,513,520,543,554,564	2	9,10,11,12,13,16,17,18,19,20	111	194	778	24|5|0|1|0|0|6|6|0|1|3|1
GA	Erieur	LTR	ERVK	ERV2-4_EE-I	JH836072:874653-875399+	JH836589:102832-103799+	24	63	0	401,404,421,422,426,506,536,547,557,571,572,581	408,411,428,429,433,513,543,554,564,578,579,588	2	9,10,11,12,13,16,17,18,19,20,21,22	102	181	752	24|8|2|2|2|2|8|7|2|2|1|3
GA	Erieur	LTR	ERVK	ERV2-4_EE-I	JH836150:595541-596308+	JH836589:102832-103799+	23	52	0	285,322,325,336,342,343,468,478,492,493,502	371,408,411,422,428,429,554,564,578,579,588	2	7,8,9,10,11,12,17,18,19,20,21	94	218	766	23|3|1|2|1|0|4|10|2|1|3|2
GA	Erieur	LTR	ERVK	ERV2-4_EE-I	JH836229:233198-234913-	JH836589:102832-103799+	25	73	0	401,404,406,421,422,457,477,489,506,536,547,557,571,572	408,411,413,428,429,464,484,496,513,543,554,564,578,579	2	10,11,12,13,14,15,16,17,18,19,20,21,22,23	173	172	729	25|9|3|3|1|1|7|11|2|1|4|6
GA	Erieur	LTR	ERVK	ERV2-4_EE-I	JH836358:23306-24138+	JH836589:102832-103799+	27	74	0	394,408,411,428,429,513,543,554,564,578	394,408,411,428,429,513,543,554,564,578	2	12,13,14,15,16,20,21,22,23,24	102	185	841	27|7|4|1|0|3|6|6|2|5|4|9
GA	Erieur	LTR	ERVK	ERV2-4_EE-I	JH836431:380809-381665-	JH836589:102832-103799+	27	62	0	410,413,430,431,435,466,499,516,546,557,567	408,411,428,429,433,464,496,513,543,554,564	2	11,12,13,14,15,16,17,18,19,20,21	158	157	854	27|6|2|2|2|1|4|8|3|0|3|4
