GA	Musmus	LTR	ERV1	LTRIS_Mus	chr1:11058150-11058738-	chr4:5593785-5594371+	16	33	0	164,185,224,225,226,484,505,517,534,535	164,186,225,226,227,482,503,515,532,533	2	2,3,4,5,6,10,11,12,13,14	116	370	587	16|3|3|0|0|1|2|4|1|0|2|1
GA	Musmus	LTR	ERV1	MuRRS-int	chr11:50359032-50359617-	chrY:12793647-12793994-	16	42	0	128,133,157,16,18,187,193,25,4,6	129,134,158,16,18,188,194,25,4,6	2	1,2,3,4,5,8,9,10,11,12	88	191	299	16|8|2|1|2|2|3|2|0|1|1|4
GA	Musmus	LTR	ERV1	RLTR48C	chr1:171445893-171446386-	chrX:93563670-93564135+	26	46	0	275,276,299,300,334,429,436,441,444,445,447,465,466,469,471,473	250,251,274,275,309,400,407,412,415,416,418,437,438,441,443,445	3	6,7,8,9,10,16,17,18,19,20,21,22,23,24,25,26	107	196	479	26|6|1|0|2|0|3|7|0|0|0|1
GA	Musmus	LTR	ERV1	RLTR48C	chr10:41924153-41924637+	chrX:93563670-93564135+	26	48	0	398,401,402,407,420,427,435,438,456,457,460,462,464,471	378,381,382,387,400,407,415,418,437,438,441,443,445,452	2	13,14,15,16,17,18,19,20,21,22,23,24,25,26	76	75	474	26|5|0|2|1|1|1|7|1|1|1|2
GA	Musmus	LTR	ERV1	RLTR48C	chr10:116266314-116266778-	chrX:93563670-93564135+	22	56	0	373,378,381,382,387,436,440,442,444,451	373,378,381,382,387,437,441,443,445,452	2	8,9,10,11,12,18,19,20,21,22	31	80	464	22|6|1|0|3|3|7|10|0|1|1|2
GA	Musmus	LTR	ERV1	MMVL30-int	chr10:130404812-130405267-	chr18:26138499-26139387-	21	57	0	295,322,338,341,342,343,344,346,350,352,353,355,356	310,336,352,355,356,357,358,360,364,366,367,369,370	2	7,8,9,10,11,12,13,14,15,16,17,18,19	62	61	460	21|7|2|3|1|6|4|9|1|1|0|2
GA	Musmus	LTR	ERV1	RLTR48C	chr18:6009056-6009553+	chrX:93563670-93564135+	24	48	0	393,411,414,415,420,433,435,440,445,448,449,469,470,473,475,477	360,378,381,382,387,400,402,407,412,415,416,437,438,441,443,445	3	7,8,9,10,11,12,13,14,15,16,17,19,20,21,22,23	67	86	324	24|6|2|0|2|2|4|7|0|0|0|1
GA	Musmus	LTR	ERV1	RLTR48C	chr18:57638009-57638448-	chrX:93563670-93564135+	30	49	0	353,356,357,358,362,375,377,382,387,390,391,393,411,412,415,417,427,429	378,381,382,383,387,400,402,407,412,415,416,418,437,438,441,443,453,455	3	13,14,15,16,17,18,19,20,21,22,23,24,25,26,27,28,29,30	80	78	438	30|5|1|0|2|1|2|4|2|0|1|1
GA	Musmus	LTR	ERV1	RLTR48C	chr2:49640489-49640971+	chrX:93563670-93564135+	27	52	0	394,397,398,402,403,452,458,460,462,469	378,381,382,386,387,437,441,443,445,452	2	12,13,14,15,16,23,24,25,26,27	26	75	473	27|8|3|1|0|0|3|7|0|0|0|3
GA	Musmus	LTR	ERV1	RLTR48C	chr2:79186039-79186521-	chrX:93563670-93564135+	24	51	0	265,266,274,320,323,419,421,426,434,435,437	250,251,259,306,309,400,402,407,415,416,418	2	5,6,7,8,9,15,16,17,18,19,20	79	169	472	24|3|2|1|2|2|4|6|1|0|2|4
GA	Musmus	LTR	ERV1	RLTR48C	chr6:72038522-72039004-	chrX:93563670-93564135+	26	50	0	397,400,401,406,410,419,421,426,431,434,435,455,461,463,465,472	378,381,382,387,391,400,402,407,412,415,416,437,441,443,445,452	3	10,11,12,13,14,15,16,17,18,19,20,22,23,24,25,26	56	75	472	26|4|3|1|2|2|2|7|0|0|1|2
GA	Musmus	LTR	ERV1	RLTR48C	chr9:110754579-110755075+	chrX:93563670-93564135+	22	50	0	408,411,412,415,417,466,472,474,476,483	378,381,382,385,387,437,441,443,445,452	2	10,11,12,13,14,18,19,20,21,22	26	75	480	22|6|1|0|1|2|4|9|0|1|0|4
GA	Musmus	LTR	ERV1	MuRRS-int	chr4:146068927-146069350+	chrY:12793647-12793994-	16	40	0	130,135,159,16,18,189,195,25,4,6	129,134,158,16,18,188,194,25,4,6	2	1,2,3,4,5,8,9,10,11,12	88	191	299	16|7|2|1|2|2|3|1|1|1|1|3
GA	Musmus	LTR	ERV1	MuRRS-int	chr4:146906124-146906624-	chrY:12793647-12793994-	15	39	0	130,135,159,16,18,189,195,25,4,6	129,134,158,16,18,188,194,25,4,6	2	1,2,3,4,5,8,9,10,11,12	88	191	299	15|6|2|2|2|2|3|1|1|1|1|3
GA	Musmus	LTR	ERV1	MuRRS-int	chr4:147081662-147082162+	chrY:12793647-12793994-	15	39	0	130,135,159,16,18,189,195,25,4,6	129,134,158,16,18,188,194,25,4,6	2	1,2,3,4,5,8,9,10,11,12	88	191	299	15|6|2|2|2|2|3|1|1|1|1|3
GA	Musmus	LTR	ERV1	MuRRS-int	chr4:147751724-147752224-	chrY:12793647-12793994-	16	39	0	130,135,159,16,18,189,195,25,4,6	129,134,158,16,18,188,194,25,4,6	2	1,2,3,4,5,8,9,10,11,12	88	191	299	16|7|2|1|2|2|3|1|1|1|1|2
GA	Musmus	LTR	ERV1	MURVY-LTR	chr11:72266571-72266831-	chr6:136413091-136413570-	10	10	0	174,175,18,32,33,48,49,5,50,52	175,176,18,32,33,48,49,5,50,52	1	1,2,3,4,5,6,7,8,9,10	172	172	183	10|0|0|0|0|0|0|0|0|0|0|0
GA	Musmus	LTR	ERV1	MURVY-LTR	chr11:104862118-104862586-	chr6:136413091-136413570-	10	15	0	167,173,174,175,176,22,32,33,48,49	168,174,175,176,177,22,32,33,48,49	2	1,2,3,4,5,6,7,8,9,10	157	156	187	10|1|0|1|0|0|1|2|0|0|0|0
GA	Musmus	LTR	ERV1	MURVY-LTR	chr11:104862118-104862586-	chr4:20078700-20079268-	12	21	0	12,167,173,174,175,176,22,33,48,49	12,169,175,176,177,178,22,33,49,50	2	1,2,3,4,5,8,9,10,11,12	49	167	191	12|3|0|2|0|0|2|2|0|0|0|0
GA	Musmus	LTR	ERV1	MURVY-LTR	chr12:9546398-9546893-	chr6:136413091-136413570-	13	21	0	167,173,174,175,176,188,22,32,48,49,52	168,174,175,176,177,189,22,32,48,49,52	2	1,2,3,4,5,6,7,8,9,10,11	169	168	245	13|1|1|0|1|0|0|5|0|0|0|0
GA	Musmus	LTR	ERV1	MMVL30-int	chr14:44786367-44786625-	chr7:48390960-48391328-	13	17	0	113,136,146,148,51,60,71,80,86,94	105,124,147,157,159,62,71,82,91,97	1	2,3,4,5,6,7,8,9,10,11	98	98	258	13|0|0|1|0|0|2|1|0|0|0|0
GA	Musmus	LTR	ERV1	MMVL30-int	chr14:44786367-44786625-	chr19:4113847-4114217-	17	22	0	111,113,120,136,146,148,149,152,51,71,76,80,91,94	102,105,122,124,131,147,158,160,161,164,62,82,87,91	2	3,4,5,6,7,8,9,10,11,12,13,14,15,16	104	103	256	17|0|0|1|1|0|2|1|0|0|0|0
GA	Musmus	LTR	ERV1	MURVY-LTR	chr12:59653776-59654343-	chr6:136413091-136413570-	14	32	0	167,173,174,175,176,22,32,48,49,52	168,174,175,176,177,22,32,48,49,52	2	1,2,3,4,5,6,7,8,9,10	157	156	365	14|3|0|1|0|0|3|4|1|2|2|2
GA	Musmus	LTR	ERV1	MURVY-LTR	chr12:59653776-59654343-	chr5:104596071-104596390+	13	26	0	143,145,167,173,174,175,176,48,49,52	147,149,171,177,178,179,180,49,50,53	2	1,2,3,4,5,6,7,8,9,10	133	132	316	13|0|0|0|1|1|3|5|0|1|1|1
GA	Musmus	LTR	ERV1	MURVY-LTR	chr12:59653776-59654343-	chr5:104597579-104598089+	12	26	0	137,143,145,167,173,174,175,176,48,49,52	139,145,147,175,181,182,183,184,49,50,53	2	1,2,3,4,5,6,7,8,9,10,11	137	136	263	12|4|0|1|0|2|3|1|1|1|0|1
GA	Musmus	LTR	ERV1	MURVY-LTR	chr16:13884471-13884924-	chr19:49833894-49834476+	15	28	0	12,167,173,174,175,176,22,48,49,52	11,168,174,175,176,177,21,48,49,52	2	1,2,3,4,5,9,10,11,12,13	52	167	245	15|5|1|1|0|0|1|3|0|0|1|1
GA	Musmus	LTR	ERV1	MURVY-LTR	chr16:13884471-13884924-	chr4:20078700-20079268-	17	31	0	12,167,173,174,175,176,191,22,48,49,52	12,169,175,176,177,178,193,22,49,50,53	2	1,2,3,4,5,8,9,10,11,12,13	67	182	246	17|3|0|2|0|0|2|4|1|1|1|0
GA	Musmus	LTR	ERV1	MURVY-LTR	chr16:22602385-22602871-	chr6:136413091-136413570-	14	24	0	169,175,176,177,178,190,32,33,48,49,52	168,174,175,176,177,189,32,33,48,49,52	2	2,3,4,5,6,7,8,9,10,11,12	159	158	246	14|1|0|0|1|0|3|4|0|0|0|1
GA	Musmus	LTR	ERV1	MURVY-LTR	chr16:22602385-22602871-	chr9:76536139-76536459+	15	23	0	147,155,169,175,176,177,178,22,33,48,49,52	147,155,169,175,176,177,178,22,33,49,50,53	2	1,2,3,4,5,7,8,9,10,11,12,13	64	157	245	15|1|0|0|1|0|4|0|1|0|0|1
GA	Musmus	LTR	ERV1	MURVY-LTR	chr17:3412611-3412864+	chr6:136413091-136413570-	14	21	0	168,174,175,176,177,189,23,33,34,42,49,50	168,174,175,176,177,189,22,32,33,41,48,49	2	1,2,3,4,5,6,7,8,9,10,11,12	169	168	246	14|0|0|1|1|0|1|3|0|1|0|0
GA	Musmus	LTR	ERV1	MURVY-LTR	chr17:3412611-3412864+	chr2:129121339-129121874+	15	26	0	168,174,175,176,177,33,34,42,49,50	168,174,175,176,177,32,33,41,48,49	2	1,2,3,4,5,9,10,11,12,13	28	146	246	15|2|0|0|1|1|2|4|0|1|0|0
GA	Musmus	LTR	ERV1	MURVY-LTR	chr17:3412611-3412864+	chr19:49833894-49834476+	15	25	0	168,174,175,176,177,23,34,42,49,50	168,174,175,176,177,21,32,40,48,49	2	1,2,3,4,5,9,10,11,12,13	39	157	245	15|3|1|1|1|1|1|1|0|0|0|1
GA	Musmus	LTR	ERV1	MURVY-LTR	chr17:3412611-3412864+	chr4:20078700-20079268-	17	30	0	168,174,175,176,177,23,34,42,49,50	169,175,176,177,178,22,33,41,49,50	2	1,2,3,4,5,8,9,10,11,12	39	157	247	17|2|0|2|1|1|2|3|1|1|0|0
GA	Musmus	LTR	ERV1	MURVY-LTR	chr17:3412611-3412864+	chr6:136420281-136420598-	16	27	0	165,168,174,175,176,177,23,33,34,49,50	166,169,175,176,177,178,22,32,33,48,49	2	1,2,3,4,5,9,10,11,12,13,14	41	157	246	16|4|0|1|0|1|0|4|0|1|0|0
GA	Musmus	LTR	ERV1	MURVY-LTR	chr17:3412611-3412864+	chr17:53439305-53439858-	19	31	0	144,146,154,168,174,175,176,177,23,34,42,49,50,53	145,147,155,169,175,176,177,178,22,33,41,49,50,53	2	1,2,3,4,5,6,7,8,9,10,11,12,13,14	158	157	246	19|1|1|0|2|1|1|3|1|2|0|0
GA	Musmus	LTR	ERV1	MURVY-LTR	chr17:21624769-21625321-	chr6:136413091-136413570-	16	33	0	168,174,175,176,177,193,23,33,34,49,50,53	168,174,175,176,177,189,22,32,33,48,49,52	2	1,2,3,4,5,6,7,8,9,10,11,12	169	168	336	16|1|0|0|2|2|3|5|0|0|3|1
GA	Musmus	LTR	ERV1	MMVL30-int	chr7:10874662-10874919+	chr7:48390960-48391328-	13	18	0	112,135,145,147,51,60,71,80,85,93	105,124,147,157,159,62,71,82,92,97	1	2,3,4,5,6,7,8,9,10,11	98	98	257	13|0|0|1|0|0|2|1|0|1|0|0
GA	Musmus	LTR	ERV1	MURVY-LTR	chr19:21049011-21049267-	chr6:136413091-136413570-	16	26	0	165,167,173,174,175,176,188,22,32,33,48,49,52	166,168,174,175,176,177,189,22,32,33,48,49,52	2	1,2,3,4,5,6,8,9,10,11,12,13,14	55	168	246	16|0|0|0|1|0|2|6|0|0|0|1
GA	Musmus	LTR	ERV1	MURVY-LTR	chr19:21049011-21049267-	chr4:20078700-20079268-	19	29	0	12,165,167,173,174,175,176,22,33,48,49	12,167,169,175,176,177,178,22,33,49,50	2	1,2,3,4,5,10,11,12,13,14,15	51	167	249	19|2|0|0|0|0|2|4|0|1|0|1
GA	Musmus	LTR	ERV1	MURVY-LTR	chr19:21049011-21049267-	chr19:49833894-49834476+	16	27	0	12,153,167,173,174,175,176,22,33,48,49	11,154,168,174,175,176,177,21,32,48,49	2	1,2,3,4,5,9,10,11,12,13,14	63	167	246	16|3|1|0|0|0|1|4|0|0|0|2
GA	Musmus	LTR	ERV1	MURVY-LTR	chr19:21049011-21049267-	chr9:31877087-31877600+	14	22	0	143,153,167,173,174,175,22,33,48,49,52	144,152,166,172,173,174,22,33,49,50,53	2	2,3,4,5,6,7,8,9,10,11,12	154	153	225	14|1|0|0|0|1|2|3|0|0|1|0
GA	Musmus	LTR	ERV1	MURVY-LTR	chr2:5085259-5085753-	chr4:20078700-20079268-	18	42	0	12,167,173,174,175,176,18,191,22,48,49	12,169,175,176,177,178,18,193,22,49,50	2	1,2,3,4,5,8,9,10,11,12,13	64	182	334	18|7|0|1|2|2|2|5|2|2|1|0
GA	Musmus	LTR	ERV1	MURVY-LTR	chr2:6480324-6480779-	chr5:104596071-104596390+	10	15	0	143,145,153,174,175,18,33,48,49,52	147,149,157,178,179,18,33,49,50,53	2	1,2,3,4,5,6,7,8,9,10	163	162	191	10|0|0|0|0|0|0|2|0|0|1|2
GA	Musmus	LTR	ERV1	MURVY-LTR	chr2:6480324-6480779-	chrX:129733822-129734405+	11	17	0	143,145,153,164,174,175,18,22,33,48,49	144,146,154,165,175,176,18,22,33,48,49	2	1,2,3,4,5,6,7,8,9,10,11	160	159	183	11|3|0|0|0|0|0|2|0|0|0|1
GA	Musmus	LTR	ERV1	MURVY-LTR	chr4:119229542-119230085+	chr6:136413091-136413570-	14	29	0	168,174,175,176,177,189,22,32,33,34	168,174,175,176,177,189,22,32,33,34	1	1,2,3,4,5,6,7,8,9,10	168	168	381	14|4|0|1|1|0|2|6|0|0|1|0
GA	Musmus	LTR	ERV1	MURVY-LTR	chr5:64701276-64701839-	chr6:136413091-136413570-	14	27	0	167,173,174,175,176,188,22,32,48,49,52	168,174,175,176,177,189,22,32,48,49,52	2	1,2,3,4,5,6,7,8,9,10,11	169	168	346	14|3|1|0|1|0|2|4|0|0|2|0
