GA	Loxafr	LTR	ERVL-MaLR	MLT1X_LA-int	scaffold_0:14643564-14644139-	scaffold_54:4025376-4027046+	23	63	0	304,320,328,337,339,71,77,78,80,83	294,310,318,327,329,68,74,75,77,80	2	2,3,4,5,6,12,13,14,15,16	49	262	542	23|6|1|1|2|5|10|7|1|5|1|1
GA	Loxafr	LTR	ERVL-MaLR	MLT1X5_LA	scaffold_6:54618132-54618340+	scaffold_32:19954239-19954443-	12	22	0	106,117,125,126,54,64,71,72,74,97	102,113,121,122,48,59,67,68,70,93	2	3,4,5,6,7,8,9,10,11,12	76	75	203	12|2|0|1|0|1|1|1|0|0|3|1
GA	Loxafr	LTR	ERVL-MaLR	MLT1X4_LA	scaffold_9:36630499-36631453+	scaffold_25:32134024-32134462+	15	45	0	335,337,341,342,359,60,84,85,94,95	25,304,306,310,311,328,49,50,59,60	2	1,2,3,4,5,11,12,13,14,15	61	304	315	15|5|1|2|0|1|10|5|2|1|2|1
GA	Loxafr	LTR	ERVL-MaLR	MLT1X6_LA	scaffold_44:12574267-12575501+	scaffold_101:3619227-3620460-	27	81	0	1127,1131,1133,1138,1140,903,904,907,909,914	1128,1132,1134,1139,1141,912,913,915,917,921	2	11,12,13,14,15,22,23,24,25,26	24	230	488	27|10|5|1|5|2|13|7|4|2|1|4
GA	Loxafr	LTR	ERVL-MaLR	MLT1X2_LA	scaffold_4:19955886-19956674+	scaffold_64:8914894-8915640-	17	38	0	452,458,461,465,477,605,627,639,663,669	404,410,414,418,430,558,580,592,616,622	2	1,2,3,4,5,9,10,11,12,13	92	219	334	17|5|1|1|1|0|0|8|0|3|1|1
GA	Loxafr	LTR	ERVL-MaLR	MLT1X2_LA	scaffold_8:27730080-27730451-	scaffold_18:22122289-22122744+	17	45	0	211,213,215,218,219,223,330,331,335,341,347	299,301,303,306,307,311,417,418,422,428,434	2	6,7,8,9,10,11,13,14,15,16,17	31	136	288	17|4|2|1|4|2|5|6|1|1|1|1
GA	Loxafr	LTR	ERVL-MaLR	MLT1X3_LA	scaffold_25:16144835-16146057-	scaffold_37:13644567-13645372+	24	71	0	164,167,172,175,180,382,394,397,402,407	171,174,179,182,187,385,395,398,402,407	2	6,7,8,9,10,20,21,22,23,24	40	237	417	24|9|0|1|3|4|8|11|3|3|2|3
GA	Loxafr	LTR	ERVL-MaLR	MLT1X2_LA	scaffold_12:43347348-43348069+	scaffold_49:367186-367919-	41	121	0	576,577,583,587,589,630,639,641,652,665	585,586,592,596,598,638,647,649,660,673	2	27,28,29,30,31,32,33,34,35,36	90	89	707	41|8|8|3|4|5|15|18|6|6|4|3
GA	Loxafr	LTR	ERVL-MaLR	MLT1X_LA	scaffold_0:79605880-79606398-	scaffold_21:40038605-40039129+	23	68	0	164,168,169,180,186,378,379,383,385,399	168,172,173,184,191,386,387,391,393,407	2	3,4,5,6,7,13,14,15,16,17	46	240	521	23|5|1|5|2|2|9|13|3|1|2|2
GA	Loxafr	LTR	ERVL-MaLR	MLT1X_LA	scaffold_1:26642537-26643045+	scaffold_63:13374781-13375302-	24	66	0	101,109,113,326,343,349,366,371,379,70,72	101,109,113,340,357,363,380,385,393,70,72	2	4,5,6,7,8,17,18,19,20,21,22	98	324	503	24|10|1|0|0|0|7|12|1|3|6|2
GA	Loxafr	LTR	ERVL-MaLR	MLT1X_LA	scaffold_1:72153473-72153964+	scaffold_22:2944481-2944993-	25	64	0	167,172,175,180,181,68,70,72,96,99	172,177,180,185,186,68,70,72,96,99	2	2,3,4,5,6,12,13,14,15,16	47	119	468	25|10|3|2|3|2|2|10|1|1|2|3
GA	Loxafr	LTR	ERVL-MaLR	MLT1X_LA	scaffold_2:16363583-16364125+	scaffold_46:2613410-2613930-	23	59	0	166,171,172,176,177,314,316,333,348,352	165,170,171,175,176,315,317,334,349,353	2	7,8,9,10,11,19,20,21,22,23	51	189	359	23|8|0|5|0|2|7|9|0|3|1|1
GA	Loxafr	LTR	ERVL-MaLR	MLT1X_LA	scaffold_2:86847566-86847934+	scaffold_3:50451259-50451634-	18	52	0	279,286,295,296,297,77,86,92,95,97	100,289,296,305,306,307,80,89,95,98	2	2,3,4,5,6,13,14,15,16,17	40	228	367	18|4|1|0|2|3|11|8|1|2|1|1
GA	Loxafr	LTR	ERVL-MaLR	MLT1X_LA	scaffold_3:52396395-52396854-	scaffold_7:78866455-78866966-	32	75	0	163,167,168,170,183,223,233,236,239,248,255	165,169,170,172,185,225,235,238,241,249,256	2	13,14,15,16,17,19,20,21,22,23,24	53	92	456	32|11|1|0|3|1|6|9|3|4|3|2
GA	Loxafr	LTR	ERVL-MaLR	MLT1X_LA	scaffold_4:48796595-48797103-	scaffold_4:98343575-98344103+	29	81	0	225,229,264,270,271,274,275,378,382,383,387,388	231,235,270,276,277,280,281,389,393,394,398,399	2	4,5,6,7,8,9,10,16,17,18,19,20	62	169	516	29|11|4|6|2|3|7|9|5|1|1|3
GA	Loxafr	LTR	ERVL-MaLR	MLT1X_LA	scaffold_4:48796595-48797103-	scaffold_9:74116039-74116560+	31	85	0	270,271,274,275,281,378,381,382,383,387	274,275,278,279,285,384,387,388,389,393	2	7,8,9,10,11,17,18,19,20,21	22	120	513	31|14|5|3|6|1|6|10|2|3|0|4
GA	Loxafr	LTR	ERVL-MaLR	MLT1X_LA	scaffold_4:48796595-48797103-	scaffold_21:40502124-40502662-	29	78	0	264,270,271,274,275,281,378,382,383,387,388	283,289,290,293,294,300,399,403,404,408,409	2	5,6,7,8,9,10,16,17,18,19,20	29	127	519	29|11|3|4|3|1|6|11|4|3|1|2
GA	Loxafr	LTR	ERVL-MaLR	MLT1X_LA	scaffold_4:74253900-74254419+	scaffold_46:15595997-15596469+	20	60	0	155,158,170,173,176,327,335,364,365,367	154,157,169,172,175,325,333,362,363,365	2	6,7,8,9,10,13,14,15,16,17	63	212	472	20|9|1|0|4|1|4|11|1|2|2|5
GA	Loxafr	LTR	ERVL-MaLR	MLT1X_LA	scaffold_5:7552273-7552784-	scaffold_14:19706952-19707476+	25	72	0	221,224,228,232,233,289,290,291,295,305	226,229,233,237,238,294,295,296,300,310	2	10,11,12,13,14,17,18,19,20,21	30	85	510	25|11|2|2|4|3|9|7|3|4|0|2
GA	Loxafr	LTR	ERVL-MaLR	MLT1X_LA	scaffold_5:50728600-50729163-	scaffold_53:4416274-4416786-	24	63	0	169,199,216,222,225,239,249,250,268,271	116,146,163,169,172,186,196,197,216,219	2	1,2,3,4,5,8,9,10,11,12	91	104	446	24|7|2|3|2|3|7|8|3|1|1|2
GA	Loxafr	LTR	ERVL-MaLR	MLT1X_LA	scaffold_6:846423-846938+	scaffold_21:40038605-40039129+	19	57	0	149,168,178,183,187,193,383,387,389,403,412	155,173,183,188,192,198,387,391,393,407,416	2	2,3,4,5,6,7,10,11,12,13,14	74	262	516	19|11|0|0|3|0|8|6|2|3|1|4
GA	Loxafr	LTR	ERVL-MaLR	MLT1X_LA	scaffold_6:54440333-54440849+	scaffold_48:3559020-3559536+	20	54	0	168,169,186,207,260,267,446,452,479,489,494	169,170,187,208,262,269,445,451,478,489,494	2	5,6,7,8,9,10,16,17,18,19,20	151	326	516	20|5|2|4|3|1|8|4|1|3|1|2
GA	Loxafr	LTR	ERVL-MaLR	MLT1X_LA	scaffold_7:36272568-36273062-	scaffold_13:53842650-53843155-	29	78	0	102,111,120,121,133,221,223,229,230,239,25,26,27,28,30	105,112,113,125,213,215,221,222,231,27,28,29,30,32,96	3	1,2,3,4,5,7,8,9,10,11,20,21,22,23,24	55	205	498	29|12|0|4|1|1|13|8|3|0|4|3
GA	Loxafr	LTR	ERVL-MaLR	MLT1X_LA	scaffold_7:36272568-36273062-	scaffold_51:5805244-5805747-	29	77	0	111,115,120,121,133,25,26,27,28,30	105,109,114,115,127,27,28,29,30,32	2	1,2,3,4,5,8,9,10,11,12	29	101	497	29|11|4|2|2|2|10|8|0|1|4|4
GA	Loxafr	LTR	ERVL-MaLR	MLT1X_LA	scaffold_7:36272568-36273062-	scaffold_23:26838037-26838550+	31	91	0	221,223,224,228,229,230,239,25,26,27,28,30	221,223,224,228,229,230,239,27,28,29,30,32	2	1,2,3,4,5,22,23,24,25,26,27,28	25	213	502	31|15|1|3|1|3|13|10|2|1|6|5
GA	Loxafr	LTR	ERVL-MaLR	MLT1X_LA	scaffold_7:36272568-36273062-	scaffold_16:44248855-44249367-	28	77	0	221,223,226,229,230,239,249,25,26,27,28,30	219,221,225,228,229,238,248,27,28,29,30,32	2	1,2,3,4,5,15,16,17,18,19,20,21	36	222	502	28|6|5|3|2|1|9|11|1|0|7|4
GA	Loxafr	LTR	ERVL-MaLR	MLT1X_LA	scaffold_7:36272568-36273062-	scaffold_44:1819554-1820050-	30	80	0	221,223,229,230,231,239,25,26,27,28,30	205,207,213,214,215,223,25,26,27,28,30	2	1,2,3,4,5,21,22,23,24,25,26	25	199	494	30|10|0|3|2|3|8|12|1|2|5|4
GA	Loxafr	LTR	ERVL-MaLR	MLT1X_LA	scaffold_7:42546672-42547188+	scaffold_16:21404239-21404724+	29	66	0	179,193,196,205,209,399,412,427,436,439,450	147,161,164,173,177,368,381,396,405,408,419	2	7,8,9,10,11,22,23,24,25,26,27	83	273	484	29|10|1|0|2|2|10|7|2|2|1|0
GA	Loxafr	LTR	ERVL-MaLR	MLT1X_LA	scaffold_8:48273968-48274488-	scaffold_36:4638545-4639065+	24	72	0	285,288,290,295,299,384,387,393,394,403,408	286,289,291,296,300,385,388,394,395,407,412	2	5,6,7,8,9,14,15,16,17,18,19	43	127	515	24|4|5|1|2|3|12|8|2|6|3|2
GA	Loxafr	LTR	ERVL-MaLR	MLT1X_LA	scaffold_9:12344051-12344552+	scaffold_30:21574301-21574801+	34	81	0	133,135,144,150,153,205,215,217,221,225	133,135,144,150,153,204,212,214,218,222	2	7,8,9,10,11,13,14,15,16,17	40	90	500	34|6|2|4|1|2|10|8|5|2|3|4
GA	Loxafr	LTR	ERVL-MaLR	MLT1X_LA	scaffold_9:46586229-46586754-	scaffold_31:3305767-3306293+	19	51	0	118,119,121,124,382,392,412,428,435,444,94	102,124,125,127,130,386,396,416,432,439,448	2	3,4,5,6,7,14,15,16,17,18,19	92	347	502	19|8|2|3|1|1|7|4|0|0|2|4
GA	Loxafr	LTR	ERVL-MaLR	MLT1X_LA	scaffold_9:66378712-66379226+	scaffold_23:19057418-19057933+	21	58	0	110,133,141,143,376,378,403,408,409,87,99	100,111,134,141,143,379,381,406,411,412,88	2	3,4,5,6,7,8,15,16,17,18,19	90	325	514	21|5|1|4|1|2|10|9|0|0|2|3
GA	Loxafr	LTR	ERVL-MaLR	MLT1X_LA	scaffold_10:23847093-23847598+	scaffold_23:19057418-19057933+	26	67	0	106,120,136,138,360,364,365,370,372,375,376,95	100,111,125,141,143,369,373,374,379,381,384,385	2	2,3,4,5,6,13,14,15,16,17,18,19	61	286	499	26|7|2|3|1|1|9|11|1|2|3|1
GA	Loxafr	LTR	ERVL-MaLR	MLT1X_LA	scaffold_16:27379911-27380288+	scaffold_28:14495148-14495461+	14	41	0	140,237,238,242,244,250,81,82,95,97	173,174,178,180,186,19,20,33,35,77	2	1,2,3,4,5,9,10,11,12,13	73	168	310	14|5|1|1|1|1|6|6|1|1|0|4
GA	Loxafr	LTR	ERVL-MaLR	MLT1X_LA	scaffold_17:42625398-42625861-	scaffold_38:896381-896867+	22	64	0	141,150,163,164,169,195,203,208,209,213	133,142,155,156,161,187,195,200,201,205	2	4,5,6,7,8,12,13,14,15,16	48	73	400	22|6|5|1|6|0|8|10|0|1|5|0
GA	Loxafr	LTR	ERVL-MaLR	MLT1X_LA	scaffold_18:17456263-17456728-	scaffold_31:16403346-16403821-	23	67	0	117,123,126,131,149,155,157,338,348,350,357,358	106,112,115,120,138,144,146,324,334,336,343,344	2	2,3,4,5,6,7,8,16,17,18,19,20	62	239	449	23|6|1|1|0|2|5|12|4|5|5|3
GA	Loxafr	LTR	ERVL-MaLR	MLT1X_LA	scaffold_18:36770913-36771419+	scaffold_22:2944481-2944993-	30	81	0	108,113,115,116,117,138,139,149,151,158,168,169	111,116,118,119,120,142,143,153,155,162,172,173	2	3,4,5,6,7,8,9,10,11,12,13,14	64	63	441	30|8|5|1|3|3|11|14|1|2|1|2
GA	Loxafr	LTR	ERVL-MaLR	MLT1X_LA	scaffold_19:6741144-6741653+	scaffold_26:6921742-6922256-	27	81	0	140,143,146,155,167,412,413,436,457,471	140,143,146,155,167,416,417,440,462,476	2	9,10,11,12,13,23,24,25,26,27	89	337	509	27|11|2|1|4|3|9|14|3|2|3|2
GA	Loxafr	LTR	ERVL-MaLR	MLT1X_LA	scaffold_19:36605726-36606276+	scaffold_48:8997471-8997991+	24	63	0	249,251,253,255,258,32,34,42,46,50	251,253,255,257,260,32,34,42,46,50	2	1,2,3,4,5,16,17,18,19,20	29	229	449	24|6|2|4|1|2|5|11|0|4|2|2
GA	Loxafr	LTR	ERVL-MaLR	MLT1X_LA	scaffold_19:42774654-42775115-	scaffold_29:6910250-6910753-	22	61	0	155,159,164,167,185,314,316,322,344,352	154,158,163,166,184,313,315,321,343,351	2	11,12,13,14,15,17,18,19,20,21	70	198	454	22|11|2|1|3|6|4|5|2|2|1|2
GA	Loxafr	LTR	ERVL-MaLR	MLT1X_LA	scaffold_21:14564156-14564677-	scaffold_124:1962899-1963420+	41	97	0	229,230,242,244,246,439,440,444,448,450,455	234,235,247,249,251,443,444,448,452,454,459	2	17,18,19,20,21,34,35,36,37,38,39	35	226	512	41|9|2|6|2|6|7|12|3|5|1|3
GA	Loxafr	LTR	ERVL-MaLR	MLT1X_LA	scaffold_22:36540153-36540653-	scaffold_30:13275222-13275737-	38	89	0	17,213,216,222,223,225,42,53,59,68	17,213,216,222,223,225,42,53,59,68	2	1,2,3,4,5,19,20,21,22,23	65	209	507	38|9|2|2|0|4|10|11|2|3|6|2
GA	Loxafr	LTR	ERVL-MaLR	MLT1X_LA	scaffold_23:26824539-26825034-	scaffold_38:4099406-4099931-	23	64	0	131,137,143,175,177,70,72,83,87,90,93	100,111,115,118,121,159,165,171,203,205,98	2	2,3,4,5,6,7,8,9,10,11,12	109	108	494	23|10|5|4|3|1|4|7|0|2|2|3
GA	Loxafr	LTR	ERVL-MaLR	MLT1X_LA	scaffold_23:39865212-39865729-	scaffold_112:1128672-1129197+	22	64	0	110,111,112,113,120,216,222,223,229,230,232,235	120,121,122,123,130,225,231,232,238,239,241,244	2	2,3,4,5,6,12,13,14,15,16,17,18	31	125	461	22|6|2|5|2|3|5|9|2|4|4|0
GA	Loxafr	LTR	ERVL-MaLR	MLT1X_LA	scaffold_23:39865212-39865729-	scaffold_50:4580195-4580710+	29	85	0	110,111,112,115,120,213,216,223,229,230,231,235	110,111,112,115,120,212,215,222,228,229,230,234	2	7,8,9,10,11,18,19,20,21,22,23,24	34	125	516	29|10|4|3|4|2|9|13|1|1|7|2
GA	Loxafr	LTR	ERVL-MaLR	MLT1X_LA	scaffold_23:39865212-39865729-	scaffold_24:33349298-33349812-	25	71	0	110,111,112,115,120,216,222,223,229,230,235	110,111,112,115,120,214,220,221,227,228,233	2	3,4,5,6,7,15,16,17,18,19,20	31	124	460	25|6|1|2|2|2|8|12|3|4|4|2
GA	Loxafr	LTR	ERVL-MaLR	MLT1X_LA	scaffold_23:39865212-39865729-	scaffold_36:12909145-12909655-	29	82	0	100,110,111,112,120,216,222,223,229,230,235	100,109,110,111,119,214,220,221,227,228,233	2	7,8,9,10,11,19,20,21,22,23,24	40	134	512	29|9|3|3|4|2|7|14|4|3|4|0
GA	Loxafr	LTR	ERVL-MaLR	MLT1X_LA	scaffold_23:39865212-39865729-	scaffold_89:4737050-4737568+	25	74	0	110,111,112,113,120,216,222,223,230,235	110,111,112,113,120,218,224,225,231,236	2	3,4,5,6,7,13,14,15,16,17	30	127	462	25|5|4|2|3|3|10|13|2|3|4|0
GA	Loxafr	LTR	ERVL-MaLR	MLT1X_LA	scaffold_25:13297297-13297764+	scaffold_65:6523095-6523600+	26	67	0	109,113,125,133,141,396,398,400,415,417	138,142,154,162,170,433,435,437,452,454	2	5,6,7,8,9,19,20,21,22,23	55	317	426	26|6|1|3|5|3|8|7|5|1|1|1
GA	Loxafr	LTR	ERVL-MaLR	MLT1X_LA	scaffold_38:5612618-5613135+	scaffold_120:38339-38860-	35	66	0	262,269,272,290,291,428,432,435,443,446,448	265,272,275,293,294,432,436,439,447,450,452	2	7,8,9,10,11,26,27,28,29,30,31	51	188	519	35|4|4|2|2|2|3|8|1|1|2|2
GA	Loxafr	LTR	ERVL-MaLR	MLT1X_LA	scaffold_38:5612618-5613135+	scaffold_39:1178074-1178595+	29	66	0	379,387,388,389,407,432,435,443,446,448,450,451,465	378,386,387,388,410,436,439,447,450,452,454,455,469	2	14,15,16,17,18,21,22,23,24,25,26,27,28	67	92	519	29|7|5|1|3|2|3|6|0|3|2|5
GA	Loxafr	LTR	ERVL-MaLR	MLT1X_LA	scaffold_38:5612618-5613135+	scaffold_50:6882271-6882788-	35	71	0	262,269,272,290,295,428,432,435,443,446,448,450,451,465	261,268,271,289,294,428,432,435,443,446,448,450,451,465	2	7,8,9,10,11,26,27,28,29,30,31,32,33,34	72	205	517	35|4|4|4|5|3|2|8|1|1|2|2
GA	Loxafr	LTR	ERVL-MaLR	MLT1X_LA	scaffold_38:5612618-5613135+	scaffold_67:4270200-4270719-	33	66	0	269,270,272,284,290,432,435,443,448,450,451	270,271,273,285,291,434,437,445,450,452,453	2	8,9,10,11,12,25,26,27,28,29,30	42	184	518	33|5|3|1|2|5|3|8|1|1|2|2
GA	Loxafr	LTR	ERVL-MaLR	MLT1X_LA	scaffold_38:5612618-5613135+	scaffold_78:918040-918559-	31	69	0	218,241,269,272,277,290,428,432,435,443,448,450,451	219,242,270,273,278,291,430,434,437,445,450,452,453	2	4,5,6,7,8,9,23,24,25,26,27,28,29	97	235	518	31|6|4|3|2|2|6|7|3|0|3|2
GA	Loxafr	LTR	ERVL-MaLR	MLT1X_LA	scaffold_38:5612618-5613135+	scaffold_89:4737050-4737568+	36	69	0	269,272,284,290,295,443,446,448,450,451,465,493	269,272,284,290,295,444,447,449,451,452,466,494	2	7,8,9,10,11,30,31,32,33,34,35,36	78	226	517	36|4|4|2|1|2|4|8|2|1|3|2
GA	Loxafr	LTR	ERVL-MaLR	MLT1X_LA	scaffold_38:5612618-5613135+	scaffold_79:717038-717555-	39	74	0	262,269,272,274,290,428,432,435,443,448,450,451,465,468	261,268,271,273,289,428,432,435,443,448,450,451,465,468	2	6,7,8,9,10,28,29,30,31,32,33,34,35,36	70	208	517	39|9|3|4|2|1|3|6|1|1|2|3
GA	Loxafr	LTR	ERVL-MaLR	MLT1X_LA	scaffold_38:5612618-5613135+	scaffold_64:2130567-2131088-	33	69	0	262,269,272,290,295,308,309,317,428,432,435,443,446,448	260,267,270,288,293,306,307,315,432,436,439,447,450,452	2	5,6,7,8,9,10,11,12,25,26,27,28,29,30	77	193	519	33|4|4|4|3|5|1|6|0|1|3|5
GA	Loxafr	LTR	ERVL-MaLR	MLT1X_LA	scaffold_38:5612618-5613135+	scaffold_45:7490935-7491450-	30	66	0	199,232,262,269,272,290,295,435,443,450,451,465	200,233,263,270,273,291,296,433,441,448,449,463	2	6,7,8,9,10,11,12,25,26,27,28,29	128	264	516	30|9|4|4|3|1|4|3|2|1|3|2
GA	Loxafr	LTR	ERVL-MaLR	MLT1X_LA	scaffold_38:5612618-5613135+	scaffold_73:4330889-4331408-	37	73	0	269,272,290,295,311,379,382,387,388,389,428,432,435,443,446,448,450,451,462,465,493	270,273,291,296,312,380,383,388,389,390,430,434,437,445,448,450,452,453,464,467,495	3	8,9,10,11,12,20,21,22,23,24,27,28,29,30,31,32,33,34,35,36,37	120	226	518	37|10|2|4|2|1|6|6|0|1|2|2
GA	Loxafr	LTR	ERVL-MaLR	MLT1X_LA	scaffold_38:5612618-5613135+	scaffold_83:3622178-3622687-	28	68	0	262,269,272,290,295,446,450,451,465,493	259,266,269,287,292,445,448,449,463,491	2	3,4,5,6,7,24,25,26,27,28	81	233	505	28|8|2|5|0|2|6|8|1|2|5|1
GA	Loxafr	LTR	ERVL-MaLR	MLT1X_LA	scaffold_38:5612618-5613135+	scaffold_78:341519-342064-	35	64	0	262,269,272,284,290,428,432,435,443,448,450	259,266,269,281,287,425,429,432,440,445,447	2	7,8,9,10,11,29,30,31,32,33,34	52	189	489	35|4|3|3|1|2|5|8|0|1|1|1
GA	Loxafr	LTR	ERVL-MaLR	MLT1X_LA	scaffold_39:13854218-13854727-	scaffold_47:11082116-11082633+	19	54	0	254,256,262,263,265,380,388,424,441,445,449	246,248,254,255,257,379,387,419,436,440,444	2	6,7,8,9,10,13,14,15,16,17,18	78	199	506	19|8|1|5|0|2|3|8|3|2|0|3
GA	Loxafr	LTR	ERVL-MaLR	MLT1X_LA	scaffold_45:12340110-12340515-	scaffold_96:2343977-2344390-	23	61	0	110,112,113,128,129,134,296,300,337,369,372,392,394	112,114,115,126,127,132,299,303,340,378,381,400,402	2	4,5,6,7,8,9,17,18,19,20,21,22,23	125	291	409	23|7|2|2|0|1|8|9|1|2|2|4
GA	Loxafr	LTR	ERVL-MaLR	MLT1X_LA	scaffold_48:7289278-7289780+	scaffold_97:2412382-2412886-	23	69	0	324,326,329,330,342,365,367,368,373,385	327,329,332,333,344,367,369,370,375,387	2	12,13,14,15,16,17,18,19,20,21	62	61	502	23|6|3|3|1|3|11|14|2|1|0|2
GA	Loxafr	LTR	ERVL-MaLR	MLT1X_LA	scaffold_54:5161086-5161574+	scaffold_61:3506292-3506795+	19	56	0	125,141,143,151,158,220,226,232,237,245	121,137,139,147,154,216,223,232,237,245	2	4,5,6,7,8,10,11,12,13,14	64	125	495	19|5|1|3|2|2|6|10|2|1|2|3
GA	Loxafr	LTR	ERVL-MaLR	MLT1X_LA	scaffold_55:9441555-9442069+	scaffold_79:2372174-2372689+	32	78	0	29,30,32,336,341,346,347,350,39,45,64	29,30,32,337,342,347,348,351,39,45,64	2	2,3,4,5,6,7,18,19,20,21,22	51	323	514	32|8|2|0|5|2|7|12|2|1|3|4
GA	Loxafr	LTR	ERVL-MaLR	MLT1X_LA	scaffold_55:9441555-9442069+	scaffold_115:1037075-1037582+	27	73	0	173,176,190,200,201,336,338,341,347,350	169,172,186,196,197,333,335,338,344,347	2	8,9,10,11,12,17,18,19,20,21	44	179	510	27|7|0|3|5|4|7|8|0|4|4|4
GA	Loxafr	LTR	ERVL-MaLR	MLT1X_LA	scaffold_72:4112477-4113011+	scaffold_80:7942306-7942836+	31	90	0	234,237,239,243,244,245,251,266,272,275,280,289,293	232,235,237,241,242,243,249,264,270,273,278,287,291	2	14,15,16,17,18,19,20,21,22,23,24,25,26	61	60	532	31|12|2|6|2|4|11|9|3|4|4|2
GA	Loxafr	LTR	ERVL-MaLR	MLT1X_LA	scaffold_72:4112477-4113011+	scaffold_138:1702254-1702770+	32	75	0	217,234,237,239,243,244,245,251,274,275,280,289	196,213,216,218,222,223,224,230,253,254,259,268	1	11,12,13,14,15,16,17,18,19,20,21,22	73	73	449	32|8|3|2|3|1|9|6|4|3|2|2
GA	Loxafr	LTR	ERVL-MaLR	MLT1X_LA	scaffold_73:7432940-7433461+	scaffold_144:460686-461200-	34	93	0	138,145,146,147,148,150,363,364,379,380,386	138,145,146,147,148,150,352,353,368,369,375	2	4,5,6,7,8,9,25,26,27,28,29	37	238	512	34|14|6|4|4|6|8|10|1|2|3|1
GA	Loxafr	LTR	ERVL-MaLR	MLT1X_LA	scaffold_73:7432940-7433461+	scaffold_92:5021922-5022435+	33	83	0	138,145,146,147,148,363,364,379,391,392	127,134,135,136,137,351,352,367,383,384	2	7,8,9,10,11,27,28,29,30,31	45	258	517	33|7|6|5|3|6|10|5|0|2|3|3
