GA	Erieur	LTR	ERV1	LTR9_EE	JH835469:1521698-1521966-	JH835476:3564218-3564486-	18	33	0	10,14,15,16,5,70,72,74,75,90	10,14,15,16,5,70,72,74,75,90	2	1,2,3,4,5,12,13,14,15,16	33	86	268	18|6|0|1|0|1|3|4|0|0|0|0
GA	Erieur	LTR	ERV1	LTR18_EE	JH835358:5400734-5401152+	JH836075:895936-896821+	20	59	0	106,108,115,118,124,127,341,342,343,363,374	114,116,123,126,132,135,345,346,347,365,376	2	3,4,5,6,7,8,16,17,18,19,20	54	263	419	20|7|3|0|10|6|6|0|2|1|4|0
GA	Erieur	LTR	ERV1	LTR18_EE	JH835364:3415541-3415902-	JH835706:1998493-1998942+	20	48	0	212,216,221,228,231,278,281,286,293,294,297	210,214,219,226,229,277,280,285,292,293,296	2	7,8,9,10,11,15,16,17,18,19,20	40	87	348	20|10|1|3|2|0|2|5|2|0|2|1
GA	Erieur	LTR	ERV1	LTR18_EE	JH835418:482852-483140+	JH836001:862865-863285-	18	46	0	257,260,261,263,284,37,46,47,48,51	260,263,264,266,287,38,47,48,49,52	2	3,4,5,6,7,14,15,16,17,18	43	250	289	18|6|1|0|2|2|5|5|3|1|2|1
GA	Erieur	LTR	ERV1	LTR18_EE	JH835418:482852-483140+	JH835582:939579-939983+	18	51	0	238,241,243,245,257,260,37,41,42,46,51	240,243,245,247,259,262,38,42,43,47,52	2	2,3,4,5,6,12,13,14,15,16,17	38	225	283	18|11|1|0|4|3|6|2|3|0|1|2
GA	Erieur	LTR	ERV1	LTR18_EE	JH835419:4450918-4451592+	JH836664:158115-158554-	23	61	0	198,207,214,221,223,226,239,240,246,251,259	197,206,213,220,222,225,238,239,245,250,258	2	7,8,9,10,11,12,13,14,15,16,17	63	62	441	23|10|1|3|3|4|2|6|2|5|1|1
GA	Erieur	LTR	ERV1	LTR18_EE	JH835447:1748555-1748840-	JH835643:179479-179784-	15	32	0	120,123,127,138,141,147,41,52,56,66,68,80	106,109,115,20,24,34,36,48,88,9,91,95	2	1,2,3,4,5,6,7,8,9,10,11,12	108	107	249	15|1|0|3|0|0|1|7|2|1|1|1
GA	Erieur	LTR	ERV1	LTR18_EE	JH835449:3532408-3532655+	JH835728:1380134-1380684+	10	22	0	137,149,154,164,166,23,28,36,39,63	100,124,198,210,215,225,227,84,89,97	2	1,2,3,4,5,6,7,8,9,10	145	144	208	10|5|1|0|2|1|2|1|0|0|0|0
GA	Erieur	LTR	ERV1	LTR18_EE	JH835506:1710795-1711318-	JH835728:1380134-1380684+	13	29	0	100,105,113,116,140,30,34,43,46,50	100,124,14,18,27,30,34,84,89,97	2	1,2,3,4,5,8,9,10,11,12	62	111	257	13|5|1|0|2|1|5|2|0|0|0|0
GA	Erieur	LTR	ERV1	LTR18_EE	JH835515:3202962-3203591+	JH835979:93116-93363+	12	16	0	451,459,468,472,477,484,487,489,493,520	15,23,32,36,41,48,51,53,57,84	1	1,2,3,4,5,6,7,8,9,10	70	70	194	12|1|0|0|0|0|0|0|0|0|1|2
GA	Erieur	LTR	ERV1	LTR18_EE	JH835554:75569-75825-	JH835826:701181-702220+	16	28	0	14,20,22,50,51,56,59,7,70,75,9	26,28,33,39,41,69,70,75,78,89,94	2	1,2,3,4,5,6,7,8,9,10,11	70	69	231	16|6|0|2|1|0|0|1|0|1|0|1
GA	Erieur	LTR	ERV1	LTR18_EE	JH835807:1330805-1331632-	JH835826:701181-702220+	19	34	0	565,574,576,587,589,609,614,616,618,623,626	17,26,28,39,41,61,66,68,70,75,78	2	1,2,3,4,5,6,7,8,9,10,11	63	62	265	19|6|0|1|3|1|0|2|1|1|0|0
