GA	Equcab	LTR	ERV1	ERV1-1N-EC_I-int	chr1:74592422-74595051+	chr13:18693545-18698565-	91	203	0	101,16,208,215,225,234,273,283,298,302,324,330,59,63,69,9	2404,2411,2454,2458,2464,2496,2604,2611,2621,2630,2669,2679,2694,2698,2720,2726	3	1,2,3,4,5,6,11,12,13,14,15,16,17,18,19,20	217	323	2626	91|16|7|7|7|9|19|19|2|11|10|5
GA	Equcab	LTR	ERV1	ERV1-1N-EC_I-int	chr1:74710786-74713415+	chr13:18693545-18698565-	91	203	0	101,16,208,215,225,234,273,283,298,302,324,330,59,63,69,9	2404,2411,2454,2458,2464,2496,2604,2611,2621,2630,2669,2679,2694,2698,2720,2726	3	1,2,3,4,5,6,11,12,13,14,15,16,17,18,19,20	217	323	2626	91|16|7|7|7|9|19|19|2|11|10|5
GA	Equcab	LTR	ERV1	ERV1-1N-EC_I-int	chr1:112418830-112421598-	chr13:18693545-18698565-	103	250	0	1013,1020,1026,1028,1036,1043,403,405,420,424,446,452,978,995	2677,2679,2694,2698,2720,2726,3232,3246,3264,3271,3277,3279,3287,3294	2	17,18,19,20,21,22,34,35,36,37,38,39,40,41	113	618	2756	103|38|7|6|13|6|24|23|5|9|9|7
GA	Equcab	LTR	ERV1	ERV1-I_EC	chr10:6671596-6672938-	chr3:49976594-49977366+	39	105	0	1008,1013,1014,1019,1063,1070,664,674,678,695,698	107,117,121,138,141,454,459,460,465,497,504	2	6,7,8,9,10,27,28,29,30,31,32	86	398	778	39|23|2|0|1|1|11|15|4|4|5|0
GA	Equcab	LTR	ERV1	ERV1-1N-EC_I-int	chr10:5787544-5792654+	chr13:18693545-18698565-	158	400	0	2763,2771,2780,2784,2807,2813,3359,3365,3367,3375,3382,3413,4310,4315,4327,4341,4350,4371,4374,4570,4572,4579,4586,4587	2677,2685,2694,2698,2720,2726,3271,3277,3279,3287,3294,3317,4215,4220,4232,4246,4255,4276,4279,4477,4479,4486,4493,4494	4	50,51,52,53,54,55,75,76,77,78,79,80,129,130,131,132,133,134,135,140,141,142,143,144	180	1818	4037	158|58|8|17|20|12|40|43|6|15|10|13
GA	Equcab	LTR	ERV1	LTR1420_EC	chr1:1410611-1411232-	chr7:48201893-48202536-	21	63	0	106,113,126,150,53,63,69,73,77,98	106,113,126,152,53,63,69,73,77,98	2	2,3,4,5,6,10,11,12,13,14	80	100	632	21|10|3|2|1|7|2|8|0|3|3|3
GA	Equcab	LTR	ERV1	LTR1420_EC	chr1:1410611-1411232-	chr14:60348189-60348837-	24	68	0	104,106,113,125,126,127,150,53,59,63,69,73,77,87,94,98	104,106,113,125,126,127,152,53,59,63,69,73,77,87,94,98	2	2,3,4,5,6,7,8,9,10,11,12,13,14,15,16,17	101	100	634	24|11|2|3|2|3|5|9|1|1|3|4
GA	Equcab	LTR	ERV1	ERV1-1N-EC_I-int	chr10:14346920-14351949+	chr13:18693545-18698565-	119	319	0	343,348,353,354,362,4223,4225,4237,4251,4260	342,347,352,353,361,4218,4220,4232,4246,4255	2	5,6,7,8,9,99,100,101,102,103	58	3914	5024	119|35|13|16|8|8|41|40|7|10|15|7
GA	Equcab	LTR	ERV1	LTR1420_EC	chr1:1410611-1411232-	chr23:340415-341052+	25	68	0	106,110,113,125,126,127,141,150,87,91,92,94,98	105,109,112,124,125,126,142,151,87,91,92,94,98	1	7,8,9,10,11,12,13,14,15,16,17,18,19	65	65	599	25|9|3|3|0|3|6|7|3|2|4|3
GA	Equcab	LTR	ERV1	LTR1420_EC	chr1:1410611-1411232-	chr27:31412863-31413500-	29	75	0	106,113,125,126,127,63,64,69,73,77,87,92,94,98	105,112,124,125,126,63,64,69,73,77,87,92,94,98	2	3,4,5,6,7,8,9,10,11,12,13,14,15,16	65	64	599	29|12|5|4|1|3|6|7|0|2|4|2
GA	Equcab	LTR	ERV1	LTR1420_EC	chr1:1410611-1411232-	chr21:25786466-25787117+	28	77	0	106,113,125,126,127,150,87,92,94,98	105,112,124,125,126,151,87,92,94,98	1	6,7,8,9,10,11,12,13,14,15	65	65	606	28|9|3|2|4|2|9|10|0|1|5|4
GA	Equcab	LTR	ERV1	LTR1420_EC	chr1:1410611-1411232-	chr22:22742691-22743309-	23	67	0	104,113,125,126,127,150,87,92,94,98	107,108,109,134,70,75,77,81,86,95	1	6,7,8,9,10,11,12,13,14,15	65	65	581	23|10|5|1|1|2|9|7|1|1|3|4
GA	Equcab	LTR	ERV1	LTR1420_EC	chr1:1410611-1411232-	chr21:15905014-15905647+	26	77	0	106,113,125,126,127,128,150,87,92,98	101,108,120,121,122,123,147,83,88,94	1	5,6,7,8,9,10,11,12,13,14	65	65	627	26|10|7|5|2|1|10|7|1|2|3|3
GA	Equcab	LTR	ERV1	LTR1420_EC	chr1:1410611-1411232-	chr8:74011592-74012170-	22	61	0	106,113,125,126,127,150,158,159,94,98	105,112,124,125,126,151,159,160,94,98	1	7,8,9,10,11,12,13,14,15,16	67	67	542	22|7|5|3|2|2|6|5|1|3|2|3
GA	Equcab	LTR	ERV1	ERV1-1N-EC_I-int	chr10:14346920-14351949+	chr4:101932337-101935000-	29	85	0	348,353,354,362,364,935,952,959,964,965	343,348,349,357,359,942,963,970,975,976	2	6,7,8,9,10,24,25,26,27,28	52	634	1002	29|9|3|6|5|2|8|11|0|4|8|0
GA	Equcab	LTR	ERV1	ERV1-1N-EC_I-int	chr10:17789983-17791623+	chr13:18693545-18698565-	59	156	0	1141,1144,1146,1150,1151,1154,877,884,886,887,890,892	3264,3271,3273,3274,3277,3279,3542,3545,3547,3551,3552,3555	2	9,10,11,12,13,14,30,31,32,33,34,35	30	292	1006	59|27|2|5|4|7|13|22|4|5|2|6
GA	Equcab	LTR	ERV1	LTR1420_EC	chr1:20429570-20430164-	chr7:48201893-48202536-	16	28	0	106,113,126,152,61,62,66,73,77,98	106,113,126,152,61,62,66,73,77,98	2	5,6,7,8,9,11,12,13,14,15	72	92	203	16|1|1|0|1|2|0|2|0|2|0|3
GA	Equcab	LTR	ERV1	LTR1420_EC	chr1:20429570-20430164-	chr3:18220450-18221093+	20	31	0	106,113,126,129,152,61,62,66,73,77,98	106,113,126,129,152,61,62,66,73,77,98	2	5,6,7,8,9,11,12,13,14,15,16	72	92	280	20|0|0|0|1|1|1|1|0|2|3|2
GA	Equcab	LTR	ERV1	ERV1-1N-EC_I-int	chr11:38856891-38861948+	chr13:18693545-18698565-	130	288	0	2405,2443,2450,2462,2493,2503,2526,2535,2716,2732,2736,2757,2763,3274,3291,3309,3322,3332,3362,4264,4276,4290,4299,4321,4323	2366,2404,2411,2423,2454,2464,2487,2496,2677,2694,2698,2720,2726,3232,3246,3264,3277,3287,3317,4220,4232,4246,4255,4277,4279	4	32,33,34,35,36,37,38,39,50,51,52,53,54,63,64,65,66,67,68,105,106,107,108,109,110	327	1914	4036	130|32|10|11|7|7|40|19|4|10|9|9
GA	Equcab	LTR	ERV1	ERV1-1N-EC_I-int	chr11:38856891-38861948+	chr2:120530008-120535009-	75	193	0	2526,2535,2555,2571,2573,2575,2615,2623,2627,2632,2650,3240,3243,3251,3269,3286	2458,2467,2487,2503,2505,2507,2547,2555,2559,2564,2582,3164,3167,3176,3194,3211	3	6,7,8,9,10,11,12,13,14,15,16,30,31,32,33,34	174	754	2872	75|22|6|7|5|6|37|19|2|6|4|4
GA	Equcab	LTR	ERV1	ERV1-1N-EC_I-int	chr11:45645339-45647328+	chr13:18693545-18698565-	83	191	0	1740,1745,1757,1771,1780,308,328,338,353,371,778,796,809,811,819,849	2774,2794,2802,2817,2835,3246,3264,3277,3279,3287,3317,4215,4220,4232,4246,4255	3	13,14,15,16,17,25,26,27,28,29,30,74,75,76,77,78	175	1482	1994	83|20|5|7|5|7|22|15|8|6|8|5
GA	Equcab	LTR	ERV1	ERV1-1N-EC_I-int	chr11:45645339-45647328+	chr20:32123876-32125315-	26	38	0	890,893,905,922,926,937,941,946,953,956,960,963,976	1270,1273,1285,1302,1306,1318,1322,1327,1334,1337,1341,1344,1357	2	7,8,9,10,11,12,13,14,15,16,17,18,19	89	88	298	26|3|1|0|0|1|4|1|1|0|1|0
GA	Equcab	LTR	ERV1	LTR1420_EC	chr1:40294326-40295021+	chrX:43371902-43372542+	20	51	0	106,107,113,126,127,128,153,160,166,177,190,193,87,98	105,106,112,124,125,126,151,158,164,175,189,195,87,98	2	5,6,7,8,9,10,11,12,13,14,15,16,17,18	110	109	530	20|6|4|2|0|1|8|4|1|1|2|2
GA	Equcab	LTR	ERV1	LTR1420_EC	chr1:40294326-40295021+	chr11:21252677-21253321+	16	47	0	113,126,127,128,130,153,166,177,190,193	135,147,148,149,151,174,186,197,211,217	2	6,7,8,9,10,11,12,13,14,15	84	83	467	16|6|2|0|0|1|11|4|2|1|2|2
GA	Equcab	LTR	ERV1	ERV1-1N-EC_I-int	chr11:51505462-51510434+	chr13:18693545-18698565-	97	209	0	2645,2647,2662,2666,2688,2694,4043,4047,4070,4096,4120,4139,4158,4163,4167,4174,4184,4196,4210,4219,4224,4238,4243	2677,2679,2694,2698,2720,2726,4079,4083,4106,4132,4156,4175,4194,4199,4203,4210,4220,4232,4246,4255,4260,4274,4279	3	20,21,22,23,24,25,62,63,64,65,66,67,68,69,70,71,72,73,74,75,76,77,78	252	1603	2857	97|24|6|6|6|5|20|22|4|4|9|6
GA	Equcab	LTR	ERV1	ERV1-1N-EC_I-int	chr12:20061352-20064189-	chr13:18693545-18698565-	97	224	0	1023,1063,1081,1088,1094,1104,389,400,402,413,420,478,991,996	2580,2591,2593,2604,2611,2669,3177,3182,3209,3246,3264,3271,3277,3287	2	14,15,16,17,18,19,34,35,36,37,38,39,40,41	201	708	2833	97|23|7|4|6|14|23|26|6|7|6|5
GA	Equcab	LTR	ERV1	ERV1-1N-EC_I-int	chr13:8569724-8571735+	chr13:18693545-18698565-	87	255	0	187,204,227,245,252,258,260,448,472,476,486,498	3209,3226,3246,3264,3271,3277,3279,3463,3487,3491,3499,3509	2	6,7,8,9,10,11,12,20,21,22,23,24	118	301	2002	87|30|2|11|10|15|33|33|4|9|11|10
GA	Equcab	LTR	ERV1	ERV1-1N-EC_I-int	chr13:17848716-17851077+	chr13:18693545-18698565-	115	302	0	1824,1826,1833,1840,1841,609,616,622,624,632,635	3264,3271,3277,3279,3287,3290,4477,4479,4486,4493,4494	2	31,32,33,34,35,36,93,94,95,96,97	45	1231	2360	115|35|5|12|14|8|34|39|6|10|12|12
GA	Equcab	LTR	ERV1	ERV1-2N-EC_I-int	chr20:26016587-26018774+	chr3:51028202-51028945-	42	118	0	641,657,658,661,664,669,693,700,706,721,727	586,602,603,606,609,613,637,644,650,665,671	2	27,28,29,30,31,32,36,37,38,39,40	63	86	714	42|12|2|7|3|5|16|20|0|6|3|2
GA	Equcab	LTR	ERV1	ERV1-I_EC	chr13:12664006-12665004+	chr3:49976594-49977366+	30	77	0	263,269,271,280,285,416,419,423,429,471,489	194,197,201,207,249,267,41,47,49,58,63	2	2,3,4,5,6,12,13,14,15,16,17	97	227	772	30|17|5|2|1|2|7|8|3|0|1|1
GA	Equcab	LTR	ERV1	LTR1420_EC	chr1:89216435-89217065-	chr17:41749941-41750579-	25	71	0	105,112,125,126,127,32,44,65,72,76,97	104,111,123,124,125,32,44,65,72,76,97	2	3,4,5,6,7,9,10,11,12,13,14	74	94	634	25|10|3|4|3|3|2|8|3|1|4|5
GA	Equcab	LTR	ERV1	LTR1420_EC	chr1:89216435-89217065-	chr6:73576807-73577447+	27	73	0	105,112,125,127,32,61,65,72,76,86,97	106,113,125,127,32,62,66,73,77,88,99	2	2,3,4,5,6,7,8,9,10,11,12	97	96	635	27|10|4|4|2|3|3|10|2|1|3|4
GA	Equcab	LTR	ERV1	LTR1420_EC	chr1:89216435-89217065-	chr9:4678084-4678717+	25	64	0	105,112,124,125,126,44,65,72,76,83,86,97	105,112,124,125,126,45,66,73,77,84,87,98	2	3,4,5,6,7,8,9,10,11,12,13,14	83	82	631	25|6|2|4|2|2|2|5|5|4|2|5
GA	Equcab	LTR	ERV1	LTR1420_EC	chr1:112562099-112562695+	chrX:4291546-4291920-	19	43	0	106,113,125,126,127,45,62,66,73,77	105,112,124,125,126,45,62,66,73,77	2	2,3,4,5,6,8,9,10,11,12	55	82	371	19|2|1|1|0|3|3|5|1|3|3|2
GA	Equcab	LTR	ERV1	LTR1420_EC	chr1:112562099-112562695+	chr28:9431490-9432003-	16	27	0	106,113,125,126,127,45,50,53,54,61,62,66,77	106,113,125,126,127,45,50,53,54,61,62,66,77	2	2,3,4,5,6,7,8,9,11,12,13,14,15	55	83	191	16|2|1|1|0|0|2|2|0|0|2|1
GA	Equcab	LTR	ERV1	LTR1420_EC	chr1:112562099-112562695+	chr10:65092004-65092639+	13	21	0	106,113,125,126,127,17,34,66,73,77,98	105,112,124,125,126,17,34,66,73,77,98	2	1,2,3,4,5,7,8,9,10,11,12	90	110	183	13|2|0|1|0|0|2|1|0|0|1|1
GA	Equcab	LTR	ERV1	LTR1420_EC	chr1:112562099-112562695+	chr3:18220450-18221093+	21	36	0	106,113,126,129,45,50,53,54,61,62,66,73,77,98	106,113,126,129,45,50,53,54,61,62,66,73,77,98	2	2,3,4,5,6,7,8,9,10,12,13,14,15,16	65	85	280	21|1|0|1|0|1|3|4|0|1|3|1
GA	Equcab	LTR	ERV1	LTR1420_EC	chr1:112562099-112562695+	chr3:81694111-81694748-	15	27	0	106,110,113,126,53,54,61,62,66,98	104,108,111,124,53,54,59,60,64,96	2	3,4,5,6,7,9,10,11,12,13	41	72	209	15|1|1|1|1|0|3|2|0|1|1|1
GA	Equcab	LTR	ERV1	LTR1420_EC	chr1:113411057-113411677-	chr15:43752928-43753683-	17	32	0	108,112,53,54,61,62,66,87,88,91	108,112,53,54,61,62,66,87,88,91	1	1,2,3,4,5,6,7,8,9,10	60	60	292	17|3|0|1|3|0|2|2|2|1|1|0
GA	Equcab	LTR	ERV1	LTR1420_EC	chr1:113411057-113411677-	chr7:22889365-22889917+	14	18	0	108,112,50,53,54,61,62,66,73,77,87,88	109,113,50,53,54,61,62,66,73,77,87,88	1	1,2,3,4,5,6,7,8,9,10,11,12	64	64	193	14|0|0|0|1|0|0|0|2|0|1|0
GA	Equcab	LTR	ERV1	LTR1420_EC	chr1:116497610-116498334-	chr18:69596713-69597524+	23	61	0	106,113,125,126,127,52,66,68,73,77,87,98	105,112,124,125,126,52,66,68,73,77,87,98	2	1,2,3,4,5,6,7,8,9,10,11,12	76	75	613	23|9|1|3|5|2|4|7|1|1|3|2
GA	Equcab	LTR	ERV1	LTR1420_EC	chr1:116497610-116498334-	chrX:43371902-43372542+	24	55	0	106,113,125,126,127,52,66,68,73,77,87,98	105,112,124,125,126,52,66,68,73,77,87,98	2	2,3,4,5,6,7,8,9,10,11,12,13	76	75	508	24|8|4|4|3|2|3|3|1|0|2|1
GA	Equcab	LTR	ERV1	LTR1420_EC	chr1:116497610-116498334-	chr10:65092004-65092639+	22	56	0	106,113,125,126,127,52,66,68,73,77,87,98	105,112,124,125,126,52,66,68,73,77,87,98	2	1,2,3,4,5,6,7,8,9,10,11,12	76	75	493	22|7|5|2|6|3|2|4|2|0|2|1
GA	Equcab	LTR	ERV1	LTR1420_EC	chr1:116497610-116498334-	chr26:23011162-23011799-	25	67	0	113,125,126,127,152,52,66,68,73,77	112,124,125,126,151,52,66,68,73,77	2	3,4,5,6,7,10,11,12,13,14	66	100	500	25|7|5|3|5|4|6|6|2|0|2|2
GA	Equcab	LTR	ERV1	LTR1420_EC	chr1:116614798-116615266-	chr18:69596713-69597524+	21	56	0	106,113,125,126,127,52,66,68,73,77,87,98	105,112,124,125,126,52,66,68,73,77,87,98	2	1,2,3,4,5,6,7,8,9,10,11,12	76	75	465	21|7|2|4|5|2|3|6|1|1|3|1
GA	Equcab	LTR	ERV1	LTR1420_EC	chr1:116614798-116615266-	chr26:23011162-23011799-	23	58	0	113,125,126,127,152,52,66,68,73,77	112,124,125,126,151,52,66,68,73,77	2	3,4,5,6,7,10,11,12,13,14	66	100	447	23|6|5|4|3|4|4|5|1|0|2|1
GA	Equcab	LTR	ERV1	LTR1420_EC	chr1:117828964-117829598-	chr3:18220450-18221093+	20	45	0	106,113,126,129,152,45,50,53,54,61,62,66,73,77,98	106,113,126,129,152,45,50,53,54,61,62,66,73,77,98	2	1,2,3,4,5,6,7,8,9,11,12,13,14,15,16	88	108	638	20|5|1|1|2|1|2|5|0|2|4|2
GA	Equcab	LTR	ERV1	LTR1420_EC	chr1:117828964-117829598-	chr7:48201893-48202536-	19	50	0	106,113,126,152,45,50,53,54,61,62,66,73,77,98	106,113,126,152,45,50,53,54,61,62,66,73,77,98	2	1,2,3,4,5,6,7,8,9,11,12,13,14,15	88	108	638	19|5|2|1|3|6|2|5|0|4|1|2
GA	Equcab	LTR	ERV1	LTR1420_EC	chr1:117828964-117829598-	chr7:48206904-48207535+	15	44	0	106,113,126,17,53,54,61,62,66,87,98	106,113,126,17,53,54,61,62,66,87,98	2	1,2,3,4,5,6,8,9,10,11,12	90	110	632	15|6|3|2|6|0|3|4|1|1|2|1
GA	Equcab	LTR	ERV1	LTR1420_EC	chr1:117828964-117829598-	chr14:60348189-60348837-	24	56	0	104,106,113,125,126,127,45,50,53,54,59,61,62,66,73,77,98	104,106,113,125,126,127,45,50,53,54,59,61,62,66,73,77,98	2	1,2,3,4,5,6,7,8,9,10,12,13,14,15,16,17,18	63	83	641	24|5|1|1|4|2|6|6|1|2|2|2
GA	Equcab	LTR	ERV1	LTR1420_EC	chr1:117828964-117829598-	chr5:89976146-89976828+	16	46	0	106,113,126,152,45,50,53,54,61,62,87,98	106,113,126,154,45,50,53,54,61,62,87,98	2	1,2,3,4,5,6,9,10,11,12,13,14	86	110	543	16|5|1|3|3|1|4|5|1|5|1|1
GA	Equcab	LTR	ERV1	LTR1420_EC	chr1:117828964-117829598-	chr9:4678084-4678717+	23	60	0	106,113,125,126,127,45,66,73,77,84,87,98	105,112,124,125,126,45,66,73,77,84,87,98	2	2,3,4,5,6,7,8,9,10,11,12,13	83	82	633	23|6|3|2|2|1|3|4|2|9|2|3
GA	Equcab	LTR	ERV1	LTR1420_EC	chr1:117828964-117829598-	chr17:41749941-41750579-	22	61	0	106,113,125,126,127,17,19,45,66,73,77,98	104,111,123,124,125,17,19,44,65,72,76,97	2	1,2,3,4,5,6,8,9,10,11,12,13	89	109	621	22|8|3|4|2|2|3|5|3|2|2|5
GA	Equcab	LTR	ERV1	ERV1-1-EC_I-int	chr12:36165153-36165965+	chr7:15148328-15149121-	43	107	0	147,182,185,196,206,239,247,250,252,253	147,182,185,196,206,239,247,250,252,253	2	6,7,8,9,10,13,14,15,16,17	75	107	802	43|19|3|9|5|1|8|7|3|2|6|1
GA	Equcab	LTR	ERV1	ERV1-I_EC	chr17:37429873-37435604-	chr3:49976594-49977366+	35	83	0	4989,4995,4997,5006,5011,5149,5155,5171,5197,5215	201,207,223,249,267,41,47,49,58,63	2	2,3,4,5,6,16,17,18,19,20	90	227	777	35|21|3|1|2|1|6|9|3|2|0|0
GA	Equcab	LTR	ERV1	LTR1420_EC	chr1:150553903-150554491-	chrX:4291546-4291920-	18	39	0	106,113,125,126,127,60,62,66,73,77,87,92	105,112,124,125,126,60,62,66,73,77,87,92	2	2,3,4,5,6,7,8,9,10,11,12,13	68	67	373	18|4|1|0|0|4|4|1|2|1|1|3
GA	Equcab	LTR	ERV1	LTR1420_EC	chr1:150553903-150554491-	chr7:48201893-48202536-	15	27	0	106,113,126,152,45,50,60,61,62,66,73,77,98	106,113,126,152,45,50,60,61,62,66,73,77,98	2	1,2,3,4,5,6,7,8,11,12,13,14,15	88	108	208	15|2|1|0|0|3|0|2|1|1|0|2
GA	Equcab	LTR	ERV1	LTR1420_EC	chr1:150553903-150554491-	chr28:9431490-9432003-	15	23	0	106,113,125,126,127,45,50,60,61,62,66,77	106,113,125,126,127,45,50,60,61,62,66,77	2	1,2,3,4,5,6,7,10,11,12,13,14	55	83	201	15|2|1|0|0|1|0|1|1|0|1|1
GA	Equcab	LTR	ERV1	LTR1420_EC	chr1:172966172-172966828-	chr12:16527381-16528041+	16	39	0	100,118,119,144,145,162,168,192,84,85,91,99	102,103,121,122,147,148,165,171,195,87,88,94	2	1,2,3,4,5,6,7,8,9,10,11,12	110	109	658	16|7|2|1|4|1|2|5|0|1|0|0
GA	Equcab	LTR	ERV1	LTR1420_EC	chr1:172966172-172966828-	chr25:23593047-23593708+	19	44	0	100,118,119,144,145,149,162,168,239,84,85,91,99	102,103,121,122,146,147,151,164,170,241,87,88,94	2	3,4,5,6,7,8,9,10,11,12,13,14,15	156	155	658	19|7|1|2|2|0|4|4|3|1|0|1
GA	Equcab	LTR	ERV1	LTR1420_EC	chr1:172966172-172966828-	chrX:90516033-90516648+	15	41	0	100,118,119,144,145,151,84,85,91,99	100,108,109,127,128,153,154,161,93,94	1	1,2,3,4,5,6,7,8,9,10	69	69	607	15|3|0|1|2|0|10|4|2|1|1|2
GA	Equcab	LTR	ERV1	LTR1420_EC	chr1:172966172-172966828-	chr4:97299656-97300326-	19	50	0	100,118,119,144,145,151,153,162,84,85,91,99	102,103,121,122,147,148,155,157,166,87,88,94	2	3,4,5,6,7,8,9,10,11,12,13,14	81	80	663	19|8|3|2|2|0|4|8|1|0|2|1
GA	Equcab	LTR	ERV1	LTR1420_EC	chr1:172966172-172966828-	chr3:114835438-114836072-	16	47	0	100,118,119,144,145,162,187,84,85,91,99	102,103,121,122,147,148,165,190,87,88,94	1	3,4,5,6,7,8,9,10,11,12,13	104	104	645	16|7|1|1|4|2|4|5|3|2|0|2
GA	Equcab	LTR	ERV1	LTR1420_EC	chr1:172966172-172966828-	chr31:6731450-6732151+	15	42	0	100,118,119,144,145,152,84,85,91,99	102,103,121,122,147,148,155,87,88,94	1	1,2,3,4,5,6,7,8,9,10	69	69	559	15|8|2|0|5|0|3|2|1|5|0|1
GA	Equcab	LTR	ERV1	LTR1420_EC	chr1:172966172-172966828-	chr3:17755209-17755826-	18	34	0	100,118,119,144,145,152,157,162,168,84,85,91,99	102,103,121,122,147,148,155,160,165,171,87,88,94	2	2,3,4,5,6,7,8,9,10,11,12,13,14	86	85	516	18|3|0|1|1|0|2|4|0|3|1|1
GA	Equcab	LTR	ERV1	LTR1420_EC	chr1:172966172-172966828-	chr5:7517054-7517670+	13	32	0	100,118,119,144,145,162,84,85,91,99	103,104,122,123,148,149,167,88,89,95	1	2,3,4,5,6,7,8,9,10,11	80	80	516	13|6|1|0|0|1|3|4|2|1|1|0
GA	Equcab	LTR	ERV1	LTR1420_EC	chr1:172966172-172966828-	chr30:7446125-7446746+	15	35	0	100,118,119,144,145,152,157,162,168,84,85,91,99	103,104,122,123,148,149,156,161,166,172,88,89,95	2	2,3,4,5,6,7,8,9,10,11,12,13,14	86	85	519	15|5|0|1|1|0|5|4|0|2|1|1
GA	Equcab	LTR	ERV1	LTR1420_EC	chr1:172966172-172966828-	chrX:52090042-52090659+	18	39	0	100,118,119,144,145,152,157,162,168,84,85,91,99	102,103,121,122,147,148,155,160,165,171,87,88,94	2	2,3,4,5,6,7,8,9,10,11,12,13,14	86	85	517	18|5|2|0|1|2|5|3|1|0|1|1
GA	Equcab	LTR	ERV1	LTR1420_EC	chr1:172966172-172966828-	chr26:22809710-22810331+	18	38	0	100,118,119,144,145,152,157,162,168,84,85,91,99	103,104,122,123,148,149,156,161,166,172,88,89,95	2	1,2,3,4,5,6,7,8,9,10,11,12,13	86	85	519	18|3|2|2|0|0|4|3|2|2|2|0
GA	Equcab	LTR	ERV1	LTR1420_EC	chr1:172966172-172966828-	chrX:74675911-74676536-	14	34	0	100,118,119,144,145,152,162,168,85,91,99	103,104,122,123,148,149,156,163,169,89,95	1	2,3,4,5,6,7,8,9,10,11,12	81	81	519	14|2|1|0|3|0|5|3|1|1|2|2
GA	Equcab	LTR	ERV1	LTR1420_EC	chr1:172966172-172966828-	chr5:30020299-30020885+	14	33	0	100,118,119,144,145,152,157,162,85,91,99	103,104,122,123,148,149,156,161,166,89,95	1	1,2,3,4,5,6,7,8,9,10,11	78	78	481	14|5|0|1|3|0|2|4|1|1|2|0
GA	Equcab	LTR	ERV1	LTR1420_EC	chr1:172966172-172966828-	chr6:81367654-81368269-	17	39	0	100,118,119,144,145,152,84,85,91,99	103,104,122,123,148,149,156,88,89,95	2	2,3,4,5,6,7,8,9,10,11	70	69	515	17|2|3|1|2|0|5|5|1|1|1|1
GA	Equcab	LTR	ERV1	LTR1420_EC	chr1:172966172-172966828-	chr4:107729372-107729958+	17	35	0	100,119,144,145,150,162,168,200,203,99	102,103,122,147,148,153,165,171,203,206	1	4,5,6,7,8,9,10,11,12,13	105	105	481	17|3|1|0|2|1|0|5|0|1|2|3
GA	Equcab	LTR	ERV1	LTR1420_EC	chr1:172966172-172966828-	chr21:36706358-36707041+	12	20	0	100,103,118,119,144,145,162,168,84,85,91,99	102,103,106,121,122,147,148,165,171,87,88,94	1	1,2,3,4,5,6,7,8,9,10,11,12	85	85	233	12|3|1|1|0|0|2|1|0|0|0|0
GA	Equcab	LTR	ERV1	LTR1420_EC	chr1:172966172-172966828-	chr3:82681265-82681951-	13	20	0	100,118,119,144,145,152,157,162,168,84,85,91,99	103,104,122,123,148,149,156,161,166,172,88,89,95	2	1,2,3,4,5,6,7,8,9,10,11,12,13	86	85	234	13|3|0|0|0|0|1|1|0|0|2|0
GA	Equcab	LTR	ERV1	LTR1420_EC	chr10:7844852-7845493+	chr3:18220450-18221093+	17	47	0	106,113,126,129,152,36,50,62,63,66,73,77,98	106,113,126,129,152,36,50,62,63,66,73,77,98	2	1,2,3,4,5,6,7,9,10,11,12,13,14	97	117	642	17|3|2|3|1|1|2|10|1|2|3|2
GA	Equcab	LTR	ERV1	LTR1420_EC	chr10:7844852-7845493+	chr7:48201893-48202536-	19	56	0	106,113,126,152,50,62,63,66,73,77,98	106,113,126,152,50,62,63,66,73,77,98	2	2,3,4,5,6,7,9,10,11,12,13	83	103	642	19|4|2|3|2|5|2|9|1|5|2|2
GA	Equcab	LTR	ERV1	LTR1420_EC	chr10:7844852-7845493+	chr14:60348189-60348837-	23	67	0	104,106,113,125,126,127,50,59,62,63,66,73,77,98	104,106,113,125,126,127,50,59,62,63,66,73,77,98	2	3,4,5,6,7,8,9,11,12,13,14,15,16,17	58	78	644	23|7|1|3|3|1|5|13|2|3|2|4
GA	Equcab	LTR	ERV1	LTR1420_EC	chr10:7844852-7845493+	chr27:31412863-31413500-	26	69	0	106,113,125,126,127,63,64,66,73,77,87,98	105,112,124,125,126,63,64,66,73,77,87,98	2	5,6,7,8,9,10,11,12,13,14,15,16	65	64	639	26|8|6|2|3|4|6|7|0|2|3|2
GA	Equcab	LTR	ERV1	LTR1420_EC	chr10:7844852-7845493+	chr16:85695296-85695925+	25	71	0	106,113,125,126,127,62,63,66,73,77,98	105,112,124,125,126,62,63,66,73,77,98	2	4,5,6,7,8,10,11,12,13,14,15	45	65	635	25|9|5|1|1|3|7|7|1|2|4|6
GA	Equcab	LTR	ERV1	LTR1420_EC	chr10:7844852-7845493+	chr2:28117323-28117963-	24	68	0	106,113,125,126,127,17,19,32,36,7,98	106,113,125,126,127,17,19,33,37,7,99	2	1,2,3,4,5,10,11,12,13,14,15	60	121	621	24|7|6|1|2|3|8|9|1|2|2|3
GA	Equcab	LTR	ERV1	LTR1420_EC	chr10:7844852-7845493+	chrX:69639396-69640036-	27	81	0	106,113,125,126,127,17,19,32,36,7,87,98	105,112,124,125,126,17,19,32,36,7,87,98	2	1,2,3,4,5,10,11,12,13,14,15,16	70	120	640	27|8|6|0|4|2|10|11|3|4|2|4
GA	Equcab	LTR	ERV1	LTR1420_EC	chr10:7844852-7845493+	chr7:75732091-75732716-	32	80	0	106,113,126,127,19,32,36,39,66,87,98	101,113,114,19,32,36,39,55,76,87,94	2	2,3,4,5,6,9,10,11,12,13,14	76	96	633	32|5|5|1|3|2|8|12|3|1|5|3
GA	Equcab	LTR	ERV1	LTR1420_EC	chr10:7844852-7845493+	chr2:33805685-33806366+	26	69	0	106,113,125,126,127,17,19,32,36,7,98	105,112,124,125,126,17,19,32,36,7,98	2	1,2,3,4,5,11,12,13,14,15,16	59	120	540	26|6|6|3|3|1|8|6|1|3|3|3
GA	Equcab	LTR	ERV1	LTR1420_EC	chr10:7844852-7845493+	chr28:9431490-9432003-	14	20	0	106,113,125,126,127,32,36,50,62,63,66,77	106,113,125,126,127,32,36,50,62,63,66,77	2	1,2,3,4,5,6,7,9,10,11,12,13	68	96	201	14|1|2|0|1|0|0|0|0|0|1|1
GA	Equcab	LTR	ERV1	LTR1420_EC	chr10:16799912-16800526+	chr11:51497910-51498553-	33	90	0	103,110,122,525,533,536,537,538,542,550,84,95	105,112,126,547,565,568,569,570,574,582,87,98	2	5,6,7,8,9,27,28,29,30,31,32,33	76	496	628	33|13|5|4|2|3|8|7|3|4|3|5
GA	Equcab	LTR	ERV1	ERV1-I_EC	chr3:30936089-30940649-	chr4:40934779-40938930+	53	120	0	1666,1759,1866,2025,2060,2178,2225,2376,2635,2655,2898,2899,2978,3819,3827,3887,3888,3941	1260,1353,1460,1619,1654,1772,1819,1970,2229,2249,2492,2493,2572,3411,3419,3479,3480,3533	3	19,20,21,22,23,24,25,26,27,28,29,30,31,41,42,43,44,45	1437	2274	4157	53|15|1|6|2|1|20|12|2|4|2|2
GA	Equcab	LTR	ERV1	LTR1420_EC	chr10:48318415-48319091+	chr7:48206904-48207535+	16	48	0	106,113,126,53,54,61,62,66,87,98	106,113,126,53,54,61,62,66,87,98	2	1,2,3,4,5,8,9,10,11,12	54	74	509	16|6|3|2|3|1|7|3|1|0|2|4
GA	Equcab	LTR	ERV1	LTR1420_EC	chr10:61795100-61795730-	chr6:73576807-73577447+	24	63	0	106,113,125,127,152,158,165,166,177,87,98	106,113,125,127,152,157,164,165,176,88,99	2	6,7,8,9,10,11,12,13,14,15,16	90	89	625	24|7|4|3|2|2|7|8|1|1|1|3
GA	Equcab	LTR	ERV1	LTR1420_EC	chr10:61795100-61795730-	chr27:31646482-31647122-	21	61	0	106,113,125,126,127,150,152,158,166,177,98	105,112,124,125,126,149,151,156,164,175,98	2	6,7,8,9,10,11,12,13,14,15,16	79	78	623	21|5|5|5|1|1|6|9|3|1|2|2
GA	Equcab	LTR	ERV1	LTR1420_EC	chr10:61795100-61795730-	chr3:18220450-18221093+	20	55	0	106,113,126,129,47,54,61,62,66,73,77,98	106,113,126,129,48,54,61,62,66,73,77,98	2	1,2,3,4,5,6,7,9,10,11,12,13	62	82	611	20|4|1|1|3|2|8|8|0|2|2|4
GA	Equcab	LTR	ERV1	MER34A1_EC	chr1:30631703-30632279-	chr21:41213263-41213840+	12	28	0	106,174,179,205,409,425,442,444,461,60	106,174,179,205,409,425,442,444,461,60	2	2,3,4,5,6,8,9,10,11,12	199	402	574	12|3|1|1|1|0|4|2|1|1|1|1
GA	Equcab	LTR	ERV1	LTR1420_EC	chr11:1458648-1459257+	chr21:15905014-15905647+	24	68	0	100,107,119,120,121,122,145,158,169,92	101,108,120,121,122,123,147,160,171,94	1	5,6,7,8,9,10,11,12,13,14	78	78	621	24|12|3|1|2|2|8|5|1|2|3|5
GA	Equcab	LTR	ERV1	ERV1-3N-EC_I-int	chr10:10077406-10080911+	chrUn_NW_019646300v1:57596-60818-	27	81	0	1152,1154,1163,1164,1169,1170,883,886,888,893,907	1032,1034,1043,1044,1049,1050,755,758,760,765,779	2	1,2,3,4,5,12,13,14,15,16,17	44	296	489	27|10|3|2|1|3|18|10|3|2|1|1
GA	Equcab	LTR	ERV1	ERV1-3N-EC_I-int	chr10:10077406-10080911+	chr2:56101295-56104517-	27	81	0	1152,1154,1163,1164,1169,1170,883,886,888,893,907	1032,1034,1043,1044,1049,1050,755,758,760,765,779	2	1,2,3,4,5,12,13,14,15,16,17	44	296	489	27|10|3|2|1|3|18|10|3|2|1|1
GA	Equcab	LTR	ERV1	ERV1-3N-EC_I-int	chr10:10077406-10080911+	chr2:55996389-55999611-	27	81	0	1152,1154,1163,1164,1169,1170,883,886,888,893,907	1032,1034,1043,1044,1049,1050,755,758,760,765,779	2	1,2,3,4,5,12,13,14,15,16,17	44	296	489	27|10|3|2|1|3|18|10|3|2|1|1
GA	Equcab	LTR	ERV1	LTR1420_EC	chr11:19971376-19971992+	chr5:16589824-16590440+	17	46	0	102,121,122,147,148,155,160,165,171,87,88,94	105,123,124,149,150,157,162,167,173,90,91,96	2	3,4,5,6,7,8,9,10,11,12,13,14	85	84	616	17|6|5|1|1|0|8|4|2|1|1|0
GA	Equcab	LTR	ERV1	LTR1420_EC	chr11:19971376-19971992+	chr15:63831749-63832448+	16	45	0	147,148,154,165,171,35,55,87,88,94	149,150,156,167,173,36,56,89,90,96	2	1,2,3,4,5,8,9,10,11,12	86	138	451	16|7|8|1|1|2|2|3|2|2|0|1
GA	Equcab	LTR	ERV1	LTR1420_EC	chr11:21237090-21237703-	chr5:16589824-16590440+	17	44	0	102,121,122,147,148,155,160,165,171,87,88,94	105,123,124,149,150,157,162,167,173,90,91,96	2	3,4,5,6,7,8,9,10,11,12,13,14	85	84	614	17|6|5|0|2|1|6|3|3|0|1|0
GA	Equcab	LTR	ERV1	LTR1420_EC	chr11:21237090-21237703-	chr6:81367654-81368269-	19	50	0	102,103,121,122,147,148,155,87,88,94	103,104,122,123,148,149,156,88,89,95	2	2,3,4,5,6,7,8,9,10,11	70	69	611	19|4|4|0|5|1|6|5|1|1|2|2
GA	Equcab	LTR	ERV1	LTR1420_EC	chr11:21237090-21237703-	chr15:63831749-63832448+	17	37	0	122,147,148,154,165,171,35,55,87,88,94	124,149,150,156,167,173,36,56,89,90,96	2	1,2,3,4,5,7,8,9,10,11,12	111	138	448	17|5|6|0|1|2|2|1|2|1|0|0
GA	Equcab	LTR	ERV1	LTR1420_EC	chr11:21237090-21237703-	chr21:36706358-36707041+	12	21	0	102,103,107,121,122,147,148,165,171,87,88,94	102,103,107,121,122,147,148,165,171,87,88,94	2	1,2,3,4,5,6,7,8,9,10,11,12	86	85	235	12|1|2|1|0|0|3|0|2|0|0|0
GA	Equcab	LTR	ERV1	LTR1420_EC	chr11:56736413-56737064-	chr3:18220450-18221093+	18	44	0	106,113,126,152,62,63,66,73,77,98	106,113,126,152,62,63,66,73,77,98	2	2,3,4,5,6,8,9,10,11,12	71	91	647	18|6|0|1|0|1|7|7|0|1|3|0
GA	Equcab	LTR	ERV1	LTR1420_EC	chr11:56736413-56737064-	chr14:60348189-60348837-	21	58	0	104,106,113,125,126,127,59,62,63,66,73,77,98	104,106,113,125,126,127,59,62,63,66,73,77,98	2	2,3,4,5,6,7,9,10,11,12,13,14,15	49	69	649	21|10|0|1|1|2|8|9|1|2|2|1
GA	Equcab	LTR	ERV1	LTR1420_EC	chr11:56736413-56737064-	chr27:31412863-31413500-	25	64	0	106,113,125,126,127,63,64,66,73,77,87,98	105,112,124,125,126,63,64,66,73,77,87,98	2	3,4,5,6,7,8,9,10,11,12,13,14	65	64	632	25|12|4|1|3|1|9|6|0|1|2|0
GA	Equcab	LTR	ERV1	LTR1420_EC	chr11:56736413-56737064-	chr16:85695296-85695925+	21	58	0	106,113,125,126,127,62,63,66,73,77,98	105,112,124,125,126,62,63,66,73,77,98	2	2,3,4,5,6,8,9,10,11,12,13	45	65	628	21|12|2|0|1|1|9|7|1|1|1|2
GA	Equcab	LTR	ERV1	LTR1420_EC	chr11:60256180-60256762+	chr6:84629736-84630346+	18	45	0	112,113,125,126,128,53,54,66,73,77	111,112,124,125,127,54,55,67,74,78	2	1,2,3,4,5,6,7,8,9,10	75	74	589	18|7|0|8|2|1|5|2|0|2|0|0
GA	Equcab	LTR	ERV1	LTR1420_EC	chr11:60256180-60256762+	chr7:48201893-48202536-	11	18	0	108,112,113,126,155,53,54,66,73,77	108,112,113,126,155,53,54,66,73,77	2	1,2,3,4,5,7,8,9,10,11	73	103	187	11|3|0|0|0|1|0|0|0|1|0|2
GA	Equcab	LTR	ERV1	LTR1420_EC	chr11:60256180-60256762+	chr14:60348189-60348837-	15	23	0	104,108,112,113,125,126,127,53,54,59,66,73,77	104,108,112,113,125,126,127,53,54,59,66,73,77	2	1,2,3,4,5,6,8,9,10,11,12,13,14	49	75	189	15|2|0|0|1|0|1|1|0|1|0|2
GA	Equcab	LTR	ERV1	LTR1420_EC	chr12:27301498-27302132+	chr3:18220450-18221093+	18	52	0	103,111,118,131,157,51,54,55,62,63,67,74	106,113,126,152,50,53,54,61,62,66,73,98	2	1,2,3,4,5,6,7,9,10,11,12,13	79	103	638	18|7|1|2|2|2|8|6|3|1|1|1
GA	Equcab	LTR	ERV1	LTR1420_EC	chr12:27301498-27302132+	chr17:41749941-41750579-	21	61	0	103,111,118,130,131,132,17,19,32,67,74	104,111,123,124,125,17,19,32,65,72,97	2	1,2,3,4,5,7,8,9,10,11,12	85	109	636	21|10|3|2|1|2|6|6|5|0|0|5
GA	Equcab	LTR	ERV1	LTR1420_EC	chr13:1961829-1962446-	chr6:24129684-24130374-	15	38	0	103,115,121,122,123,55,73,83,87,88	102,114,120,121,122,55,73,83,87,88	2	1,2,3,4,5,6,7,8,9,10	69	68	451	15|4|2|1|3|0|7|2|2|1|0|1
GA	Equcab	LTR	ERV1	ERV1-1-EC_I-int	chr22:1859984-1860776+	chr7:15148328-15149121-	34	92	0	239,247,249,252,253,532,568,575,580,590,596	239,247,249,252,253,533,569,576,581,591,597	2	10,11,12,13,14,23,24,25,26,27,28	80	359	779	34|11|4|3|6|3|7|8|5|5|4|2
GA	Equcab	LTR	ERV1	ERV1-1-EC_I-int	chr22:48147060-48147763+	chr7:15148328-15149121-	34	89	0	143,145,156,164,166,169,170,480,486,487,502,508	226,228,239,247,249,252,253,569,575,576,591,597	2	7,8,9,10,11,12,13,24,25,26,27,28	57	372	704	34|13|4|1|3|3|7|6|3|8|5|2
GA	Equcab	LTR	ERV1	LTR1420_EC	chr13:24289155-24289752+	chrX:4291546-4291920-	14	31	0	104,111,123,124,125,173,60,64,67,71,75	105,112,124,125,126,175,62,66,69,73,77	2	1,2,3,4,5,7,8,9,10,11,12	87	114	372	14|3|2|0|1|2|2|1|1|3|0|2
GA	Equcab	LTR	ERV1	LTR1420_EC	chr13:24289155-24289752+	chr28:9431490-9432003-	16	24	0	104,111,123,124,125,59,60,64,67,75	106,113,125,126,127,61,62,66,69,77	2	4,5,6,7,8,10,11,12,13,14	39	67	200	16|2|2|0|0|1|1|0|0|0|1|1
GA	Equcab	LTR	ERV1	LTR1420_EC	chr13:24289155-24289752+	chr3:81694111-81694748-	14	22	0	104,108,111,124,51,52,59,60,64,67,96	104,108,111,124,53,54,59,60,64,67,96	2	1,2,3,4,5,6,8,9,10,11,12	44	72	276	14|1|1|0|1|0|4|0|0|0|0|1
GA	Equcab	LTR	ERV1	LTR1420_EC	chr14:344082-344699+	chr24:31666058-31666743+	18	49	0	101,185,188,191,197,211,86,89,93,99	103,105,187,193,196,202,216,90,93,97	2	2,3,4,5,6,12,13,14,15,16	46	127	481	18|5|5|1|1|2|6|4|2|2|2|1
GA	Equcab	LTR	ERV1	LTR1420_EC	chr14:1953481-1953995-	chr14:60348189-60348837-	16	26	0	100,104,108,112,113,125,126,127,53,54,59,66,77,98	100,104,108,112,113,125,126,127,53,54,59,66,77,98	2	2,3,4,5,6,7,8,9,10,11,12,13,14,15	76	75	201	16|1|0|0|1|0|2|2|1|1|1|1
GA	Equcab	LTR	ERV1	LTR1420_EC	chr14:11693228-11693621+	chrX:41651587-41652237-	19	42	0	153,156,157,161,172,186,187,197,227,251	152,154,155,159,170,184,185,199,229,250	2	4,5,6,7,8,9,10,11,12,13	100	99	390	19|5|3|1|1|1|6|2|1|1|2|0
GA	Equcab	LTR	ERV1	LTR1420_EC	chr14:18771434-18771936+	chr7:22889365-22889917+	19	36	0	148,152,157,186,187,50,53,54,62,66,73,77	149,153,158,187,188,50,53,54,62,66,73,77	2	1,2,3,4,5,6,7,13,14,15,16,17	68	139	410	19|2|2|0|1|1|2|4|1|0|1|3
GA	Equcab	LTR	ERV1	LTR1420_EC	chr14:20327242-20327577+	chr7:22889365-22889917+	15	28	0	125,126,127,150,155,53,54,66,73,77	126,127,128,153,158,53,54,66,73,77	2	2,3,4,5,6,11,12,13,14,15	58	106	337	15|2|0|0|0|1|3|2|1|0|1|3
GA	Equcab	LTR	ERV1	LTR1420_EC	chr14:38528277-38528918-	chr3:18220450-18221093+	16	44	0	106,113,126,129,152,45,50,62,63,66,73,77,87,98	106,113,126,129,152,45,50,62,63,66,73,77,87,98	2	1,2,3,4,5,6,7,8,9,10,11,12,13,14	109	108	642	16|3|0|0|1|4|8|5|1|3|2|1
GA	Equcab	LTR	ERV1	LTR1420_EC	chr14:38528277-38528918-	chr14:60348189-60348837-	19	54	0	104,106,113,125,126,127,45,50,59,62,63,66,73,77,87,98	104,106,113,125,126,127,45,50,59,62,63,66,73,77,87,98	2	1,2,3,4,5,6,7,8,9,10,11,12,13,14,15,16	84	83	644	19|6|0|0|3|3|9|6|2|5|0|1
GA	Equcab	LTR	ERV1	LTR1420_EC	chr14:38528277-38528918-	chr26:10571284-10571885-	16	47	0	106,113,125,126,127,63,73,77,87,98	27,37,41,51,62,69,76,88,89,90	1	1,2,3,4,5,6,7,8,9,10	64	64	603	16|8|2|0|2|3|5|6|2|1|1|1
GA	Equcab	LTR	ERV1	LTR1420_EC	chr14:38528277-38528918-	chr21:15905014-15905647+	24	58	0	106,113,125,126,127,128,152,63,66,73,77,87,98	101,108,120,121,122,123,147,59,62,69,73,83,94	2	2,3,4,5,6,7,8,9,10,11,12,13,14	90	89	637	24|6|1|1|1|2|10|5|2|4|2|0
GA	Equcab	LTR	ERV1	LTR1420_EC	chr14:38528277-38528918-	chrUn_NW_019644007v1:73393-74032-	23	60	0	106,160,189,192,208,238,63,66,73,77,87,98	105,159,189,195,211,229,63,66,73,77,87,98	2	3,4,5,6,7,8,9,14,15,16,17,18	114	167	628	23|7|0|2|1|3|7|7|3|3|2|2
GA	Equcab	LTR	ERV1	LTR1420_EC	chr14:38528277-38528918-	chr24:25797845-25798484-	23	60	0	106,160,189,192,208,238,63,66,73,77,87,98	105,159,189,195,211,229,63,66,73,77,87,98	2	3,4,5,6,7,8,9,14,15,16,17,18	114	167	628	23|7|0|2|1|3|7|7|2|4|2|2
GA	Equcab	LTR	ERV1	LTR1420_EC	chr14:38528277-38528918-	chr7:52514072-52514708-	22	57	0	106,113,125,126,127,63,66,73,77,87	105,112,124,125,126,63,66,73,77,87	2	5,6,7,8,9,10,11,12,13,14	65	64	619	22|5|0|1|2|3|7|6|2|3|3|3
GA	Equcab	LTR	ERV1	LTR1420_EC	chr14:38528277-38528918-	chr23:340415-341052+	20	58	0	106,110,113,125,126,127,63,66,73,77,87,91,98	105,109,112,124,125,126,63,66,73,77,87,91,98	1	3,4,5,6,7,8,9,10,11,12,13,14,15	64	64	619	20|4|1|1|2|6|7|4|4|4|2|3
GA	Equcab	LTR	ERV1	LTR1420_EC	chr14:38528277-38528918-	chr27:31646482-31647122-	22	58	0	106,113,125,126,127,150,152,189,192,208,63,66,73,77,87,98	105,112,124,125,126,149,151,189,195,211,63,66,73,77,87,98	3	3,4,5,6,7,8,9,10,11,12,13,14,15,16,17,18	151	149	620	22|5|2|2|1|3|6|7|3|2|3|2
GA	Equcab	LTR	ERV1	LTR1420_EC	chr14:38528277-38528918-	chr27:31412863-31413500-	24	60	0	106,113,125,126,127,63,64,66,73,77,87,98	105,112,124,125,126,63,64,66,73,77,87,98	1	3,4,5,6,7,8,9,10,11,12,13,14	64	64	639	24|7|2|1|2|4|6|5|1|4|2|2
GA	Equcab	LTR	ERV1	LTR1420_EC	chr14:38528277-38528918-	chrX:43371902-43372542+	23	62	0	106,113,125,126,127,63,66,73,77,87,98	105,112,124,125,126,63,66,73,77,87,98	1	3,4,5,6,7,8,9,10,11,12,13	64	64	640	23|8|1|0|2|5|8|4|3|3|2|3
GA	Equcab	LTR	ERV1	LTR1420_EC	chr14:38528277-38528918-	chr26:23011162-23011799-	24	67	0	106,113,125,126,127,152,63,66,73,77,87	105,112,124,125,126,151,63,66,73,77,87	2	4,5,6,7,8,9,10,11,12,13,14	90	89	639	24|5|3|0|2|5|12|5|3|2|2|4
GA	Equcab	LTR	ERV1	LTR1420_EC	chr14:38528277-38528918-	chr9:4678084-4678717+	22	61	0	106,113,125,126,127,63,66,73,77,84,87,98	105,112,124,125,126,63,66,73,77,84,87,98	1	3,4,5,6,7,8,9,10,11,12,13,14	64	64	637	22|5|2|1|1|4|9|4|3|6|1|3
GA	Equcab	LTR	ERV1	LTR1420_EC	chr14:38528277-38528918-	chr16:85695296-85695925+	19	57	0	106,113,125,126,127,62,63,66,73,77,87,98	105,112,124,125,126,62,63,66,73,77,87,98	2	2,3,4,5,6,7,8,9,10,11,12,13	66	65	635	19|10|1|0|1|4|6|6|2|3|2|3
GA	Equcab	LTR	ERV1	LTR1420_EC	chr14:38528277-38528918-	chr17:41749941-41750579-	24	68	0	106,113,125,126,127,63,66,73,77,87,98	104,111,123,124,125,62,65,72,76,86,97	2	4,5,6,7,8,9,10,11,12,13,14	65	64	639	24|8|1|0|1|4|8|7|4|2|5|4
GA	Equcab	LTR	ERV1	LTR1420_EC	chr14:38528277-38528918-	chr3:93098232-93098846+	22	62	0	106,113,125,126,127,129,63,66,73,77,87,98	105,112,124,125,126,128,63,66,73,77,87,98	2	4,5,6,7,8,9,10,11,12,13,14,15	67	66	615	22|6|3|0|2|4|6|7|4|3|2|3
GA	Equcab	LTR	ERV1	LTR1420_EC	chr14:38528277-38528918-	chr9:10188999-10189630+	26	74	0	106,109,113,125,126,127,63,66,73,77,87,98	105,108,112,124,125,126,63,66,73,77,87,98	1	4,5,6,7,8,9,10,11,12,13,14,15	64	64	636	26|12|1|0|2|3|10|8|3|4|3|2
GA	Equcab	LTR	ERV1	LTR1420_EC	chr14:38528277-38528918-	chrX:4486543-4487213-	18	43	0	106,113,125,126,127,63,66,73,77,87,98	105,112,124,125,126,63,66,73,77,87,98	1	1,2,3,4,5,6,7,8,9,10,11	64	64	539	18|5|0|1|3|1|5|2|2|3|3|0
GA	Equcab	LTR	ERV1	LTR1420_EC	chr14:38528277-38528918-	chr26:9177778-9178491+	17	48	0	106,113,125,126,127,63,73,77,87,98	105,112,124,125,126,63,73,77,87,98	1	2,3,4,5,6,7,8,9,10,11	64	64	541	17|8|1|0|0|2|8|4|3|2|1|2
GA	Equcab	LTR	ERV1	LTR1420_EC	chr14:38528277-38528918-	chr8:90100323-90100998+	20	48	0	106,113,125,126,127,63,73,77,87,98	105,112,124,125,126,63,73,77,87,98	2	3,4,5,6,7,8,9,10,11,12	65	64	540	20|7|0|1|0|2|6|5|2|3|1|1
GA	Equcab	LTR	ERV1	LTR1420_EC	chr14:38528277-38528918-	chr6:73576807-73577447+	23	67	0	106,113,125,127,62,63,66,73,77,87,98	106,113,125,127,62,63,66,73,77,88,99	1	3,4,5,6,7,8,9,10,11,12,13	66	66	612	23|8|3|1|2|4|6|9|2|1|3|5
GA	Equcab	LTR	ERV1	LTR1420_EC	chr14:38528277-38528918-	chr26:22436178-22436964+	16	48	0	106,113,125,126,127,152,73,77,87,98	105,112,124,125,126,151,73,77,87,98	1	4,5,6,7,8,9,10,11,12,13	79	79	541	16|7|2|1|1|3|6|5|2|2|1|2
GA	Equcab	LTR	ERV1	LTR1420_EC	chr14:38528277-38528918-	chr21:38740282-38740964-	21	51	0	106,113,125,126,127,129,63,66,73,77,87,98	106,113,125,126,127,129,64,67,74,78,88,99	1	3,4,5,6,7,8,9,10,11,12,13,14	66	66	542	21|6|2|1|1|1|6|3|2|4|2|2
GA	Equcab	LTR	ERV1	LTR1420_EC	chr14:38528277-38528918-	chr3:31430813-31431538+	21	50	0	106,113,125,126,127,152,63,66,73,77,87,98	105,112,119,131,132,133,158,70,73,80,84,94	2	3,4,5,6,7,8,9,10,11,12,13,14	90	89	546	21|6|0|0|0|2|5|5|2|3|3|3
GA	Equcab	LTR	ERV1	LTR1420_EC	chr14:38528277-38528918-	chr20:23413593-23414264+	22	53	0	106,113,123,125,126,127,63,66,73,77,87,98	105,112,122,124,125,126,63,66,73,77,87,98	1	4,5,6,7,8,9,10,11,12,13,14,15	64	64	540	22|12|0|1|1|1|6|4|2|2|2|0
GA	Equcab	LTR	ERV1	LTR1420_EC	chr14:38528277-38528918-	chr18:69596713-69597524+	17	46	0	106,113,125,126,127,63,66,73,77,87,98	105,112,124,125,126,63,66,73,77,87,98	1	2,3,4,5,6,7,8,9,10,11,12	64	64	505	17|5|0|0|1|2|7|5|1|4|3|1
GA	Equcab	LTR	ERV1	LTR1420_EC	chr14:87509255-87509936-	chr3:18220450-18221093+	17	41	0	106,113,126,129,36,62,63,66,73,77,87,98	106,113,126,129,36,62,63,66,73,77,87,98	2	1,2,3,4,5,6,7,8,9,10,11,12	95	94	546	17|5|2|1|3|1|4|7|0|1|0|0
GA	Equcab	LTR	ERV1	LTR1420_EC	chr14:87509255-87509936-	chrX:4486543-4487213-	26	63	0	106,113,125,126,127,63,66,73,77,87,98	105,112,124,125,126,63,66,73,77,87,98	2	3,4,5,6,7,8,9,10,11,12,13	65	64	675	26|6|4|2|4|1|10|6|1|1|0|2
GA	Equcab	LTR	ERV1	LTR1420_EC	chr14:87509255-87509936-	chr21:38740282-38740964-	30	74	0	106,113,125,126,127,129,63,66,73,77,87,98	106,113,125,126,127,129,64,67,74,78,88,99	2	4,5,6,7,8,9,10,11,12,13,14,15	67	66	681	30|11|5|2|3|2|12|4|1|1|2|1
GA	Equcab	LTR	ERV1	LTR1420_EC	chr14:87509255-87509936-	chr20:23413593-23414264+	29	75	0	106,113,123,125,126,127,63,66,73,77,87,98	105,112,122,124,125,126,63,66,73,77,87,98	2	5,6,7,8,9,10,11,12,13,14,15,16	65	64	675	29|14|5|3|3|2|10|8|1|0|0|0
GA	Equcab	LTR	ERV1	LTR1420_EC	chr14:87509255-87509936-	chrX:4075170-4075847+	27	75	0	106,113,125,126,127,63,66,73,77,87,98	105,112,124,125,126,63,66,73,77,87,98	2	4,5,6,7,8,9,10,11,12,13,14	65	64	679	27|8|5|2|4|2|13|6|5|1|1|1
GA	Equcab	LTR	ERV1	LTR1420_EC	chr14:87509255-87509936-	chr26:8279162-8279842-	29	76	0	106,113,125,126,127,62,63,66,73,77,87	105,112,124,125,126,62,63,66,73,77,87	2	4,5,6,7,8,9,10,11,12,13,14	66	65	680	29|5|3|2|4|3|13|9|4|2|0|2
GA	Equcab	LTR	ERV1	LTR1420_EC	chr14:87509255-87509936-	chr21:25786466-25787117+	28	64	0	106,113,125,126,127,63,66,73,77,87,98	105,112,124,125,126,63,66,73,77,87,98	2	4,5,6,7,8,9,10,11,12,13,14	65	64	550	28|6|3|1|5|1|11|2|2|1|2|2
GA	Equcab	LTR	ERV1	LTR1420_EC	chr14:87509255-87509936-	chr3:31430813-31431538+	25	65	0	106,113,125,126,127,63,66,73,77,87	112,119,131,132,133,70,73,80,84,94	2	3,4,5,6,7,9,10,11,12,13	47	64	585	25|7|3|1|2|4|12|5|2|1|1|2
GA	Equcab	LTR	ERV1	LTR1420_EC	chr14:87509255-87509936-	chr27:31646482-31647122-	26	61	0	106,113,125,126,127,63,66,73,77,87,98	105,112,124,125,126,63,66,73,77,87,98	2	3,4,5,6,7,8,9,10,11,12,13	65	64	544	26|5|6|3|2|0|10|5|1|1|1|1
GA	Equcab	LTR	ERV1	LTR1420_EC	chr14:87509255-87509936-	chr18:69596713-69597524+	24	67	0	106,113,125,126,127,63,66,73,77,87,98	105,112,124,125,126,63,66,73,77,87,98	2	4,5,6,7,8,9,10,11,12,13,14	65	64	577	24|7|1|1|4|6|12|5|1|3|3|0
GA	Equcab	LTR	ERV1	LTR1420_EC	chr14:87509255-87509936-	chr23:340415-341052+	24	65	0	106,110,113,125,126,127,63,66,73,77,87,91,98	105,109,112,124,125,126,63,66,73,77,87,91,98	2	5,6,7,8,9,10,11,12,13,14,15,16,17	65	64	543	24|4|4|2|2|6|11|3|3|2|0|4
GA	Equcab	LTR	ERV1	LTR1420_EC	chr14:87509255-87509936-	chr7:52514072-52514708-	28	62	0	106,113,125,126,127,63,66,73,77,87	105,112,124,125,126,63,66,73,77,87	2	7,8,9,10,11,12,13,14,15,16	65	64	542	28|4|3|2|4|1|11|6|1|0|1|1
GA	Equcab	LTR	ERV1	LTR1420_EC	chr14:87509255-87509936-	chr17:41749941-41750579-	27	60	0	106,113,125,126,127,63,66,73,77,87,98	104,111,123,124,125,62,65,72,76,86,97	2	5,6,7,8,9,10,11,12,13,14,15	65	64	544	27|6|3|2|1|2|9|4|2|1|0|3
GA	Equcab	LTR	ERV1	LTR1420_EC	chr14:87509255-87509936-	chrUn_NW_019642233v1:24470-25189+	26	71	0	106,113,125,126,127,63,66,73,77,87,98	105,112,124,125,126,63,66,73,77,87,98	2	5,6,7,8,9,10,11,12,13,14,15	65	64	579	26|8|4|1|3|3|13|7|2|2|1|1
GA	Equcab	LTR	ERV1	LTR1420_EC	chr14:87509255-87509936-	chrUn_NW_019642233v1:22054-22772-	26	70	0	106,113,125,126,127,63,66,73,77,87,98	105,112,124,125,126,63,66,73,77,87,98	2	5,6,7,8,9,10,11,12,13,14,15	65	64	579	26|8|4|1|3|3|13|7|2|1|1|1
GA	Equcab	LTR	ERV1	LTR1420_EC	chr14:87509255-87509936-	chrX:43371902-43372542+	28	62	0	106,113,125,126,127,63,66,73,77,87,98	105,112,124,125,126,63,66,73,77,87,98	2	5,6,7,8,9,10,11,12,13,14,15	65	64	544	28|5|4|1|2|4|11|3|1|0|1|2
GA	Equcab	LTR	ERV1	LTR1420_EC	chr14:87509255-87509936-	chr27:31412863-31413500-	28	63	0	106,113,125,126,127,63,64,66,73,77,87,98	105,112,124,125,126,63,64,66,73,77,87,98	2	5,6,7,8,9,10,11,12,13,14,15,16	65	64	543	28|7|4|2|4|2|10|4|0|2|0|0
GA	Equcab	LTR	ERV1	LTR1420_EC	chr14:87509255-87509936-	chr9:4678084-4678717+	25	67	0	106,113,125,126,127,63,66,73,77,84,87,98	105,112,124,125,126,63,66,73,77,84,87,98	2	3,4,5,6,7,8,9,10,11,12,13,14	65	64	541	25|4|5|2|3|5|12|2|3|4|0|2
GA	Equcab	LTR	ERV1	LTR1420_EC	chr14:87509255-87509936-	chr3:93098232-93098846+	29	70	0	106,113,125,126,127,129,63,66,73,77,87,98	105,112,124,125,126,128,63,66,73,77,87,98	2	5,6,7,8,9,10,11,12,13,14,15,16	67	66	544	29|5|6|0|3|4|10|5|3|1|1|3
GA	Equcab	LTR	ERV1	LTR1420_EC	chr14:90372136-90372730-	chr6:84629736-84630346+	21	61	0	112,50,53,54,61,62,66,73,77,89,91	111,51,54,55,62,63,67,74,78,88,90	1	1,2,3,4,5,6,7,8,9,10,11	61	61	602	21|10|3|4|1|4|5|9|1|2|1|0
GA	Equcab	LTR	ERV1	LTR1420_EC	chr14:90372136-90372730-	chr30:7125588-7126262-	16	39	0	108,112,126,127,66,73,77,87,88,90	107,111,125,126,66,73,77,87,88,90	1	1,2,3,4,5,6,7,8,9,10	61	61	490	16|6|0|1|1|4|1|9|1|0|0|0
GA	Equcab	LTR	ERV1	LTR1420_EC	chr14:90372136-90372730-	chr26:23746953-23747598+	13	26	0	108,112,53,54,61,62,66,87,88,90	108,112,53,54,61,62,66,87,88,90	1	1,2,3,4,5,6,7,8,9,10	60	60	211	13|2|1|1|1|1|2|2|1|1|1|0
GA	Equcab	LTR	ERV1	LTR1420_EC	chr15:10436301-10436964+	chr3:18220450-18221093+	19	47	0	105,111,126,129,152,47,49,52,53,60,61,65,97	106,112,126,129,152,48,50,53,54,61,62,66,98	2	1,2,3,4,5,6,7,11,12,13,14,15,16	74	105	495	19|6|0|0|1|4|5|5|1|1|3|2
GA	Equcab	LTR	ERV1	LTR1420_EC	chr15:91349391-91349951-	chr7:22889365-22889917+	25	49	0	125,126,127,152,157,50,53,54,61,62,66,73,77	126,127,128,153,158,50,53,54,61,62,66,73,77	2	1,2,3,4,5,6,7,8,13,14,15,16,17	61	109	556	25|1|2|2|1|1|6|6|1|1|1|2
GA	Equcab	LTR	ERV1	LTR1420_EC	chr15:91349391-91349951-	chr28:9431490-9432003-	19	40	0	106,113,125,126,127,45,50,53,54,61,62,66,77	106,113,125,126,127,45,50,53,54,61,62,66,77	2	1,2,3,4,5,6,7,8,10,11,12,13,14	55	83	415	19|4|1|1|0|2|5|2|2|0|1|3
GA	Equcab	LTR	ERV1	LTR1420_EC	chr15:91349391-91349951-	chr5:89976146-89976828+	14	18	0	106,113,126,152,45,50,53,54,61,62,87,98	106,113,126,154,45,50,53,54,61,62,87,98	2	1,2,3,4,5,6,9,10,11,12,13,14	86	110	196	14|0|0|0|0|0|1|1|0|1|0|1
GA	Equcab	LTR	ERV1	LTR1420_EC	chr15:92270235-92270851-	chr21:15905014-15905647+	22	60	0	106,113,125,126,127,128,152,165,176,98	101,108,120,121,122,123,147,160,171,94	1	5,6,7,8,9,10,11,12,13,14	78	78	624	22|3|6|4|3|1|7|8|0|0|2|4
GA	Equcab	LTR	ERV1	ERV1-3N-EC_I-int	chr13:8434203-8434564+	chr22:19235674-19236158-	17	42	0	265,274,276,277,279,282,294,312,331,333	277,287,289,290,292,295,303,320,340,342	1	7,8,9,10,11,12,13,14,15,16	66	66	358	17|5|2|3|0|2|1|8|1|0|1|2
GA	Equcab	LTR	ERV1	LTR1420_EC	chr16:61869620-61870334-	chr27:31412863-31413500-	21	63	0	103,110,122,123,124,61,63,66,70,74,84,95	105,112,124,125,126,64,66,69,73,77,87,98	2	2,3,4,5,6,7,8,9,10,11,12,13	64	63	534	21|9|4|3|5|4|4|9|0|2|1|1
GA	Equcab	LTR	ERV1	LTR20_EC	chr14:52053784-52054431+	chr8:4354630-4355342+	14	31	0	134,189,190,203,213,273,69,70,71,95	104,143,197,198,211,221,281,78,79,80	2	2,3,4,5,6,7,8,9,10,11	205	204	504	14|5|0|1|0|2|3|3|1|0|1|1
GA	Equcab	LTR	ERV1	LTR1420_EC	chr16:84497000-84497650-	chr3:1226882-1227546+	15	45	0	186,194,227,229,240,338,347,370,371,372,387	191,199,232,234,245,343,352,375,376,377,392	2	3,4,5,6,7,10,11,12,13,14,15	105	202	657	15|10|2|1|2|0|6|4|0|2|2|1
GA	Equcab	LTR	ERV1	LTR1420_EC	chr16:84497000-84497650-	chr28:26780021-26780634-	17	37	0	300,305,307,308,338,351,363,370,371,372,387	258,263,265,266,296,309,321,328,329,330,345	2	6,7,8,9,10,11,12,13,14,15,16	89	88	507	17|6|0|2|0|2|2|3|2|3|0|0
GA	Equcab	LTR	ERV1	LTR1420_EC	chr16:84497000-84497650-	chr5:65530913-65531545-	25	59	0	300,305,307,308,338,351,370,371,372,378,379	291,296,298,299,329,340,359,360,361,367,368	1	13,14,15,16,17,18,19,20,21,22,23	78	78	629	25|5|4|0|1|1|8|11|0|2|0|2
GA	Equcab	LTR	ERV1	LTR1420_EC	chr16:84497000-84497650-	chr7:4866336-4866907-	17	34	0	300,305,307,308,338,351,370,371,372,378,379	258,263,265,266,296,309,328,329,330,336,337	2	5,6,7,8,9,10,11,12,13,14,15	81	80	372	17|4|0|2|2|0|2|2|1|1|3|0
GA	Equcab	LTR	ERV1	LTR1420_EC	chr16:84497000-84497650-	chr30:9681899-9682619-	20	45	0	327,338,347,351,370,371,372,375,378,379,387	379,393,403,407,426,427,428,431,434,435,443	1	9,10,11,12,13,14,15,16,17,18,19	65	65	426	20|4|4|2|3|0|3|5|1|3|0|0
GA	Equcab	LTR	ERV1	LTR1420_EC	chr16:84497000-84497650-	chr2:80876358-80876881+	17	36	0	300,305,307,308,338,351,370,371,372,378,379,387	258,263,265,266,296,309,328,329,330,336,337,345	2	6,7,8,9,10,11,12,13,14,15,16,17	89	88	291	17|3|0|3|1|2|2|5|0|0|3|0
GA	Equcab	LTR	ERV1	LTR1420_EC	chr17:5011880-5012559+	chr5:89976146-89976828+	16	36	0	32,50,53,54,61,62,73,77,87,88,94	32,50,53,54,61,62,73,77,87,88,94	2	1,2,3,4,5,6,7,8,9,10,11	64	63	290	16|6|2|1|1|0|5|3|1|0|1|0
GA	Equcab	LTR	ERV1	LTR1420_EC	chr17:5354674-5355306-	chr27:31412863-31413500-	24	70	0	106,113,125,126,127,64,66,69,73,77,98	105,112,124,125,126,64,66,69,73,77,98	2	2,3,4,5,6,8,9,10,11,12,13	43	63	634	24|12|5|6|3|2|3|7|2|2|2|2
GA	Equcab	LTR	ERV1	LTR1420_EC	chr17:5354674-5355306-	chr3:18220450-18221093+	22	65	0	106,113,126,129,152,53,54,61,62,66,69,73,77,98	106,113,126,129,152,53,54,61,62,66,69,73,77,98	2	1,2,3,4,5,6,7,8,10,11,12,13,14,15	80	100	637	22|11|1|3|2|3|8|7|2|1|3|2
GA	Equcab	LTR	ERV1	LTR1420_EC	chr17:5354674-5355306-	chr7:48201893-48202536-	22	64	0	106,113,126,152,53,54,61,62,66,69,73,77,98	106,113,126,152,53,54,61,62,66,69,73,77,98	2	1,2,3,4,5,6,7,8,10,11,12,13,14	80	100	637	22|10|1|3|2|5|6|6|2|3|0|4
GA	Equcab	LTR	ERV1	LTR1420_EC	chr17:5354674-5355306-	chr6:73576807-73577447+	27	79	0	106,113,125,127,62,66,69,73,77,98	106,113,125,127,62,66,69,73,77,99	2	2,3,4,5,6,8,9,10,11,12	45	66	636	27|14|4|5|1|4|6|10|3|0|2|3
GA	Equcab	LTR	ERV1	LTR1420_EC	chr17:62026653-62026856+	chr28:9431490-9432003-	15	25	0	106,113,125,126,127,45,50,53,54,61,62	106,113,125,126,127,45,50,53,54,61,62	2	1,2,3,4,5,6,9,10,11,12,13	40	83	201	15|2|2|0|0|1|1|1|0|1|1|1
GA	Equcab	LTR	ERV1	LTR1420_EC	chr17:66916739-66917378+	chr5:58345093-58345848+	18	36	0	208,212,217,219,225,50,53,54,61,62	208,212,217,219,225,50,53,54,61,62	2	1,2,3,4,5,14,15,16,17,18	31	176	288	18|5|2|2|1|2|3|2|1|0|0|0
GA	Equcab	LTR	ERV1	LTR1420_EC	chr18:329126-329773-	chr3:18220450-18221093+	20	47	0	106,113,126,129,152,45,50,62,63,66,73,77,87,98	106,113,126,129,152,45,50,62,63,66,73,77,87,98	2	1,2,3,4,5,6,7,8,9,10,11,12,13,14	109	108	645	20|4|0|0|0|1|6|8|0|3|4|1
GA	Equcab	LTR	ERV1	LTR1420_EC	chr18:329126-329773-	chr7:48201893-48202536-	20	54	0	106,113,126,152,45,50,62,63,66,73,77,98	106,113,126,152,45,50,62,63,66,73,77,98	2	1,2,3,4,5,6,7,9,10,11,12,13	88	108	645	20|5|1|0|1|6|5|6|0|6|2|2
GA	Equcab	LTR	ERV1	LTR1420_EC	chr18:329126-329773-	chr21:25786466-25787117+	25	63	0	106,113,125,126,127,152,63,66,73,77,87,98	105,112,124,125,126,151,63,66,73,77,87,98	1	2,3,4,5,6,7,8,9,10,11,12,13	89	89	649	25|5|1|1|3|0|9|5|3|3|5|3
GA	Equcab	LTR	ERV1	LTR1420_EC	chr18:329126-329773-	chr27:31412863-31413500-	27	63	0	106,113,125,126,127,63,64,66,73,77,87,98	105,112,124,125,126,63,64,66,73,77,87,98	1	3,4,5,6,7,8,9,10,11,12,13,14	64	64	642	27|7|4|1|1|1|6|6|0|4|5|1
GA	Equcab	LTR	ERV1	LTR1420_EC	chr18:329126-329773-	chrX:43371902-43372542+	26	61	0	106,113,125,126,127,63,66,73,77,87,98	105,112,124,125,126,63,66,73,77,87,98	1	3,4,5,6,7,8,9,10,11,12,13	64	64	634	26|6|3|0|1|2|8|4|1|3|4|3
GA	Equcab	LTR	ERV1	LTR1420_EC	chr18:329126-329773-	chr7:52514072-52514708-	25	67	0	106,113,125,126,127,63,66,73,77,87	105,112,124,125,126,63,66,73,77,87	2	5,6,7,8,9,10,11,12,13,14	65	64	641	25|6|3|1|2|0|10|7|1|3|5|4
GA	Equcab	LTR	ERV1	LTR1420_EC	chr18:329126-329773-	chr27:31646482-31647122-	27	69	0	106,113,125,126,127,63,66,73,77,87,98	105,112,124,125,126,63,66,73,77,87,98	2	3,4,5,6,7,8,9,10,11,12,13	65	64	643	27|7|4|2|0|0|10|8|2|2|5|2
GA	Equcab	LTR	ERV1	LTR1420_EC	chr18:329126-329773-	chr26:23011162-23011799-	29	70	0	106,113,125,126,127,152,157,63,66,73,77,87	105,112,124,125,126,151,156,63,66,73,77,87	2	4,5,6,7,8,9,10,11,12,13,14,15	95	94	642	29|5|4|0|1|2|12|6|2|2|3|4
GA	Equcab	LTR	ERV1	LTR1420_EC	chr18:329126-329773-	chr9:4678084-4678717+	28	69	0	106,113,125,126,127,63,66,73,77,84,87,98	105,112,124,125,126,63,66,73,77,84,87,98	1	3,4,5,6,7,8,9,10,11,12,13,14	64	64	640	28|6|2|1|0|1|10|6|2|7|4|2
GA	Equcab	LTR	ERV1	LTR1420_EC	chr18:329126-329773-	chr3:93098232-93098846+	26	64	0	106,113,125,126,127,129,63,66,73,77,87,98	105,112,124,125,126,128,63,66,73,77,87,98	2	4,5,6,7,8,9,10,11,12,13,14,15	67	66	618	26|6|4|0|1|1|7|8|4|2|3|2
GA	Equcab	LTR	ERV1	LTR1420_EC	chr18:329126-329773-	chr26:22436178-22436964+	18	48	0	106,113,125,126,127,152,73,77,87,98	105,112,124,125,126,151,73,77,87,98	1	4,5,6,7,8,9,10,11,12,13	79	79	536	18|6|2|1|0|1|7|6|1|1|4|1
GA	Equcab	LTR	ERV1	LTR1420_EC	chr18:329126-329773-	chr6:73576807-73577447+	28	78	0	106,113,125,127,62,63,66,73,77,87,98	106,113,125,127,62,63,66,73,77,88,99	1	3,4,5,6,7,8,9,10,11,12,13	66	66	643	28|8|2|2|1|4|11|11|1|3|4|3
GA	Equcab	LTR	ERV1	LTR1420_EC	chr18:329126-329773-	chr21:38740282-38740964-	21	51	0	106,113,125,126,127,129,63,66,73,77,87,98	106,113,125,126,127,129,64,67,74,78,88,99	1	3,4,5,6,7,8,9,10,11,12,13,14	66	66	542	21|6|5|1|0|0|7|3|1|4|2|1
GA	Equcab	LTR	ERV1	LTR1420_EC	chr18:329126-329773-	chrX:4075170-4075847+	20	53	0	106,113,125,126,127,63,66,73,77,87,98	105,112,124,125,126,63,66,73,77,87,98	1	2,3,4,5,6,7,8,9,10,11,12	64	64	543	20|8|3|1|1|0|7|5|2|3|2|1
GA	Equcab	LTR	ERV1	LTR1420_EC	chr18:329126-329773-	chrUn_NW_019642233v1:22054-22772-	22	56	0	106,113,125,126,127,63,66,73,77,87,98	105,112,124,125,126,63,66,73,77,87,98	1	3,4,5,6,7,8,9,10,11,12,13	64	64	545	22|5|2|0|0|1|8|7|2|3|5|1
GA	Equcab	LTR	ERV1	LTR1420_EC	chr18:329126-329773-	chr18:69596713-69597524+	17	44	0	106,113,125,126,127,63,66,73,77,87,98	105,112,124,125,126,63,66,73,77,87,98	1	2,3,4,5,6,7,8,9,10,11,12	64	64	507	17|4|0|0|0|2|8|5|0|4|4|0
GA	Equcab	LTR	ERV1	LTR1420_EC	chr18:329126-329773-	chrUn_NW_019642233v1:24470-25189+	21	54	0	106,113,125,126,127,63,66,73,77,87,98	105,112,124,125,126,63,66,73,77,87,98	1	3,4,5,6,7,8,9,10,11,12,13	64	64	545	21|5|2|0|0|1|8|6|2|3|5|1
GA	Equcab	LTR	ERV1	LTR1420_EC	chr18:329126-329773-	chr3:31430813-31431538+	21	51	0	106,113,125,126,127,152,63,66,73,77,87,98	105,112,119,131,132,133,158,70,73,80,84,94	2	3,4,5,6,7,8,9,10,11,12,13,14	90	89	549	21|5|2|0|0|1|6|4|1|3|4|4
GA	Equcab	LTR	ERV1	LTR1420_EC	chr18:4685296-4686028-	chr3:18220450-18221093+	20	49	0	105,112,126,129,49,52,53,60,61,65,72,76,97	106,113,126,129,50,53,54,61,62,66,73,77,98	2	1,2,3,4,5,6,7,8,10,11,12,13,14	60	80	501	20|4|1|1|0|3|5|5|2|2|4|2
GA	Equcab	LTR	ERV1	LTR1420_EC	chr18:7104265-7104906-	chr5:7517054-7517670+	14	42	0	102,103,107,121,122,141,142,159,87,88,94	103,104,108,122,123,148,149,167,88,89,95	2	2,3,4,5,6,7,8,9,10,11,12	81	80	628	14|2|2|0|0|0|5|5|1|4|6|3
GA	Equcab	LTR	ERV1	LTR1420_EC	chr18:7104265-7104906-	chr8:3438460-3439085-	17	51	0	102,103,107,122,141,142,159,84,88,94	102,103,107,122,147,148,166,85,88,94	2	4,5,6,7,8,9,10,11,12,13	83	82	633	17|0|1|2|0|0|8|9|3|5|5|1
GA	Equcab	LTR	ERV1	LTR1420_EC	chr18:7104265-7104906-	chr26:22809710-22810331+	21	62	0	102,103,121,122,141,142,149,154,159,165,87,88,94	103,104,122,123,148,149,156,161,166,172,88,89,95	2	2,3,4,5,6,8,9,10,11,12,13,14,15	68	85	631	21|4|4|1|0|0|7|9|1|5|8|2
GA	Equcab	LTR	ERV1	LTR1420_EC	chr18:7104265-7104906-	chr3:66898763-66899344+	16	45	0	102,103,121,122,141,142,149,154,159,87,88,94	102,103,121,122,147,148,155,160,165,88,89,94	1	2,3,4,5,6,7,8,9,10,11,12,13	78	78	442	16|1|3|3|1|1|6|3|1|5|3|2
GA	Equcab	LTR	ERV1	LTR1420_EC	chr18:7104265-7104906-	chr28:12691128-12691829-	13	22	0	102,103,121,122,141,142,159,165,87,88,94	102,103,121,122,146,147,164,170,87,88,94	2	1,2,3,4,5,7,8,9,10,11,12	67	84	228	13|1|3|1|1|0|0|1|1|0|1|0
GA	Equcab	LTR	ERV1	LTR1420_EC	chr18:7104265-7104906-	chrX:78152720-78153393+	13	23	0	102,103,107,121,122,141,142,87,88,94	101,102,106,120,121,146,147,86,87,93	2	3,4,5,6,7,8,9,10,11,12	63	62	232	13|0|2|1|0|2|2|1|1|1|0|0
GA	Equcab	LTR	ERV1	LTR1420_EC	chr18:36084843-36085532+	chr5:58345093-58345848+	21	39	0	191,207,211,224,234,32,36,50,62,63,66,73,77	192,208,212,225,235,32,36,50,62,63,66,73,77	2	1,2,3,4,5,6,7,8,17,18,19,20,21	90	204	331	21|4|1|1|1|2|3|0|1|2|1|2
GA	Equcab	LTR	ERV1	LTR1420_EC	chr18:69588034-69588657-	chr6:73576807-73577447+	24	66	0	106,113,126,128,153,158,165,166,177,87,98	106,113,125,127,152,157,164,165,176,88,99	2	6,7,8,9,10,11,12,13,14,15,16	90	89	631	24|7|6|2|1|2|7|10|0|0|3|4
GA	Equcab	LTR	ERV1	LTR1420_EC	chr19:12695124-12695777+	chr25:23593047-23593708+	23	61	0	102,103,107,121,122,147,148,152,165,171,55,87,88,94	102,103,107,121,122,146,147,151,164,170,55,87,88,94	2	1,2,3,4,5,6,7,8,9,10,11,12,13,14	117	116	657	23|6|3|3|2|1|5|4|5|1|4|4
GA	Equcab	LTR	ERV1	LTR1420_EC	chr19:12695124-12695777+	chr3:114835438-114836072-	20	50	0	102,103,107,121,122,147,148,165,190,87,88,94	102,103,107,121,122,147,148,165,190,87,88,94	1	3,4,5,6,7,8,9,10,11,12,13,14	104	104	643	20|7|1|1|2|1|6|5|3|1|2|1
GA	Equcab	LTR	ERV1	LTR1420_EC	chr19:12695124-12695777+	chr5:7517054-7517670+	18	36	0	102,103,107,121,122,147,148,165,87,88,94	103,104,108,122,123,148,149,167,88,89,95	1	2,3,4,5,6,7,8,9,10,11,12	80	80	634	18|4|1|1|0|0|5|3|0|1|1|2
GA	Equcab	LTR	ERV1	LTR1420_EC	chr19:12695124-12695777+	chr4:97299656-97300326-	21	60	0	102,103,107,121,122,147,148,154,156,165,87,88,94	102,103,107,121,122,147,148,155,157,166,87,88,94	2	3,4,5,6,7,8,9,10,11,12,13,14,15	81	80	661	21|9|3|4|2|0|6|8|3|0|3|1
GA	Equcab	LTR	ERV1	LTR1420_EC	chr19:12695124-12695777+	chr3:51103543-51104159-	18	41	0	102,103,107,121,122,147,148,84,87,88,94	102,103,107,121,122,147,148,84,87,88,94	1	1,2,3,4,5,6,7,8,9,10,11	65	65	634	18|3|5|1|2|1|4|5|0|0|2|0
GA	Equcab	LTR	ERV1	LTR1420_EC	chr19:12695124-12695777+	chr31:6731450-6732151+	20	57	0	102,103,107,121,122,147,148,155,87,88,94	102,103,107,121,122,147,148,155,87,88,94	1	2,3,4,5,6,7,8,9,10,11,12	69	69	558	20|8|4|1|3|0|6|4|3|5|1|2
GA	Equcab	LTR	ERV1	LTR1420_EC	chr19:12695124-12695777+	chr6:81367654-81368269-	20	43	0	102,103,121,122,147,148,155,87,88,94	103,104,122,123,148,149,156,88,89,95	2	3,4,5,6,7,8,9,10,11,12	70	69	448	20|3|3|2|1|0|6|5|0|1|1|1
GA	Equcab	LTR	ERV1	LTR1420_EC	chr19:12695124-12695777+	chr21:36706358-36707041+	14	21	0	102,103,106,107,121,122,147,148,165,171,87,88,94	102,103,106,107,121,122,147,148,165,171,87,88,94	1	1,2,3,4,5,6,7,8,9,10,11,12,13	85	85	235	14|1|1|1|0|0|3|1|0|0|0|0
GA	Equcab	LTR	ERV1	LTR1420_EC	chr19:21444252-21444867-	chr27:31412863-31413500-	17	26	0	108,112,126,127,64,66,73,77,87,88	107,111,125,126,64,66,73,77,87,88	1	3,4,5,6,7,8,9,10,11,12	63	63	214	17|3|1|1|0|0|2|0|1|1|0|0
GA	Equcab	LTR	ERV1	LTR1420_EC	chr19:21444252-21444867-	chr23:340415-341052+	15	21	0	108,110,112,126,127,66,73,77,87,88,91	107,109,111,125,126,66,73,77,87,88,91	1	3,4,5,6,7,8,9,10,11,12,13	61	61	187	15|1|0|1|0|0|2|1|0|0|0|1
GA	Equcab	LTR	ERV1	LTR1420_EC	chr19:21444252-21444867-	chr21:15905014-15905647+	12	18	0	108,112,126,127,128,152,66,73,77,87,88	103,107,121,122,123,147,62,69,73,83,84	2	2,3,4,5,6,7,8,9,10,11,12	87	86	185	12|1|0|1|0|0|3|0|0|0|0|1
GA	Equcab	LTR	ERV1	LTR1420_EC	chr19:21444252-21444867-	chr21:25786466-25787117+	15	34	0	108,112,126,127,152,66,73,77,87,88	107,111,125,126,151,66,73,77,87,88	1	2,3,4,5,6,7,8,9,10,11	86	86	290	15|4|3|4|0|2|2|1|1|0|2|0
GA	Equcab	LTR	ERV1	LTR1420_EC	chr19:21444252-21444867-	chr3:93098232-93098846+	17	29	0	108,112,126,127,129,45,66,73,77,87,88	107,111,125,126,128,45,66,73,77,87,88	2	3,4,5,6,7,8,9,10,11,12,13	85	84	214	17|2|3|1|0|0|3|2|1|0|0|0
GA	Equcab	LTR	ERV1	LTR1420_EC	chr19:21444252-21444867-	chr9:10188999-10189630+	18	29	0	108,109,112,126,127,66,73,77,87,88	107,108,111,125,126,66,73,77,87,88	1	4,5,6,7,8,9,10,11,12,13	61	61	215	18|3|1|1|0|0|3|1|1|0|0|1
GA	Equcab	LTR	ERV1	LTR1420_EC	chr19:42738697-42739330+	chrX:4291546-4291920-	15	34	0	106,113,125,126,127,45,62,66,73,77,87	105,112,124,125,126,45,62,66,73,77,87	2	1,2,3,4,5,6,7,8,9,10,11	83	82	370	15|1|1|0|1|3|3|3|1|3|1|2
GA	Equcab	LTR	ERV1	LTR1420_EC	chr19:42738697-42739330+	chr5:89976146-89976828+	15	25	0	106,113,126,45,50,53,54,61,62,87,98	106,113,126,45,50,53,54,61,62,87,98	2	1,2,3,4,5,6,9,10,11,12,13	58	82	212	15|0|1|1|0|1|2|2|0|2|0|1
GA	Equcab	LTR	ERV1	LTR1420_EC	chr19:48826104-48826731-	chr7:48201893-48202536-	21	63	0	106,113,126,152,50,53,54,61,62,66,73,77,98	106,113,126,152,50,53,54,61,62,66,73,77,98	2	2,3,4,5,6,7,8,9,11,12,13,14,15	83	103	606	21|8|1|3|1|4|5|9|0|5|2|4
GA	Equcab	LTR	ERV1	LTR1420_EC	chr19:61346536-61347128+	chr27:31646482-31647122-	18	35	0	105,112,12,124,125,126,35,65,72,76,97	105,112,12,124,125,126,36,66,73,77,98	2	1,2,3,4,5,7,8,9,10,11,12	95	115	277	18|2|2|3|0|0|2|3|2|1|1|1
GA	Equcab	LTR	ERV1	LTR1420_EC	chr2:1877644-1878272-	chr21:42003685-42004325+	27	61	0	106,107,113,126,127,152,293,297,300,304,306,98	105,106,112,125,126,151,293,297,300,304,306,98	2	9,10,11,12,13,14,15,20,21,22,23,24	68	209	634	27|6|5|4|2|0|6|4|2|0|2|3
GA	Equcab	LTR	ERV1	LTR1420_EC	chr2:1877644-1878272-	chr3:109361562-109362200-	21	57	0	106,107,113,126,127,293,297,300,304,306,63	106,107,113,126,127,295,299,302,306,308,63	2	4,5,6,7,8,9,13,14,15,16,17	79	246	633	21|7|5|2|2|1|7|5|3|1|1|2
GA	Equcab	LTR	ERV1	LTR1420_EC	chr2:1877644-1878272-	chr5:89976146-89976828+	20	48	0	106,107,113,32,36,50,62,63,87,98	106,107,113,32,36,50,62,63,87,98	2	1,2,3,4,5,8,9,10,11,12	59	82	539	20|6|3|2|1|1|6|2|1|4|1|1
GA	Equcab	LTR	ERV1	LTR1420_EC	chr2:1877644-1878272-	chr9:2063078-2063715+	26	65	0	106,107,113,126,127,293,297,300,304,306,87,98	104,105,111,124,125,292,296,299,303,305,86,97	2	6,7,8,9,10,11,12,17,18,19,20,21	54	220	632	26|5|3|2|3|1|7|8|4|1|2|3
GA	Equcab	LTR	ERV1	LTR1420_EC	chr2:1877644-1878272-	chr9:315050-315692-	25	71	0	106,107,113,123,126,127,293,297,300,304,306,87,98	105,106,112,122,125,126,293,297,300,304,306,87,98	2	7,8,9,10,11,12,13,14,19,20,21,22,23	54	220	635	25|9|5|4|1|2|9|5|2|0|6|3
GA	Equcab	LTR	ERV1	LTR1420_EC	chr2:1877644-1878272-	chr21:24429227-24429863+	23	66	0	106,107,113,126,127,293,297,300,304,306,87,98	105,106,112,125,126,293,297,300,304,306,87,98	2	7,8,9,10,11,12,13,17,18,19,20,21	54	220	632	23|10|5|1|2|1|8|5|5|0|3|3
GA	Equcab	LTR	ERV1	LTR1420_EC	chr2:1877644-1878272-	chr22:22742691-22743309-	23	66	0	104,107,113,126,127,152,293,297,300,304,306,87,98	108,109,134,275,279,282,286,288,70,81,86,89,95	2	7,8,9,10,11,12,13,14,17,18,19,20,21	79	219	614	23|8|5|2|1|1|10|6|3|0|4|3
GA	Equcab	LTR	ERV1	LTR1420_EC	chr2:1877644-1878272-	chr9:4678084-4678717+	27	66	0	106,107,113,126,127,293,297,300,304,306,63,66,73,77,84,87,98	105,106,112,125,126,293,297,300,304,306,63,66,73,77,84,87,98	3	3,4,5,6,7,8,9,10,11,12,13,14,18,19,20,21,22	79	244	630	27|5|5|2|1|0|7|3|3|7|3|3
GA	Equcab	LTR	ERV1	LTR1420_EC	chr2:1877644-1878272-	chr27:31646482-31647122-	26	71	0	106,107,113,126,127,293,297,300,304,306,98	105,106,112,125,126,293,297,300,304,306,98	2	8,9,10,11,12,13,19,20,21,22,23	43	209	634	26|10|7|1|1|0|8|7|3|0|5|3
GA	Equcab	LTR	ERV1	LTR1420_EC	chr2:1877644-1878272-	chr20:48323153-48323793-	27	73	0	106,107,113,126,127,293,297,300,304,306,98	106,107,113,126,127,294,298,301,305,307,99	2	8,9,10,11,12,13,18,19,20,21,22	43	209	634	27|10|7|2|2|1|9|5|2|1|4|3
GA	Equcab	LTR	ERV1	LTR1420_EC	chr2:1877644-1878272-	chr7:52514072-52514708-	26	71	0	106,107,113,126,127,293,297,300,304,306	105,106,112,125,126,292,296,299,303,305	2	12,13,14,15,16,20,21,22,23,24	36	201	632	26|8|6|3|3|0|9|8|2|1|1|4
GA	Equcab	LTR	ERV1	LTR1420_EC	chr2:1877644-1878272-	chr27:31412863-31413500-	29	72	0	106,107,113,126,127,293,300,304,306,313,63,64,66,73,77,87,98	105,106,112,125,126,290,297,301,303,310,63,64,66,73,77,87,98	3	5,6,7,8,9,10,11,12,13,14,15,16,20,21,22,23,24	86	248	632	29|10|7|2|3|1|7|5|1|2|3|2
GA	Equcab	LTR	ERV1	LTR1420_EC	chr2:1877644-1878272-	chr21:15905014-15905647+	30	68	0	106,107,113,126,127,128,152,293,297,300,304,306,98	101,102,108,121,122,123,147,289,293,296,300,302,94	2	9,10,11,12,13,14,15,16,19,20,21,22,23	68	209	630	30|7|5|3|1|0|8|5|2|2|2|3
GA	Equcab	LTR	ERV1	LTR1420_EC	chr2:1877644-1878272-	chr26:10571284-10571885-	21	57	0	106,107,113,126,127,293,297,300,304,306,87,98	257,261,264,268,270,51,62,69,70,76,89,90	2	4,5,6,7,8,9,10,16,17,18,19,20	54	220	596	21|9|6|2|1|1|6|6|1|0|1|3
GA	Equcab	LTR	ERV1	LTR1420_EC	chr2:1877644-1878272-	chrX:43371902-43372542+	29	68	0	106,107,113,126,127,293,297,300,304,306,87,98	105,106,112,125,126,293,297,300,304,306,87,98	2	9,10,11,12,13,14,15,20,21,22,23,24	54	220	625	29|9|5|1|2|2|8|5|2|0|2|3
GA	Equcab	LTR	ERV1	LTR1420_EC	chr2:1877644-1878272-	chr2:28117323-28117963-	25	69	0	106,107,113,126,127,17,19,32,36,7,98	106,107,113,126,127,17,19,33,37,7,99	2	1,2,3,4,5,10,11,12,13,14,15	60	121	634	25|10|6|2|1|1|9|7|2|2|2|2
GA	Equcab	LTR	ERV1	LTR1420_EC	chr2:1877644-1878272-	chr26:23011162-23011799-	31	74	0	113,126,127,152,157,293,297,300,304,306	112,125,126,151,156,291,295,298,302,304	2	13,14,15,16,17,20,21,22,23,24	59	193	632	31|6|6|1|2|2|11|5|3|0|2|5
GA	Equcab	LTR	ERV1	LTR1420_EC	chr2:1877644-1878272-	chrX:73457309-73457965+	26	76	0	106,107,113,293,297,300,304,306,87,98	105,106,112,309,313,316,320,322,87,98	2	8,9,10,11,12,18,19,20,21,22	40	236	642	26|14|6|1|1|3|10|6|3|2|1|3
GA	Equcab	LTR	ERV1	LTR1420_EC	chr2:1877644-1878272-	chr3:31430813-31431538+	24	59	0	106,107,113,126,127,152,293,297,300,304,306	112,113,119,132,133,158,300,304,307,311,313	2	9,10,11,12,13,14,18,19,20,21,22	61	202	545	24|8|5|1|0|0|6|5|2|1|3|4
GA	Equcab	LTR	ERV1	LTR1420_EC	chr2:1877644-1878272-	chrX:4075170-4075847+	24	61	0	106,107,113,126,127,293,297,300,304,306,87,98	105,106,112,125,126,291,296,299,303,305,87,98	2	8,9,10,11,12,13,14,17,18,19,20,21	55	219	539	24|10|4|2|2|1|6|5|3|1|1|2
GA	Equcab	LTR	ERV1	LTR1420_EC	chr2:1877644-1878272-	chr8:90100323-90100998+	26	62	0	106,107,113,126,127,293,297,300,304,306,316	105,106,112,125,126,293,297,300,304,306,316	2	10,11,12,13,14,18,19,20,21,22,23	46	212	537	26|8|4|2|1|2|8|4|2|1|1|3
GA	Equcab	LTR	ERV1	LTR1420_EC	chr2:1877644-1878272-	chr2:33805685-33806366+	27	64	0	106,107,113,126,127,17,19,293,297,300,304,306,32,36,7,98	105,106,112,125,126,17,19,293,297,300,304,306,32,36,7,98	3	1,2,3,4,5,11,12,13,14,15,16,19,20,21,22,23	73	300	538	27|7|6|2|1|3|10|3|1|1|1|2
GA	Equcab	LTR	ERV1	LTR1420_EC	chr2:1877644-1878272-	chr5:7530585-7531207-	26	68	0	106,107,113,126,127,297,300,304,306,315,98	100,113,114,284,287,291,293,302,86,93,94	2	6,7,8,9,10,11,15,16,17,18,19	48	217	624	26|8|4|4|1|2|8|7|2|2|2|2
GA	Equcab	LTR	ERV1	LTR1420_EC	chr2:1877644-1878272-	chr21:38740282-38740964-	28	65	0	106,107,113,126,127,129,293,297,300,304,306,87,98	106,107,113,126,127,129,294,298,301,305,307,88,99	2	9,10,11,12,13,14,15,16,20,21,22,23,24	56	220	538	28|8|6|2|2|1|8|2|2|1|3|2
GA	Equcab	LTR	ERV1	LTR1420_EC	chr2:1877644-1878272-	chr8:74011592-74012170-	26	67	0	106,107,113,126,127,152,160,161,293,297,300,304,306,98	105,106,112,125,126,151,159,160,286,290,293,297,299,98	2	9,10,11,12,13,14,15,16,17,20,21,22,23,24	77	202	543	26|6|5|2|1|2|10|3|4|2|4|2
GA	Equcab	LTR	ERV1	LTR1420_EC	chr2:6743476-6744071+	chr25:23593047-23593708+	13	36	0	102,106,120,121,122,150,151,65,87,88,94	103,107,121,122,123,150,151,65,87,88,94	2	2,3,4,5,6,7,8,9,10,11,12	88	87	441	13|5|3|0|1|0|6|2|3|1|0|2
GA	Equcab	LTR	ERV1	LTR1420_EC	chr2:15421110-15421730+	chr3:18220450-18221093+	23	56	0	106,113,119,127,130,153,50,53,54,61,62,66,73,77,98	106,113,119,126,129,152,50,53,54,61,62,66,73,77,98	2	3,4,5,6,7,8,9,10,12,13,14,15,16,17,18	83	103	631	23|6|0|1|1|2|8|8|1|1|2|3
GA	Equcab	LTR	ERV1	LTR1420_EC	chr2:15421110-15421730+	chr7:48201893-48202536-	24	59	0	106,113,119,127,153,50,53,54,61,62,66,73,77,98	106,113,119,126,152,50,53,54,61,62,66,73,77,98	2	3,4,5,6,7,8,9,10,12,13,14,15,16,17	83	103	631	24|6|0|1|1|4|7|7|1|4|0|4
GA	Equcab	LTR	ERV1	LTR1420_EC	chr2:34316252-34316762-	chr7:22889365-22889917+	14	27	0	102,117,118,119,146,147,150,53,54,66,77	108,126,127,128,155,156,158,53,54,66,77	2	2,3,4,5,6,7,8,9,10,11,12	107	106	414	14|1|0|1|0|0|0|5|1|0|3|2
GA	Equcab	LTR	ERV1	LTR1420_EC	chr2:45581111-45581735+	chr21:15905014-15905647+	23	62	0	106,113,125,126,127,128,281,284,300,325,344,98	101,108,120,121,122,123,293,296,312,337,357,94	2	5,6,7,8,9,10,11,16,17,18,19,20	95	264	616	23|11|3|1|2|1|6|6|1|3|0|5
GA	Equcab	LTR	ERV1	LTR1420_EC	chr2:78127508-78128056-	chr28:9431490-9432003-	17	39	0	106,113,125,126,127,32,36,50,62,66,77	106,113,125,126,127,32,36,50,62,66,77	2	1,2,3,4,5,6,8,9,10,11,12	68	96	412	17|7|2|2|2|1|3|1|2|0|1|1
GA	Equcab	LTR	ERV1	LTR1420_EC	chr20:4135842-4136441+	chr3:17755209-17755826-	20	58	0	102,103,107,121,122,147,148,155,160,165,87,88,94	102,103,107,121,122,147,148,155,160,165,87,88,94	2	3,4,5,6,7,8,9,10,11,12,13,14,15	80	79	579	20|5|4|2|0|0|4|6|4|4|5|4
GA	Equcab	LTR	ERV1	LTR1420_EC	chr20:4135842-4136441+	chr4:97299656-97300326-	16	38	0	102,103,107,121,122,147,148,154,156,165,87,88,94	102,103,107,121,122,147,148,155,157,166,87,88,94	2	3,4,5,6,7,8,9,10,11,12,13,14,15	81	80	462	16|5|2|3|0|0|6|3|1|0|1|1
GA	Equcab	LTR	ERV1	LTR1420_EC	chr20:4135842-4136441+	chr6:61412270-61412909+	15	25	0	102,103,107,121,122,147,148,155,160,165,87,88,94	104,105,109,123,124,149,150,157,162,167,89,90,96	2	2,3,4,5,6,7,8,9,10,11,12,13,14	80	79	231	15|1|1|1|0|0|2|2|0|0|2|1
GA	Equcab	LTR	ERV1	LTR1420_EC	chr20:4135842-4136441+	chr30:16949005-16949657-	16	23	0	102,103,107,121,122,147,148,155,160,165,87,88,94	113,114,120,128,129,133,147,148,172,173,180,185,190	2	3,4,5,6,7,8,9,10,11,12,13,14,15	79	78	190	16|1|0|0|0|0|4|1|0|0|0|1
GA	Equcab	LTR	ERV1	LTR1420_EC	chr21:24290402-24290998-	chrX:4291546-4291920-	15	40	0	106,113,119,125,126,127,45,62,66,73,77,87	105,112,118,124,125,126,45,62,66,73,77,87	2	2,3,4,5,6,7,8,9,10,11,12,13	83	82	374	15|1|1|0|2|2|5|4|4|4|0|2
GA	Equcab	LTR	ERV1	LTR1420_EC	chr22:1933703-1934104+	chrX:4291546-4291920-	14	34	0	106,113,125,126,127,45,62,66,73,77,87	105,112,124,125,126,45,62,66,73,77,87	2	1,2,3,4,5,6,7,8,9,10,11	83	82	371	14|1|3|0|1|2|3|3|1|3|0|3
GA	Equcab	LTR	ERV1	LTR1420_EC	chr22:6222146-6223065+	chrX:4291546-4291920-	13	35	0	107,114,126,127,128,46,63,67,74,78,88	105,112,124,125,126,45,62,66,73,77,87	2	2,3,4,5,6,7,8,9,10,11,12	83	82	374	13|1|3|1|1|3|2|3|1|3|1|3
GA	Equcab	LTR	ERV1	LTR1420_EC	chr22:6330083-6331002+	chrX:4291546-4291920-	13	35	0	107,114,126,127,128,46,63,67,74,78,88	105,112,124,125,126,45,62,66,73,77,87	2	2,3,4,5,6,7,8,9,10,11,12	83	82	374	13|1|3|1|1|3|2|3|1|3|1|3
GA	Equcab	LTR	ERV1	LTR1420_EC	chr22:36281201-36281875-	chr3:18220450-18221093+	18	50	0	106,113,127,130,50,53,54,61,62,66,73,77,98	106,113,126,129,50,53,54,61,62,66,73,77,98	2	2,3,4,5,6,7,8,9,11,12,13,14,15	60	80	505	18|7|0|4|1|2|6|5|1|0|4|2
GA	Equcab	LTR	ERV1	LTR1420_EC	chr23:53522010-53522638-	chr3:18220450-18221093+	24	68	0	100,106,113,119,126,129,45,50,53,54,61,62,98	100,106,113,119,126,129,45,50,53,54,61,62,98	2	1,2,3,4,5,6,10,11,12,13,14,15,16	50	85	635	24|7|0|1|4|1|8|10|2|2|4|5
GA	Equcab	LTR	ERV1	LTR1420_EC	chr24:13801872-13802502-	chrX:4291546-4291920-	15	33	0	106,113,125,126,127,45,62,66,73,77,87	105,112,124,125,126,45,62,66,73,77,87	2	2,3,4,5,6,7,8,9,10,11,12	83	82	371	15|3|1|1|1|2|1|4|1|2|0|2
GA	Equcab	LTR	ERV1	LTR1420_EC	chr24:13801872-13802502-	chr7:22889365-22889917+	18	24	0	125,126,127,152,157,50,53,54,61,62,66,73,77	126,127,128,153,158,50,53,54,61,62,66,73,77	2	2,3,4,5,6,7,8,9,14,15,16,17,18	61	109	203	18|0|1|1|1|0|0|1|1|0|0|1
GA	Equcab	LTR	ERV1	LTR1420_EC	chr24:13801872-13802502-	chr26:8279162-8279842-	13	18	0	106,113,125,126,127,41,62,66,73,77,87	105,112,124,125,126,41,62,66,73,77,87	2	2,3,4,5,6,7,8,9,10,11,12	87	86	179	13|0|1|1|1|0|0|1|0|0|0|1
GA	Equcab	LTR	ERV1	LTR1420_EC	chr24:13801872-13802502-	chr5:89976146-89976828+	16	24	0	106,113,126,152,45,50,53,54,61,62,87,98	106,113,126,154,45,50,53,54,61,62,87,98	2	2,3,4,5,6,7,10,11,12,13,14,15	86	110	212	16|0|1|2|1|0|0|2|0|1|0|1
GA	Equcab	LTR	ERV1	LTR1420_EC	chr24:16322995-16323627+	chrX:4291546-4291920-	13	34	0	106,113,125,126,127,45,62,66,73,77	105,112,124,125,126,45,62,66,73,77	2	2,3,4,5,6,7,8,9,10,11	83	82	370	13|2|2|0|2|2|5|2|2|2|0|2
GA	Equcab	LTR	ERV1	LTR1420_EC	chr24:28073122-28073774+	chr5:89976146-89976828+	27	78	0	106,113,127,149,50,53,54,61,62,87,98	106,113,126,150,50,53,54,61,62,87,98	2	3,4,5,6,7,10,11,12,13,14,15	77	101	661	27|8|1|2|3|2|6|10|3|7|3|6
GA	Equcab	LTR	ERV1	LTR1420_EC	chr26:7310692-7311314-	chr3:51103543-51104159-	20	45	0	102,103,107,121,122,146,147,84,87,88,94,96	102,103,107,121,122,147,148,84,87,88,94,96	1	1,2,3,4,5,6,7,8,9,10,11,12	65	65	619	20|3|6|1|2|1|2|4|0|1|4|1
GA	Equcab	LTR	ERV1	LTR1420_EC	chr26:7310692-7311314-	chr8:83835790-83836410+	16	42	0	102,103,107,121,122,146,147,84,87,88,94	102,103,107,121,122,147,148,84,87,88,94	1	1,2,3,4,5,6,7,8,9,10,11	65	65	621	16|4|3|4|1|0|5|2|2|3|1|1
GA	Equcab	LTR	ERV1	LTR1420_EC	chr26:7310692-7311314-	chr5:7517054-7517670+	20	44	0	102,103,107,121,122,146,147,87,88,94,96	103,104,108,122,123,148,149,88,89,95,97	1	2,3,4,5,6,7,8,9,10,11,12	62	62	619	20|4|4|2|0|0|5|2|0|3|2|2
GA	Equcab	LTR	ERV1	LTR1420_EC	chr26:7310692-7311314-	chrX:74675911-74676536-	20	53	0	102,103,107,121,122,146,152,88,94,96	103,104,108,122,123,145,151,89,95,97	1	3,4,5,6,7,8,9,10,11,12	63	63	623	20|4|5|3|2|1|8|4|0|2|2|2
GA	Equcab	LTR	ERV1	LTR1420_EC	chr26:7310692-7311314-	chr3:114835438-114836072-	20	41	0	102,103,107,121,122,146,147,87,88,94,96	102,103,107,121,122,147,148,87,88,94,96	1	3,4,5,6,7,8,9,10,11,12,13	62	62	628	20|5|3|2|2|0|5|1|0|3|0|0
GA	Equcab	LTR	ERV1	LTR1420_EC	chr26:7310692-7311314-	chr6:68728207-68728821+	19	46	0	102,103,107,121,122,146,147,84,87,88,94,96	102,103,107,121,122,147,148,84,87,88,94,96	2	1,2,3,4,5,6,7,8,9,10,11,12	66	65	618	19|4|3|4|1|0|3|6|2|2|1|1
GA	Equcab	LTR	ERV1	LTR1420_EC	chr26:7310692-7311314-	chr6:81367654-81368269-	20	48	0	102,103,121,122,146,147,159,170,87,88,94,96	103,104,122,123,148,149,161,172,88,89,95,97	2	3,4,5,6,7,8,9,10,11,12,13,14	86	85	615	20|3|6|3|1|0|4|6|1|3|1|0
GA	Equcab	LTR	ERV1	LTR1420_EC	chr26:7310692-7311314-	chrX:90516033-90516648+	14	39	0	102,103,107,121,122,144,147,87,88,94,96	100,102,108,109,113,127,128,150,153,93,94	1	2,3,4,5,6,7,8,9,10,11,12	61	61	528	14|1|2|3|1|0|7|5|0|2|2|2
GA	Equcab	LTR	ERV1	LTR1420_EC	chr26:7310692-7311314-	chr31:6731450-6732151+	18	46	0	102,103,107,121,122,146,147,87,88,94,96	102,103,107,121,122,147,148,87,88,94,96	1	2,3,4,5,6,7,8,9,10,11,12	62	62	521	18|5|4|1|2|0|4|4|2|4|1|1
GA	Equcab	LTR	ERV1	LTR1420_EC	chr26:7310692-7311314-	chr5:30020299-30020885+	18	41	0	102,103,107,121,122,146,147,88,94,96	103,104,108,122,123,148,149,89,95,97	1	2,3,4,5,6,7,8,9,10,11	61	61	484	18|3|1|2|2|0|4|5|0|2|3|1
GA	Equcab	LTR	ERV1	LTR1420_EC	chr26:7310692-7311314-	chr6:61412270-61412909+	15	27	0	102,103,107,121,122,144,147,87,88,94,96	104,105,109,123,124,146,149,89,90,96,98	1	2,3,4,5,6,7,8,9,10,11,12	61	61	230	15|1|1|1|0|0|2|1|1|2|3|0
GA	Equcab	LTR	ERV1	LTR1420_EC	chr26:27477506-27478055-	chr28:9431490-9432003-	17	40	0	108,112,113,125,126,127,26,32,53,54,66,77	108,112,113,125,126,127,26,32,53,54,66,77	2	1,2,3,4,5,6,7,8,9,10,11,12	103	102	413	17|4|1|0|0|0|8|2|2|1|3|2
GA	Equcab	LTR	ERV1	LTR1420_EC	chr27:5538597-5539156+	chr7:22889365-22889917+	28	56	0	156,157,159,160,162,251,50,53,54,61,62,66,73,77	152,153,155,156,158,247,50,53,54,61,62,66,73,77	2	2,3,4,5,6,7,8,9,16,17,18,19,20,21	124	198	555	28|4|1|0|1|2|9|6|3|1|1|0
GA	Equcab	LTR	ERV1	LTR1420_EC	chr27:5538597-5539156+	chr28:9431490-9432003-	21	45	0	156,159,160,182,251,45,50,53,54,61,62,66,77	151,154,155,177,246,45,50,53,54,61,62,66,77	2	2,3,4,5,6,7,8,9,16,17,18,19,20	129	202	418	21|6|0|0|0|1|6|5|3|0|3|0
GA	Equcab	LTR	ERV1	LTR20_EC	chr22:39641913-39642516+	chr24:19179010-19179832-	19	49	0	104,105,141,147,148,155,160,171,84,88,96	113,117,125,132,133,160,166,167,174,179,190	2	3,4,5,6,7,8,9,10,11,12,13	79	78	504	19|5|3|1|3|0|3|7|0|0|5|3
GA	Equcab	LTR	ERV1	LTR1420_EC	chr27:21466887-21467399-	chr7:22889365-22889917+	20	34	0	125,126,127,152,157,62,63,66,73,77	126,127,128,153,158,62,63,66,73,77	2	4,5,6,7,8,13,14,15,16,17	49	97	415	20|3|0|3|0|0|2|2|1|0|2|1
GA	Equcab	LTR	ERV1	LTR1420_EC	chr27:21466887-21467399-	chr3:18220450-18221093+	14	22	0	106,113,126,129,152,62,63,66,73,77	106,113,126,129,152,62,63,66,73,77	2	3,4,5,6,7,10,11,12,13,14	63	91	203	14|0|1|3|0|0|0|1|0|1|1|1
GA	Equcab	LTR	ERV1	LTR1420_EC	chr29:4661336-4661713+	chrX:4291546-4291920-	13	35	0	106,113,125,126,127,45,62,66,73,77,87	105,112,124,125,126,45,62,66,73,77,87	2	1,2,3,4,5,6,7,8,9,10,11	83	82	369	13|4|3|0|2|0|4|2|2|1|2|2
GA	Equcab	LTR	ERV1	LTR1420_EC	chr3:527579-528145+	chr4:107729372-107729958+	18	46	0	102,103,107,122,147,148,153,165,171,203,206	102,103,107,122,147,148,153,165,171,203,206	1	5,6,7,8,9,10,11,12,13,14,15	105	105	576	18|5|3|0|3|0|4|8|0|2|2|1
GA	Equcab	LTR	ERV1	LTR1420_EC	chr3:527579-528145+	chr5:7517054-7517670+	13	28	0	102,103,107,121,122,147,148,165,87,88,94	103,104,108,122,123,148,149,167,88,89,95	1	2,3,4,5,6,7,8,9,10,11,12	80	80	437	13|2|1|0|2|0|5|1|0|2|1|1
GA	Equcab	LTR	ERV1	LTR1420_EC	chr3:527579-528145+	chr3:51103543-51104159-	14	32	0	102,103,107,121,122,147,148,84,87,88,94	102,103,107,121,122,147,148,84,87,88,94	1	1,2,3,4,5,6,7,8,9,10,11	65	65	437	14|2|4|0|3|0|3|3|0|1|2|0
GA	Equcab	LTR	ERV1	LTR1420_EC	chr3:527579-528145+	chr3:114835438-114836072-	16	36	0	102,103,107,121,122,147,148,165,190,87,88,94	102,103,107,121,122,147,148,165,190,87,88,94	1	3,4,5,6,7,8,9,10,11,12,13,14	104	104	438	16|6|1|1|1|0|4|1|2|2|1|1
GA	Equcab	LTR	ERV1	LTR1420_EC	chr3:527579-528145+	chr31:6731450-6732151+	16	36	0	102,103,107,121,122,147,148,155,87,88,94	102,103,107,121,122,147,148,155,87,88,94	1	2,3,4,5,6,7,8,9,10,11,12	69	69	434	16|3|2|0|2|0|5|1|1|4|1|1
GA	Equcab	LTR	ERV1	LTR1420_EC	chr3:527579-528145+	chr4:97299656-97300326-	17	39	0	102,103,107,121,122,147,148,154,156,165,87,88,94	102,103,107,121,122,147,148,155,157,166,87,88,94	2	3,4,5,6,7,8,9,10,11,12,13,14,15	81	80	436	17|5|2|1|2|0|6|3|0|1|1|1
GA	Equcab	LTR	ERV1	LTR1420_EC	chr3:527579-528145+	chr6:81367654-81368269-	18	43	0	102,103,121,122,147,148,155,87,88,94	103,104,122,123,148,149,156,88,89,95	2	3,4,5,6,7,8,9,10,11,12	70	69	471	18|3|2|0|1|1|7|5|1|1|2|2
GA	Equcab	LTR	ERV1	LTR1420_EC	chr3:527579-528145+	chrX:90516033-90516648+	15	39	0	102,103,107,121,122,147,148,154,87,88,94	100,108,109,113,127,128,153,154,161,93,94	1	1,2,3,4,5,6,7,8,9,10,11	69	69	442	15|2|0|1|1|0|12|3|0|1|2|2
GA	Equcab	LTR	ERV1	LTR1420_EC	chr3:58066265-58066881+	chr9:4678084-4678717+	20	53	0	105,112,129,130,131,45,66,73,77,84,87,97	105,112,124,125,126,45,66,73,77,84,87,98	2	1,2,3,4,5,6,7,8,9,10,11,12	83	82	624	20|6|1|3|0|2|4|7|2|4|1|3
GA	Equcab	LTR	ERV1	LTR20_EC	chr27:711695-712368+	chr8:4354630-4355342+	11	20	0	183,195,196,197,203,218,278,309,419,468	184,197,198,199,206,221,281,312,422,471	2	2,3,4,5,6,7,8,9,10,11	289	288	400	11|3|0|1|1|0|1|2|0|0|1|0
GA	Equcab	LTR	ERV1	LTR1420_EC	chr31:4223263-4223864-	chr9:4678084-4678717+	20	50	0	108,109,110,28,49,56,60,67,70,81,89,96	105,112,124,125,126,45,66,73,77,84,87,98	2	1,2,3,4,5,6,7,8,9,10,11,12	83	82	588	20|6|3|1|3|0|3|2|2|5|2|3
GA	Equcab	LTR	ERV1	LTR1420_EC	chr4:18106823-18107425-	chr5:58345093-58345848+	20	32	0	191,206,210,215,217,223,45,50,53,54,61,62,73,77,87	192,208,212,217,219,225,45,50,53,54,61,62,73,77,87	2	1,2,3,4,5,6,7,8,9,15,16,17,18,19,20	77	181	286	20|2|3|1|1|0|1|2|1|0|0|1
GA	Equcab	LTR	ERV1	LTR1420_EC	chr4:64685438-64686244+	chr5:89976146-89976828+	20	56	0	106,113,126,32,36,43,50,62,63,87,98	106,113,126,32,36,43,50,62,63,87,98	2	1,2,3,4,5,6,9,10,11,12,13	72	95	589	20|9|3|2|1|1|5|5|3|5|1|1
GA	Equcab	LTR	ERV1	LTR1420_EC	chr4:64685438-64686244+	chr9:4678084-4678717+	26	56	0	106,113,125,126,127,63,66,73,77,84,87,98	105,112,124,125,126,63,66,73,77,84,87,98	2	4,5,6,7,8,9,10,11,12,13,14,15	65	64	546	26|4|3|1|2|1|6|2|3|4|1|3
GA	Equcab	LTR	ERV1	LTR1420_EC	chr4:64685438-64686244+	chrX:69639396-69640036-	27	62	0	106,113,125,126,127,152,156,17,32,36,43,7,87,98	105,112,124,125,126,151,155,17,32,36,43,7,87,98	2	1,2,3,4,5,10,11,12,13,14,15,16,17,18	106	149	550	27|7|5|1|2|1|7|5|5|0|1|1
GA	Equcab	LTR	ERV1	LTR1420_EC	chr4:64685438-64686244+	chr7:75732091-75732716-	28	65	0	106,113,126,127,32,36,39,43,66,87,98	101,113,114,32,36,39,43,55,76,87,94	2	2,3,4,5,6,9,10,11,12,13,14	63	83	543	28|5|4|3|1|2|6|6|4|1|3|2
GA	Equcab	LTR	ERV1	LTR1420_EC	chr4:67628620-67629291-	chrX:4291546-4291920-	15	43	0	106,113,125,126,127,62,63,66,73,77	105,112,124,125,126,62,63,66,73,77	2	2,3,4,5,6,8,9,10,11,12	38	65	375	15|4|2|1|1|1|6|7|2|3|0|1
GA	Equcab	LTR	ERV1	LTR1420_EC	chr5:2249680-2250180-	chr7:48201893-48202536-	23	53	0	106,108,113,127,152,153,50,53,54,61,62,66,73,77,98	106,108,113,126,151,152,50,53,54,61,62,66,73,77,98	2	2,3,4,5,6,7,8,9,11,12,13,14,15,16,17	83	103	500	23|5|0|1|2|4|5|8|0|3|0|2
GA	Equcab	LTR	ERV1	MER34A1_EC	chr14:48134595-48135172-	chr21:41213263-41213840+	12	31	0	106,179,205,258,409,425,442,444,461,60	106,179,205,258,409,425,442,444,461,60	2	2,3,4,5,6,8,9,10,11,12	252	402	577	12|1|3|1|0|0|3|7|1|2|0|1
GA	Equcab	LTR	ERV1	LTR1420_EC	chr6:57046610-57047241-	chrX:74499086-74499774-	15	26	0	102,103,107,109,148,165,171,185,186,206,87,88,94	102,103,107,109,147,164,170,184,185,209,87,88,94	2	1,2,3,4,5,6,7,9,10,11,12,13,14	86	123	236	15|2|3|1|1|0|2|0|1|1|0|0
GA	Equcab	LTR	ERV1	LTR1420_EC	chr6:72918244-72918853+	chrX:43371902-43372542+	25	67	0	105,112,124,126,539,542,543,544,550,97	105,112,124,126,562,565,566,567,573,98	2	4,5,6,7,8,21,22,23,24,25	41	476	595	25|7|5|5|1|2|5|7|2|4|2|2
GA	Equcab	LTR	ERV1	LTR1420_EC	chr7:48263063-48263660+	chrX:4291546-4291920-	13	35	0	107,114,126,127,128,47,64,68,75,79	105,112,124,125,126,45,62,66,73,77	2	1,2,3,4,5,7,8,9,10,11	55	82	369	13|3|1|3|1|1|1|5|0|4|1|2
GA	Equcab	LTR	ERV1	LTR1420_EC	chr7:48753788-48754420-	chrX:4291546-4291920-	14	38	0	106,113,125,126,127,43,45,62,66,73,77,87	105,112,124,125,126,43,45,62,66,73,77,87	2	1,2,3,4,5,6,7,8,9,10,11,12	85	84	370	14|3|2|1|1|2|4|4|1|5|0|1
GA	Equcab	LTR	ERV1	LTR1420_EC	chrUn_NW_019646390v1:81414-82333-	chrX:4291546-4291920-	13	35	0	107,114,126,127,128,46,63,67,74,78,88	105,112,124,125,126,45,62,66,73,77,87	2	2,3,4,5,6,7,8,9,10,11,12	83	82	374	13|1|3|1|1|3|2|3|1|3|1|3
GA	Equcab	LTR	ERV1	MER34A1_EC	chr16:33339748-33340309-	chr3:96070589-96071168-	12	28	0	334,346,373,409,467,531,538,539,555,558	352,364,391,427,485,549,556,557,573,576	2	3,4,5,6,7,8,9,10,11,12	226	225	570	12|2|1|0|1|2|5|1|1|0|0|3
GA	Equcab	LTR	ERV1	MER34B_EC	chr20:55624275-55624814-	chr30:6405151-6405681+	17	45	0	120,131,134,146,161,171,173,199,200,201,204,206	120,131,134,146,161,171,173,197,198,199,202,204	2	3,4,5,6,7,8,9,10,11,12,13,14	86	85	523	17|4|2|3|1|2|4|6|1|4|0|1
GA	Equcab	LTR	ERV1	MER34A1_EC	chr30:21557461-21558039+	chrUn_NW_019645628v1:11543-12121+	12	35	0	106,109,112,342,361,40,438,445,495,73	106,109,112,343,362,40,439,445,495,73	2	2,3,4,5,6,8,9,10,11,12	226	456	578	12|6|1|0|1|2|4|2|0|1|3|3
