GA	Pantro	LTR	ERVL-MaLR	THE1B-int	chr1:47898621-47900255-	chr12:100659399-100660978-	15	40	0	218,219,234,250,251,262,265,278,284,295,303	169,170,185,201,202,213,216,229,235,246,254	2	3,4,5,6,7,8,9,10,11,12,13	87	86	325	15|6|0|1|1|2|6|5|1|1|2|0
GA	Pantro	LTR	ERVL-MaLR	THE1B-int	chr1:47898621-47900255-	chr3:138978141-138979599+	16	33	0	241,242,248,250,251,263,276,284,294,300,301	192,193,199,201,202,214,227,235,245,251,252	1	5,6,7,8,9,10,11,12,13,14,15	61	61	258	16|3|2|0|0|1|6|2|0|1|2|0
GA	Pantro	LTR	ERVL-MaLR	THE1B	chr1:44049086-44049443-	chr11:81027455-81027814+	17	49	0	110,111,121,126,132,138,144,83,84,93	110,111,121,126,132,138,144,83,84,93	2	1,2,3,4,5,6,7,8,9,10	63	62	338	17|5|1|1|0|0|6|11|0|2|2|4
GA	Pantro	LTR	ERVL-MaLR	THE1C-int	chr12:14594531-14594981-	chr6:4074885-4076481-	24	60	0	216,222,237,243,252,327,330,335,336,339	221,227,251,257,266,337,340,345,346,349	2	5,6,7,8,9,13,14,15,16,17	59	129	410	24|1|3|4|0|0|7|8|3|2|4|4
GA	Pantro	LTR	ERVL-MaLR	MSTA-int	chr12:1706695-1707181+	chr4:157792257-157793879+	22	64	0	126,130,134,135,155,203,207,214,220,222	119,123,127,128,148,196,200,207,213,215	2	3,4,5,6,7,10,11,12,13,14	50	97	482	22|7|1|3|2|2|7|6|2|7|1|4
GA	Pantro	LTR	ERVL-MaLR	MSTA-int	chr12:30782737-30783105+	chr8:75477555-75479180+	18	54	0	190,191,192,195,200,209,224,225,233,252	194,195,196,199,204,213,228,229,237,256	1	6,7,8,9,10,11,12,13,14,15	63	63	369	18|6|3|1|1|1|9|7|1|2|4|1
GA	Pantro	LTR	ERVL-MaLR	THE1D-int	chr12:91267902-91268501+	chr9:87835747-87837369-	33	99	0	449,454,465,476,496,513,532,535,537,540	1474,1479,1490,1501,1522,1539,1557,1560,1562,1565	2	20,21,22,23,24,25,26,27,28,29	93	92	599	33|10|2|6|8|5|9|15|3|4|1|3
GA	Pantro	LTR	ERVL-MaLR	THE1B-int	chr1:190522763-190524289-	chrX:83199418-83200958-	112	272	0	1088,1091,1095,1100,1101,1103,1114,397,398,403,415,424,860,862,865,872,875	1097,1100,1105,1110,1111,1113,1123,389,390,395,407,416,869,871,874,881,884	3	25,26,27,28,29,55,56,57,58,59,76,77,78,79,80,81,82	71	735	1463	112|22|7|9|14|12|29|28|15|9|6|9
GA	Pantro	LTR	ERVL-MaLR	THE1D-int	chr14:69506578-69508151-	chrX:59084812-59086460+	102	246	0	1216,1218,1219,1224,1229,1231,313,316,324,331,339,340,341,343,829,836,844,849,856,858,871,878,880,881,888,889,911	1214,1216,1217,1222,1227,1229,311,314,322,327,334,335,336,338,829,836,844,849,856,858,871,878,880,881,888,889,911	4	22,23,24,25,26,27,28,29,61,62,63,64,65,66,67,68,69,70,71,72,73,92,93,94,95,96,97	128	919	1277	102|20|5|8|13|10|33|25|9|4|8|9
GA	Pantro	LTR	ERVL-MaLR	THE1B-int	chr12:65596584-65598189-	chr4:85207562-85208872-	72	210	0	1251,1256,1263,1264,1273,1275,1480,1483,1491,1492,1498	1185,1188,1196,1197,1203,959,964,971,972,981,983	2	45,46,47,48,49,50,60,61,62,63,64	44	245	1246	72|25|3|11|8|9|30|23|4|13|6|6
GA	Pantro	LTR	ERVL-MaLR	THE1B-int	chr12:119652162-119652530+	chr5:81857635-81859204-	13	32	0	115,120,126,185,201,202,208,214,216,59,73	115,120,125,184,200,201,207,213,215,59,73	2	2,3,4,5,6,8,9,10,11,12,13	99	157	350	13|3|0|1|1|0|5|5|3|0|0|1
GA	Pantro	LTR	ERVL-MaLR	THE1B-int	chr12:119652162-119652530+	chr9:8191230-8192803-	14	31	0	112,119,120,123,139,164,185,187,193,229,234	110,117,118,121,137,162,183,185,191,227,232	2	3,4,5,6,7,8,10,11,12,13,14	103	123	343	14|1|0|1|1|0|6|4|3|0|0|1
GA	Pantro	LTR	ERVL-MaLR	THE1B-int	chr2A:59774960-59776478-	chr3:138978141-138979599+	14	42	0	189,190,198,199,211,224,232,244,248,249	192,193,201,202,214,227,235,247,251,252	2	4,5,6,7,8,9,10,11,12,13	62	61	346	14|3|1|2|0|1|9|4|2|0|4|2
GA	Pantro	LTR	ERVL-MaLR	THE1B-int	chr2A:73040971-73041213-	chr9:8191230-8192803-	14	30	0	115,119,128,134,147,159,180,182,188,224,229	118,122,131,137,150,162,183,185,191,227,232	2	4,5,6,7,8,9,10,11,12,13,14	116	115	243	14|1|0|1|1|2|4|4|1|2|0|0
GA	Pantro	LTR	ERVL-MaLR	THE1D	chr2B:83039689-83040084-	chr7:76990983-76991360-	19	51	0	103,105,106,111,112,124,181,186,188,189,190,95	106,164,169,171,172,173,77,85,87,88,93,94	2	2,3,4,5,6,7,8,11,12,13,14,15	40	97	327	19|12|1|1|2|2|5|3|1|2|2|1
GA	Pantro	LTR	ERVL-MaLR	THE1D	chr2B:83039689-83040084-	chr9:87656218-87656597-	21	57	0	105,108,111,112,161,170,186,188,189,190,97	144,153,169,171,172,173,79,87,90,93,94	2	3,4,5,6,7,10,11,12,13,14,15	46	95	329	21|5|0|4|2|1|7|8|2|1|2|4
GA	Pantro	LTR	ERVL-MaLR	THE1D	chr2B:83039689-83040084-	chr8:70313132-70313517+	18	49	0	106,109,111,112,161,162,170,177,186,188,189,84	101,103,104,154,155,163,170,179,181,182,76,98	2	1,2,3,4,5,8,9,10,11,12,13,14	58	107	326	18|9|0|3|2|1|4|7|3|1|0|1
GA	Pantro	LTR	ERVL-MaLR	THE1B-int	chr3:29300408-29301938+	chrX:83199418-83200958-	115	290	0	1470,1480,1483,1489,1494,25,30,37,51,53,54	1480,1490,1493,1499,1504,23,28,35,49,51,52	2	1,2,3,4,5,6,111,112,113,114,115	55	1482	1526	115|27|8|11|14|18|23|31|12|8|10|13
GA	Pantro	LTR	ERVL-MaLR	THE1B-int	chr3:113716108-113717706+	chrX:83199418-83200958-	109	271	0	1538,1543,1551,1552,1557,1562,473,480,486,489,492	1480,1485,1493,1494,1499,1504,416,423,429,432,435	2	21,22,23,24,25,104,105,106,107,108,109	45	1089	1436	109|23|7|15|13|13|28|24|8|12|10|9
GA	Pantro	LTR	ERVL-MaLR	THE1B	chr12:74583866-74584153-	chr5:15778111-15778473+	14	38	0	160,167,195,200,207,264,267,269,271,273	237,244,272,277,284,339,342,344,346,348	2	4,5,6,7,8,9,10,11,12,13	113	112	272	14|1|1|1|1|1|5|8|2|1|0|3
GA	Pantro	LTR	ERVL-MaLR	THE1C	chr4:162106026-162106402-	chr5:27383699-27384065+	17	46	0	132,142,144,150,158,160,79,81,84,86,97	103,139,149,151,157,165,167,85,87,90,92	2	1,2,3,4,5,6,7,8,9,10,11	84	83	307	17|2|1|3|1|4|4|9|1|2|0|2
GA	Pantro	LTR	ERVL-MaLR	THE1B-int	chr6:82988574-82990205-	chr9:36479941-36480988+	17	42	0	1250,1252,1273,1288,1293,1520,1523,1524,1530,1542	661,663,684,699,704,936,939,940,946,958	2	4,5,6,7,8,12,13,14,15,16	67	298	418	17|1|1|4|0|1|2|9|0|5|2|0
GA	Pantro	LTR	ERVL-MaLR	THE1B-int	chr7:136693117-136694649+	chrX:83199418-83200958-	123	285	0	1422,1431,1432,1438,1442,45,51,53,54,57,969,970,980,983,985,994	1432,1440,1441,1447,1451,43,49,51,52,55,973,974,984,987,989,998	3	5,6,7,8,9,77,78,79,80,81,82,113,114,115,116,117	59	1409	1534	123|21|13|11|20|10|29|28|3|8|8|11
GA	Pantro	LTR	ERVL-MaLR	THE1B	chr3:132664096-132664443-	chr5:81859204-81859564-	17	46	0	121,122,135,144,158,77,78,90,91,92,95	122,123,136,145,160,78,79,91,92,93,96	2	3,4,5,6,7,8,9,10,11,12,13	84	83	352	17|7|3|0|2|0|4|9|1|0|3|0
GA	Pantro	LTR	ERVL-MaLR	THE1B	chr4:181291729-181292087+	chrX:108849589-108849945-	15	32	0	106,120,240,246,249,268,273,302,61,64,90	106,120,238,244,247,266,271,301,61,64,90	2	4,5,6,7,8,9,10,11,12,13,14	242	241	345	15|4|0|0|2|0|1|6|0|1|0|3
