CT	Lonstr	LTR	ERV1	TguLTR10a	NC_042571.1:57840608-57841063+	NC_042586.1:8137313-8137794-	30	67	0	121,129,153,154,156,42,43,48,52,61,70	139,147,177,178,180,62,63,68,72,81,90	2	2,3,4,5,6,7,13,14,15,16,17	71	119	450	20|30|1|0|3|2|4|3|2|2|0|0
CT	Lonstr	LTR	ERV1	TguLTR10a	NC_042575.1:2553188-2553678+	NC_042586.1:8137313-8137794-	28	68	0	102,108,118,119,58,67,71,80,89,96,99	100,103,109,119,120,59,68,72,81,90,97	2	4,5,6,7,8,9,10,11,12,13,14	63	62	450	20|28|2|0|2|4|5|3|2|0|1|1
CT	Lonstr	LTR	ERV1	TguERV7c_LTR	NC_042565.1:44603516-44604149+	NC_042569.1:65227769-65228385+	37	92	0	227,231,232,253,254,491,496,498,511,512	223,227,228,249,250,475,480,482,496,497	2	13,14,15,16,17,30,31,32,33,34	51	275	586	13|37|1|2|5|3|5|11|3|3|2|7
CT	Lonstr	LTR	ERV1	TguERV7c_LTR	NC_042565.1:92565784-92566418-	NC_042568.1:12251180-12251809-	41	97	0	102,103,270,272,280,287,288,93,94,99	101,102,264,266,274,281,282,92,93,98	2	8,9,10,11,12,22,23,24,25,26	30	191	631	7|41|1|5|5|3|6|19|1|4|1|4
CT	Lonstr	LTR	ERV1	TguERV7c_LTR	NC_042565.1:110033542-110034161-	NC_042568.1:12251180-12251809-	38	91	0	102,103,258,268,271,275,276,324,326,327,332,350,352,93,94,98,99	101,102,264,274,277,281,282,331,333,334,339,355,357,92,93,97,98	3	9,10,11,12,13,14,20,21,22,23,24,28,29,30,31,32,33	57	266	623	13|38|2|1|4|4|10|13|4|1|0|1
CT	Lonstr	LTR	ERV1	TguERV7c_LTR	NC_042565.1:110508365-110508988+	NC_042568.1:12251180-12251809-	42	95	0	102,103,326,327,332,353,355,365,93,94,98,99	101,102,333,334,339,355,357,367,92,93,97,98	2	5,6,7,8,9,10,25,26,27,28,29,30	46	276	625	11|42|4|6|4|1|8|13|1|3|0|2
CT	Lonstr	LTR	ERV1	TguERV7c_LTR	NC_042566.1:48208191-48208820-	NC_042568.1:12251180-12251809-	41	107	0	100,103,104,331,333,334,339,355,94,99	101,102,331,333,334,339,355,93,97,98	2	7,8,9,10,11,32,33,34,35,36	35	263	628	11|41|0|5|7|5|12|14|2|5|4|1
CT	Lonstr	LTR	ERV1	TguERV7c_LTR	NC_042566.1:52204360-52204982-	NC_042569.1:65227769-65228385+	44	97	0	100,223,227,228,249,250,483,488,490,503,504,90,92,93,98	223,227,228,249,250,475,480,482,496,497,89,91,92,97,99	3	3,4,5,6,7,16,17,18,19,20,37,38,39,40,41	62	409	619	11|44|1|3|6|2|9|7|2|3|3|6
CT	Lonstr	LTR	ERV1	TguERV7c_LTR	NC_042566.1:64333911-64334527+	NC_042568.1:12251180-12251809-	44	98	0	214,233,240,241,243,318,319,320,321,326	225,244,251,252,254,331,332,333,334,339	2	18,19,20,21,22,33,34,35,36,37	39	115	622	12|44|6|4|4|3|7|12|3|2|0|1
CT	Lonstr	LTR	ERV1	TguERV7c_LTR	NC_042567.1:73236036-73236663+	NC_042568.1:12251180-12251809-	50	114	0	100,103,104,26,264,274,277,28,281,282,29,33,34,92,93,94	101,102,25,264,27,274,277,28,281,282,32,33,91,92,93,98	3	2,3,4,5,6,9,10,11,12,13,14,29,30,31,32,33	40	258	627	16|50|3|3|2|2|15|15|0|4|1|3
CT	Lonstr	LTR	ERV1	TguERV7c_LTR	NC_042567.1:128284060-128284681+	NC_042568.1:12251180-12251809-	43	96	0	102,103,288,291,300,306,309,93,94,98,99	101,102,292,295,304,310,313,92,93,97,98	2	6,7,8,9,10,11,29,30,31,32,33	33	222	624	11|43|2|3|3|3|10|11|3|2|3|2
CT	Lonstr	LTR	ERV1	TguERV7c_LTR	NC_042568.1:27021425-27022038+	NC_042569.1:65227769-65228385+	40	85	0	101,471,476,478,491,492,91,93,94,99	475,481,483,496,497,89,91,92,97,99	2	3,4,5,6,7,34,35,36,37,38	34	409	591	12|40|1|4|4|3|5|8|3|1|1|3
