CT	Lonstr	LTR	ERVK	TguERVK1_LTR2	NC_042565.1:25370608-25370952+	NC_042593.1:1589345-1589677+	17	36	0	109,119,131,133,136,62,66,72,86,95	109,119,131,133,136,62,66,72,86,95	1	1,2,3,4,5,6,7,8,9,10	75	75	336	7|17|1|0|1|1|6|2|0|0|1|0
CT	Lonstr	LTR	ERVK	TguERVK1_LTR2	NC_042565.1:85306891-85307231+	NC_042593.1:1589345-1589677+	13	29	0	105,115,127,129,132,68,82,85,89,91	109,119,131,133,136,72,86,89,93,95	2	1,2,3,4,5,6,7,8,9,10	66	65	336	4|13|0|0|0|2|2|5|2|0|1|0
CT	Lonstr	LTR	ERVK	TguERVK5_LTR1c	NC_042571.1:58137637-58138214+	NC_042576.1:510571-511135+	27	73	0	357,363,370,376,386,451,454,458,460,464,465,478	348,354,361,367,377,442,445,449,451,455,456,466	2	11,12,13,14,15,20,21,22,23,24,25,26	55	119	502	15|27|1|2|3|2|6|7|4|2|1|3
CT	Lonstr	LTR	ERVK	TguERVK9_I-int	NC_042568.1:35097699-35098727+	NC_042595.1:23380808-23383044+	34	93	0	14,18,22,30,4,486,506,512,516,523,528	541,561,567,571,578,583,59,69,73,77,85	2	1,2,3,4,5,14,15,16,17,18,19	70	525	1028	20|34|2|4|2|1|10|9|1|4|2|4
CT	Lonstr	LTR	ERVK	TguERVK7_LTR1e	NC_042565.1:35934501-35934970-	NC_042567.1:76825532-76826069-	12	24	0	211,213,216,228,237,238,253,263,265,279	212,214,217,229,238,239,253,263,265,279	1	3,4,5,6,7,8,9,10,11,12	68	68	289	4|12|0|0|0|0|2|5|0|0|1|0
CT	Lonstr	LTR	ERVK	TguERVK1_LTR2	NC_042568.1:80070925-80071269-	NC_042593.1:1589345-1589677+	13	36	0	109,119,131,133,136,66,72,86,93,95	109,119,131,133,136,66,72,86,93,95	1	1,2,3,4,5,6,7,8,9,10	71	71	338	6|13|1|0|1|1|4|6|0|1|2|1
CT	Lonstr	LTR	ERVK	TguERVK9_LTR1d	NC_042565.1:111674337-111674630+	NC_042593.1:250958-251249-	14	27	0	152,174,191,230,231,24,25,3,47,52,6	152,174,191,230,231,24,25,3,47,52,6	2	1,2,3,4,5,6,9,10,11,12,13	130	229	291	2|14|2|1|0|1|4|0|0|0|3|0
CT	Lonstr	LTR	ERVK	TguERVK1_LTR2	NC_042570.1:19854895-19855238-	NC_042593.1:1589345-1589677+	15	36	0	108,118,130,132,135,65,71,85,88,92,94	109,119,131,133,136,66,72,86,89,93,95	2	1,2,3,4,5,6,7,8,9,10,11	72	71	337	8|15|1|0|0|1|3|5|1|0|2|0
CT	Lonstr	LTR	ERVK	TguERVK1_LTR2	NC_042571.1:56267374-56267723-	NC_042577.1:21037821-21038164+	14	41	0	166,167,170,171,190,58,63,73,78,81	163,164,167,168,187,56,60,69,74,77	2	1,2,3,4,5,8,9,10,11,12	47	132	346	5|14|0|1|2|1|4|5|1|2|4|2
CT	Lonstr	LTR	ERVK	TguLTRK5c	NC_042565.1:5928467-5929130-	NC_042565.1:80637539-80638184-	28	84	0	101,102,108,29,30,31,32,36,51,57,58,59,67,80,81,83,87,98	100,106,27,28,29,30,34,49,55,56,57,65,78,79,81,85,96,99	3	1,2,3,4,5,6,7,8,9,10,11,12,13,14,15,16,17,18	82	80	653	18|28|0|2|3|3|8|11|2|3|1|5
CT	Lonstr	LTR	ERVK	TguERVK9_LTR1c	NC_042566.1:718919-719211+	NC_042572.1:29830367-29830658-	17	33	0	100,14,143,180,181,191,21,24,32,44,49	100,14,142,179,180,190,21,24,32,44,49	2	1,2,3,4,5,6,9,10,11,12,13	127	177	283	6|17|1|0|0|0|0|3|1|3|0|2
CT	Lonstr	LTR	ERVK	TguLTRK8a	NC_042571.1:54647599-54648055-	NW_021818255.1:801-1270+	25	70	0	411,415,423,424,427,46,48,52,57,59,63	424,428,436,437,440,46,48,52,57,59,63	2	3,4,5,6,7,8,21,22,23,24,25	35	395	450	13|25|2|2|2|4|11|3|4|2|1|1
CT	Lonstr	LTR	ERVK	TguERVK10d2_LTR	NC_042568.1:106222472-106223107-	NC_042595.1:12459568-12460213-	15	38	0	260,262,294,313,336,406,407,417,480,498	270,272,304,323,346,417,418,428,491,509	2	5,6,7,8,9,10,11,12,13,14	241	240	640	3|15|1|2|0|0|6|6|0|0|2|3
CT	Lonstr	LTR	ERVK	TguERVK2_LTR3	NC_042568.1:83388287-83388613+	NC_042595.1:20558291-20558625-	13	35	0	26,28,30,31,40,68,75,81,85,88	26,28,30,31,41,69,76,82,86,89	2	1,2,3,4,5,6,7,8,9,10	65	64	325	2|13|2|1|2|1|6|5|0|1|1|1
CT	Lonstr	LTR	ERVK	TguERVK7_LTR1e	NC_042566.1:42896531-42897014-	NC_042595.1:23177354-23177841+	18	43	0	253,264,273,277,291,46,74,91,92,93	269,280,289,293,306,46,74,91,92,93	2	1,2,3,4,5,9,10,11,12,13	86	261	478	6|18|2|1|2|1|3|6|2|0|2|0
CT	Lonstr	LTR	ERVK	TguERVK7_LTR1e	NC_042566.1:58816348-58816830+	NC_042579.1:695538-696025-	16	48	0	194,202,225,232,235,292,294,304,317,326	197,205,228,235,238,296,298,307,320,329	2	3,4,5,6,7,9,10,11,12,13	76	133	469	6|16|1|0|0|6|3|9|3|0|2|2
CT	Lonstr	LTR	ERVK	TguERVK7_LTR1e	NC_042572.1:33279552-33280057-	NC_042579.1:695538-696025-	20	46	0	198,206,230,237,240,313,315,325,347,360	197,205,228,235,238,296,298,307,329,343	2	6,7,8,9,10,13,14,15,16,17	90	147	485	4|20|1|1|1|2|3|10|2|0|1|1
CT	Lonstr	LTR	ERVK	TguLTRK7a	NC_042567.1:148521834-148522157-	NC_042583.1:8682128-8682525-	13	38	0	10,16,19,23,27,6,78,84,87,90,94	10,16,19,23,28,6,77,83,86,89,93	2	1,2,3,4,5,6,9,10,11,12,13	40	88	306	3|13|0|0|0|2|6|5|1|2|5|1
CT	Lonstr	LTR	ERVK	TguLTRK7a	NC_042569.1:2018885-2019285+	NC_042570.1:2375260-2375654-	24	60	0	122,125,129,130,154,173,174,181,182,187,190,192	120,123,127,128,152,171,172,179,180,185,188,190	2	7,8,9,10,11,12,13,14,15,16,17,18	72	71	392	3|24|0|0|2|4|15|4|3|3|1|1
CT	Lonstr	LTR	ERVK	TguLTRK3a	NC_042571.1:775819-776186-	NC_042593.1:3593282-3593881+	20	34	0	107,109,110,323,330,337,349,357,361,87,89	108,110,111,326,333,340,352,360,364,88,90	2	2,3,4,5,6,15,16,17,18,19,20	63	277	356	5|20|0|1|2|1|1|0|3|1|0|0
CT	Lonstr	LTR	ERVK	TguLTRK7a	NC_042571.1:21521333-21521728+	NC_042582.1:2318678-2319074-	17	37	0	141,153,17,19,21,27,37,47,82,85,88,90	142,154,18,20,22,28,39,49,83,86,89,91	2	1,2,3,4,5,6,7,8,9,10,11,12	138	137	395	3|17|0|0|5|1|4|0|1|3|2|1
CT	Lonstr	LTR	ERVK	TguLTRK7a	NC_042583.1:6322768-6323136-	NC_042583.1:7885663-7886049-	12	32	0	20,22,23,26,35,37,79,81,87,89,97	100,21,23,24,27,37,39,81,83,89,91	2	1,2,3,4,5,6,8,9,10,11,12	39	80	377	5|12|2|2|4|0|2|2|0|0|1|2
