CT	Lonstr	LTR	ERVL	TguLTRL2a5	NC_042565.1:38008061-38009459+	NC_042569.1:19115432-19116834+	63	183	0	138,143,145,146,147,473,481,485,488,489	137,142,144,145,146,472,480,484,487,488	2	9,10,11,12,13,34,35,36,37,38	27	352	1392	63|63|0|7|4|5|16|5|6|5|4|5
CT	Lonstr	LTR	ERVL	TguLTRL2a6	NC_042567.1:76651400-76652760-	NC_042577.1:18163834-18165152-	135	287	0	102,103,105,1058,1059,1061,1063,1066,1067,112,125,133,135,143,147,149,179,181,182,183,184,187,188,189,193,195,299,308,319,321,323,324,325,326,327,330,331,40,45,49,55,57,629,635,644,646,647,917,918,922,936,938	1017,1018,1020,1022,1025,1026,111,112,114,121,137,145,147,155,161,163,193,195,196,197,198,201,202,203,207,209,313,322,330,332,334,335,336,337,338,341,342,46,51,55,61,618,623,63,631,633,634,874,875,879,893,895	7	2,3,4,5,6,11,12,13,14,15,16,17,18,19,20,25,26,27,28,29,30,31,32,33,34,45,46,47,48,49,50,51,52,53,54,55,83,84,85,86,87,110,111,112,113,114,125,126,127,128,129,130	167	981	1334	62|135|4|13|6|7|25|6|6|8|6|9
CT	Lonstr	LTR	ERVL	TguLTRL2b1	NC_042565.1:42209134-42209493+	NC_042578.1:213953-215401-	20	29	0	108,116,117,125,142,150,160,167,168,171,173,63,79,82,84,91	107,115,116,124,139,148,158,165,166,169,171,63,79,82,84,91	2	5,6,7,8,9,10,11,12,13,14,15,16,17,18,19,20	110	109	286	5|20|0|1|0|0|2|1|0|0|0|0
CT	Lonstr	LTR	ERVL	TguLTRL2a6	NC_042568.1:100306492-100307870-	NC_042577.1:18163834-18165152-	34	85	0	1073,1074,1076,1078,1081,1082,1083,898,903,906,907,917,918,919,926,934,935,939,953,955	1017,1018,1020,1022,1025,1026,1027,837,842,845,846,857,858,859,866,874,875,879,893,895	3	5,6,7,8,9,10,11,12,13,14,15,16,17,26,27,28,29,30,31,32	71	191	554	30|34|0|4|1|1|6|6|1|1|0|1
CT	Lonstr	LTR	ERVL	TguLTRL2b3	NC_042565.1:11678580-11679975+	NC_042585.1:1280390-1281789-	50	132	0	108,116,131,133,142,146,149,151,153,80,83	109,117,132,134,143,147,150,152,154,80,83	1	3,4,5,6,7,8,9,10,11,12,13	75	75	1397	52|50|1|2|4|2|6|10|2|1|2|0
CT	Lonstr	LTR	ERVL	TguLTRL2b3	NC_042565.1:11678580-11679975+	NC_042595.1:12139088-12140485+	42	116	0	403,404,411,422,431,443,456,469,473,488,509,510,512,513,616,617,625,626,638	394,395,402,413,422,434,447,461,465,481,498,499,501,502,610,611,619,620,632	3	1,2,3,4,5,6,7,8,9,10,11,12,13,14,16,17,18,19,20	133	239	1031	50|42|0|4|2|3|5|6|3|0|0|1
CT	Lonstr	LTR	ERVL	TguLTRL2b3	NC_042565.1:21671525-21672915+	NC_042595.1:12139088-12140485+	75	158	0	142,146,149,151,163,170,203,227,233,234,235,236,260,269,271,296,305,308,317,318,320,328,330,333,334,388,389,407,416,428,441,454,458,473,491,492,493,494,496,497	143,147,150,152,164,171,204,228,234,235,236,237,261,270,272,297,306,309,320,321,323,331,333,336,337,394,395,413,422,434,447,461,465,480,496,497,498,499,501,502	6	7,8,9,10,11,12,13,14,15,16,17,18,19,20,21,22,23,24,25,26,27,28,29,30,31,35,36,37,38,39,40,41,42,43,44,45,46,47,48,49	308	360	1393	62|75|0|5|2|1|7|1|2|3|0|0
CT	Lonstr	LTR	ERVL	TguLTRL2b2	NC_042565.1:15489679-15491006+	NW_021818816.1:204-1149+	34	75	0	383,384,409,410,422,425,426,448,600,616,622,630,633	395,396,420,421,433,436,437,459,605,621,627,635,638	2	19,20,21,22,23,24,25,26,27,28,29,30,31	245	244	942	12|34|1|1|0|2|15|8|0|1|0|1
CT	Lonstr	LTR	ERVL	TguLTRL2a5	NC_042566.1:41058525-41059911-	NC_042569.1:19115432-19116834+	70	196	0	137,144,145,146,154,156,160,162,175,178,286,287,290,293,296	137,144,145,146,154,156,160,162,175,178,283,284,287,290,293	2	12,13,14,15,16,17,18,19,20,21,27,28,29,30,31	53	157	1387	62|70|1|9|2|8|14|12|3|9|0|6
CT	Lonstr	LTR	ERVL	TguLTRL2b2	NC_042565.1:15489679-15491006+	NC_042565.1:76188071-76189469+	151	234	0	109,1121,1122,1132,1134,1136,116,117,126,128,296,298,299,304,305,306,307,309,310,311,319,321,323,324,325,369,372,375,382,383,384,417,421,422,426,435,590,600,601,609,610,612,616,663,664,672,680,686,78,785,787,792,798,800,802,82,83,85,865,867,868,870,877,94	109,1131,1132,1142,1144,1146,116,117,126,128,306,308,309,314,315,316,317,319,320,321,329,331,333,334,335,379,382,385,392,393,394,427,431,432,436,445,599,609,610,618,619,621,625,671,672,680,688,694,78,793,795,800,806,808,810,82,83,85,874,876,877,879,886,94	9	6,7,8,9,10,11,12,13,14,15,37,38,39,40,41,42,43,44,45,46,47,48,49,50,51,54,55,56,57,58,59,63,64,65,66,67,82,83,84,85,86,87,88,93,94,95,96,97,103,104,105,106,107,108,116,117,118,119,120,145,146,147,148,149	214	1069	1333	41|151|0|4|0|1|28|2|1|1|0|5
CT	Lonstr	LTR	ERVL	TguLTRL2b3	NC_042565.1:22846012-22847408-	NC_042595.1:12139088-12140485+	74	156	0	143,147,150,164,171,228,234,235,236,237,297,306,309,323,325,328,329,331,339,341,344,345,399,400,418,427,439,452,501,502,503,504,506,507	143,147,150,164,171,228,234,235,236,237,297,306,309,315,317,320,321,323,331,333,336,337,394,395,413,422,434,447,496,497,498,499,501,502	6	7,8,9,10,11,12,13,14,15,16,20,21,22,23,24,25,26,27,28,29,30,31,35,36,37,38,39,40,43,44,45,46,47,48	199	360	1396	64|74|0|2|1|1|5|3|3|3|0|0
CT	Lonstr	LTR	ERVL	TguLTRL2a5	NC_042566.1:43394717-43396119-	NC_042569.1:19115432-19116834+	84	209	0	137,144,145,146,154,156,160,173,176,282,283,286,289,292	137,144,145,146,154,156,162,175,178,283,284,287,290,293	2	12,13,14,15,16,17,18,19,20,26,27,28,29,30	53	157	1402	62|84|2|7|2|6|15|14|3|10|0|4
CT	Lonstr	LTR	ERVL	TguLTRL2a5	NC_042566.1:48235376-48236599-	NC_042569.1:19115432-19116834+	80	185	0	275,276,279,282,285,789,791,796,803,806	283,284,287,290,293,817,819,824,832,835	2	27,28,29,30,31,65,66,67,68,69	30	553	1236	45|80|2|5|2|8|14|10|7|4|1|7
CT	Lonstr	LTR	ERVL	TguLTRL2b3	NC_042565.1:29331500-29332879-	NC_042595.1:12139088-12140485+	65	148	0	288,297,300,309,310,380,387,398,407,419,432,444,464,482,483,484,485,487,488,596,597,605,606,618,623,626	297,306,309,320,321,394,402,413,422,434,447,459,480,496,497,498,499,501,502,610,611,619,620,632,637,640	4	14,15,16,17,18,25,26,27,28,29,30,31,32,33,34,35,36,37,38,39,40,41,42,43,44,45	274	344	1388	55|65|1|3|3|2|9|5|3|1|0|1
CT	Lonstr	LTR	ERVL	TguLTRL2a5	NC_042566.1:49288932-49290285+	NC_042569.1:19115432-19116834+	73	193	0	102,103,104,112,114,118,120,242,243,246,249,252,425,432,433,442,456,461,889,891,895,896,898,95	137,144,145,146,154,156,160,162,283,284,287,290,293,480,487,488,497,511,516,941,943,947,948,950	4	6,7,8,9,10,11,12,13,21,22,23,24,25,33,34,35,36,37,38,61,62,63,64,65	84	814	1335	59|73|3|11|4|1|18|9|6|4|2|3
CT	Lonstr	LTR	ERVL	TguLTRL2a5	NC_042566.1:50391632-50393024-	NC_042569.1:19115432-19116834+	80	204	0	130,137,138,139,147,149,153,155,277,278,281,284,287,424,447,453,461,465,468,469,478,492,497,928,930,934,935,937	137,144,145,146,154,156,160,162,283,284,287,290,293,450,466,472,480,484,487,488,497,511,516,941,943,947,948,950	4	12,13,14,15,16,17,18,19,28,29,30,31,32,37,38,39,40,41,42,43,44,45,46,68,69,70,71,72	114	814	1397	60|80|3|10|3|2|19|10|6|4|3|4
CT	Lonstr	LTR	ERVL	TguLTRL2b3	NC_042565.1:29858229-29859624+	NC_042595.1:12139088-12140485+	73	166	0	164,226,232,233,234,235,295,304,307,314,317,318,320,328,330,333,334,493,494,495,496,498,499,616,617,629,634,637	165,228,234,235,236,237,297,306,309,317,320,321,323,331,333,336,337,496,497,498,499,501,502,619,620,632,637,640	5	11,12,13,14,15,16,20,21,22,23,24,25,26,27,28,29,30,41,42,43,44,45,46,50,51,52,53,54	144	476	1396	57|73|0|1|1|1|27|2|3|0|1|0
CT	Lonstr	LTR	ERVL	TguLTRL2b2	NC_042565.1:32805478-32806861+	NW_021818816.1:204-1149+	38	74	0	288,297,300,309,312,384,385,410,411,600,616,622,630,633	298,307,310,316,319,395,396,420,421,605,621,627,635,638	2	15,16,17,18,19,20,21,22,23,31,32,33,34,35	158	341	943	12|38|1|4|0|2|8|4|2|2|0|1
CT	Lonstr	LTR	ERVL	TguLTRL2b2	NC_042565.1:32805478-32806861+	NC_042565.1:76188071-76189469+	154	237	0	110,1120,1121,1131,1133,1135,117,118,119,127,129,205,206,207,212,213,245,251,252,256,261,263,266,297,299,300,308,309,310,311,313,314,315,323,325,327,328,329,348,350,373,376,383,384,385,482,483,486,487,488,489,491,492,494,573,583,590,600,601,609,610,612,616,663,664,672,680,686,701,806,807,808,835,836,849,864,866,867,869,876,947,965,968,973,982,985	109,1131,1132,1142,1144,1146,116,117,118,126,128,205,206,207,212,213,254,260,261,265,270,272,275,306,308,309,314,315,316,317,319,320,321,329,331,333,334,335,354,356,380,385,392,393,394,491,492,495,496,497,498,500,501,503,582,592,599,609,610,618,619,621,625,671,672,680,688,694,709,814,815,816,844,845,859,874,876,877,879,886,956,974,977,982,993,996	12	11,12,13,14,15,16,24,25,26,27,28,29,30,31,32,33,34,35,37,38,39,40,41,42,43,44,45,46,47,48,49,50,51,52,53,55,56,57,58,59,72,73,74,75,76,77,78,79,80,86,87,88,89,90,91,92,93,94,99,100,101,102,103,104,115,116,117,118,119,120,122,123,124,125,126,134,135,136,137,138,139,150,151,152,153,154	370	1038	1390	49|154|0|7|2|1|11|3|2|4|1|3
CT	Lonstr	LTR	ERVL	TguLTRL2a5	NC_042566.1:51817028-51818247-	NC_042569.1:19115432-19116834+	77	182	0	130,137,138,139,147,149,153,155,277,278,281,284,287,424,447,453,461,465,468,469,478,492,497,928,930,934,935,937	137,144,145,146,154,156,160,162,283,284,287,290,293,450,466,472,480,484,487,488,497,511,516,941,943,947,948,950	4	12,13,14,15,16,17,18,19,28,29,30,31,32,37,38,39,40,41,42,43,44,45,46,69,70,71,72,73	114	814	1225	49|77|3|9|3|1|18|5|6|5|3|3
CT	Lonstr	LTR	ERVL	TguLTRL2a5	NC_042566.1:68481784-68483171-	NC_042569.1:19115432-19116834+	80	226	0	137,144,145,146,154,156,160,162,447,453,461,465,468,469,478,492,497,514	137,144,145,146,154,156,160,162,466,472,480,484,487,488,497,511,516,533	2	14,15,16,17,18,19,20,21,40,41,42,43,44,45,46,47,48,49	94	397	1394	59|80|6|10|7|2|20|12|13|7|4|6
CT	Lonstr	LTR	ERVL	TguLTRL2a5	NC_042567.1:22186486-22187871+	NC_042569.1:19115432-19116834+	78	201	0	137,144,145,146,154,160,162,163,286,287,290,293,296	137,144,145,146,154,160,162,163,283,284,287,290,293	2	12,13,14,15,16,17,18,19,27,28,29,30,31	38	157	1386	56|78|4|7|1|5|21|10|3|6|2|8
CT	Lonstr	LTR	ERVL	TguLTRL2a5	NC_042567.1:23070216-23071600-	NC_042569.1:19115432-19116834+	72	192	0	106,108,111,157,158,166,168,172,174,298,299,302,305,308	106,108,111,145,146,154,156,160,162,283,284,287,290,293	2	10,11,12,13,14,15,16,17,18,27,28,29,30,31	68	188	1393	56|72|5|6|1|4|20|10|4|2|2|10
CT	Lonstr	LTR	ERVL	TguLTRL2b3	NC_042565.1:52673436-52674811+	NC_042595.1:12139088-12140485+	39	58	0	143,147,150,164,171,204,227,286,295,298,304,306,309,310,421,434,446,450,466	143,147,150,164,171,204,228,297,306,309,315,317,320,321,434,447,459,463,480	3	7,8,9,10,11,12,13,17,18,19,20,21,22,23,35,36,37,38,39	158	338	484	12|39|1|0|2|0|1|1|1|0|1|0
CT	Lonstr	LTR	ERVL	TguLTRL2b3	NC_042565.1:52673436-52674811+	NC_042568.1:54450917-54452299+	32	65	0	109,117,126,132,134,298,303,306,309,310	109,117,126,132,134,298,303,306,309,310	2	8,9,10,11,12,22,23,24,25,26	39	202	504	18|32|1|3|2|0|1|3|2|1|2|0
CT	Lonstr	LTR	ERVL	TguLTRL2a5	NC_042567.1:52733159-52734644-	NC_042569.1:19115432-19116834+	75	191	0	137,144,145,146,154,156,160,162,285,286,289,292,295	137,144,145,146,154,156,160,162,283,284,287,290,293	2	13,14,15,16,17,18,19,20,29,30,31,32,33	37	157	1234	54|75|2|4|2|3|23|4|7|6|3|8
CT	Lonstr	LTR	ERVL	TguLTRL2b3	NC_042565.1:53007104-53008495-	NC_042595.1:12139088-12140485+	71	165	0	288,297,300,304,306,308,311,312,389,390,397,408,417,429,442,455,459,474,492,493,494,495,497,498	297,306,309,313,315,317,320,321,394,395,402,413,422,434,447,461,465,480,496,497,498,499,501,502	3	18,19,20,21,22,23,24,25,32,33,34,35,36,37,38,39,40,41,42,43,44,45,46,47	135	206	1394	61|71|1|5|1|3|12|5|2|1|2|1
CT	Lonstr	LTR	ERVL	TguLTRL2a5	NC_042567.1:72022632-72024005+	NC_042569.1:19115432-19116834+	78	189	0	137,142,144,145,146,154,156,160,162,457,461,464,465,474,488,493	137,142,144,145,146,154,156,160,162,480,484,487,488,497,511,516	2	11,12,13,14,15,16,17,18,19,41,42,43,44,45,46,47	63	380	1380	57|78|2|10|2|2|14|6|6|3|3|6
CT	Lonstr	LTR	ERVL	TguLTRL2a5	NC_042567.1:73201203-73202123+	NC_042569.1:19115432-19116834+	71	144	0	137,142,144,145,146,154,156,160,162,286,287,290,293,296,464,465,474,488,493	137,142,144,145,146,154,156,160,162,283,284,287,290,293,487,488,497,511,516	3	13,14,15,16,17,18,19,20,21,30,31,32,33,34,46,47,48,49,50	67	380	926	38|71|0|6|0|3|12|3|3|2|2|4
CT	Lonstr	LTR	ERVL	TguLTRL2b3	NC_042565.1:53407765-53409178-	NC_042585.1:1280390-1281789-	48	135	0	109,117,132,143,147,150,630,642,646,652,655	109,117,132,143,147,150,626,638,642,648,651	2	4,5,6,7,8,9,34,35,36,37,38	68	543	1406	49|48|1|4|5|2|13|7|2|2|1|1
CT	Lonstr	LTR	ERVL	TguLTRL2b2	NC_042565.1:45040183-45040640-	NW_021818816.1:204-1149+	27	32	0	118,131,133,206,235,265,270,271,272,297,306,309,32,33,390,391,416,429,432,433,65,84,86	117,130,132,205,236,266,271,272,273,298,307,310,32,33,395,396,420,433,436,437,64,83,85	3	3,4,5,6,7,8,9,10,11,12,13,14,15,16,17,18,19,22,23,24,25,26,27	323	406	456	2|27|0|0|0|0|1|2|0|0|0|0
CT	Lonstr	LTR	ERVL	TguLTRL2b3	NC_042565.1:53407765-53409178-	NC_042595.1:12139088-12140485+	49	121	0	411,412,417,427,435,447,461,474,478,493,511,512,513,514,516,517	394,395,400,413,422,434,447,461,465,480,496,497,498,499,501,502	1	2,3,4,5,6,7,8,9,10,11,12,13,14,15,16,17	109	109	1037	47|49|0|4|1|2|7|6|3|1|1|0
CT	Lonstr	LTR	ERVL	TguLTRL2a5	NC_042567.1:74341121-74342327+	NC_042569.1:19115432-19116834+	68	198	0	138,140,141,142,150,152,156,158,478,485,486,495,508,513	142,144,145,146,154,156,160,162,480,487,488,497,511,516	2	12,13,14,15,16,17,18,19,41,42,43,44,45,46	58	375	1206	49|68|5|11|3|6|23|9|5|7|3|9
CT	Lonstr	LTR	ERVL	TguLTRL2a5	NC_042567.1:76511050-76512425+	NC_042569.1:19115432-19116834+	67	188	0	124,129,131,132,133,141,143,147,149,705,708,711,723,740	137,142,144,145,146,154,156,160,162,727,730,733,745,762	2	10,11,12,13,14,15,16,17,18,46,47,48,49,50	62	626	1388	61|67|3|7|0|3|15|11|3|5|3|10
CT	Lonstr	LTR	ERVL	TguLTRL2a5	NC_042567.1:119569584-119570971+	NC_042569.1:19115432-19116834+	79	210	0	137,144,145,146,154,156,160,162,284,285,288,291,294,442,448,456,460,463	137,144,145,146,154,156,160,162,283,284,287,290,293,466,472,480,484,487	3	14,15,16,17,18,19,20,21,31,32,33,34,35,42,43,44,45,46	59	351	1394	64|79|2|9|1|8|17|9|3|10|1|7
CT	Lonstr	LTR	ERVL	TguLTRL2a5	NC_042567.1:121024582-121025808+	NC_042569.1:19115432-19116834+	74	177	0	137,144,145,146,154,158,160,162,282,283,286,289,292,459,463,466,490,495	137,144,145,146,155,160,162,164,283,284,287,290,293,480,484,487,511,516	3	12,13,14,15,16,17,18,19,29,30,31,32,33,41,42,43,44,45	76	380	1230	49|74|2|8|1|4|16|6|3|5|1|8
CT	Lonstr	LTR	ERVL	TguLTRL2a5	NC_042567.1:122955609-122956997+	NC_042569.1:19115432-19116834+	79	202	0	137,144,145,146,154,158,160,162,680,691,701,704,707,719	137,144,145,146,155,160,162,164,706,717,727,730,733,745	2	13,14,15,16,17,18,19,20,51,52,53,54,55,56	68	609	1388	63|79|1|7|2|6|17|7|3|9|1|7
CT	Lonstr	LTR	ERVL	TguLTRL2b3	NC_042565.1:60029327-60030711-	NC_042585.1:1280390-1281789-	42	117	0	109,117,132,134,143,147,164,165,168,169,175	109,117,132,134,143,147,162,163,166,167,173	2	4,5,6,7,8,9,11,12,13,14,15	51	65	1391	46|42|2|4|4|1|7|6|2|0|1|2
CT	Lonstr	LTR	ERVL	TguLTRL2b3	NC_042565.1:60029327-60030711-	NC_042595.1:12139088-12140485+	71	149	0	165,205,229,230,231,291,300,303,308,314,316,324,326,329,330,384,385,403,412,424,437,450,454,469,489,490,491,493,494,597,598,606,607,619,624,627	165,204,235,236,237,297,306,309,315,321,323,331,333,336,337,394,395,413,422,434,447,461,465,480,497,498,499,501,502,610,611,619,620,632,637,640	5	9,10,11,12,13,17,18,19,20,21,22,23,24,25,26,29,30,31,32,33,34,35,36,37,38,39,40,41,42,44,45,46,47,48,49,50	255	476	1390	58|71|0|6|0|3|6|2|3|0|0|0
CT	Lonstr	LTR	ERVL	TguLTRL2b3	NC_042565.1:61172628-61173035+	NC_042595.1:12139088-12140485+	36	50	0	225,231,232,233,234,294,303,306,312,314,317,318,326,328,331,332	228,234,235,236,237,297,306,309,315,317,320,321,331,333,336,337	2	12,13,14,15,16,20,21,22,23,24,25,26,27,28,29,30	51	110	409	11|36|0|1|0|0|2|0|0|0|0|0
CT	Lonstr	LTR	ERVL	TguLTRL2b3	NC_042565.1:61172628-61173035+	NC_042568.1:54450917-54452299+	30	55	0	108,116,125,131,133,306,311,314,317,318,325,48,64,83,85	109,117,126,132,134,298,303,306,309,310,317,48,64,83,85	2	5,6,7,8,9,10,11,12,13,23,24,25,26,27,28	107	270	404	12|30|2|1|1|0|3|1|2|1|1|1
CT	Lonstr	LTR	ERVL	TguLTRL2b2	NC_042565.1:64405694-64407097+	NC_042568.1:32529478-32530882-	80	223	0	108,116,117,161,163,166,167,168,172,173,301,302,303,304,306,307,308,309,310,318,324,348,356,360,363,368,83,85,92	108,116,117,163,165,168,169,170,174,175,303,304,305,306,308,309,310,311,312,320,326,350,358,362,365,371,82,84,91	4	6,7,8,9,10,11,19,20,21,22,23,24,25,35,36,37,38,39,40,41,42,43,44,45,46,47,48,49,50	119	290	1395	64|80|2|3|6|4|40|13|6|2|0|3
CT	Lonstr	LTR	ERVL	TguLTRL2a5	NC_042568.1:30059066-30060466+	NC_042569.1:19115432-19116834+	72	209	0	137,144,145,146,154,156,160,162,461,469,473,476,477,486	137,144,145,146,154,156,160,162,472,480,484,487,488,497	2	12,13,14,15,16,17,18,19,41,42,43,44,45,46	52	361	1394	63|72|2|7|3|5|14|17|8|9|0|9
CT	Lonstr	LTR	ERVL	TguLTRL2b3	NC_042565.1:61444013-61445394-	NC_042595.1:12139088-12140485+	72	153	0	287,296,299,308,309,311,319,321,324,325,382,383,387,401,410,422,435,448,452,467,485,486,487,488,490,491,608,609,621,626,629	297,306,309,320,321,323,331,333,336,337,394,395,399,413,422,434,447,461,465,480,496,497,498,499,501,502,619,620,632,637,640	5	18,19,20,21,22,23,24,25,26,27,31,32,33,34,35,36,37,38,39,40,41,42,43,44,45,46,50,51,52,53,54	174	344	1389	61|72|0|1|1|1|9|3|4|0|1|0
CT	Lonstr	LTR	ERVL	TguLTRL2b3	NC_042565.1:64555608-64556989+	NC_042585.1:1280390-1281789-	45	127	0	109,117,132,134,143,147,150,154,163,164,167,168,174	109,117,132,134,143,147,150,154,162,163,166,167,173	2	4,5,6,7,8,9,10,11,12,13,14,15,16	66	65	1390	44|45|1|5|6|4|9|6|4|0|1|2
CT	Lonstr	LTR	ERVL	TguLTRL2b3	NC_042565.1:64555608-64556989+	NC_042595.1:12139088-12140485+	76	174	0	303,305,307,310,311,313,387,388,394,405,414,426,439,471,488,489,490,491,493,494	313,315,317,320,321,323,394,395,402,413,422,434,447,481,496,497,498,499,501,502	3	21,22,23,24,25,26,32,33,34,35,36,37,38,41,42,43,44,45,46,47	87	190	1389	62|76|0|6|6|4|11|5|3|0|1|0
CT	Lonstr	LTR	ERVL	TguLTRL2b2	NC_042565.1:72427269-72428659-	NW_021818816.1:204-1149+	38	69	0	117,255,260,261,262,287,383,384,409,410,422,425,426,599,61,615,621,629,632,65,84,86	117,266,271,272,273,298,395,396,420,421,433,436,437,60,605,621,627,635,638,64,83,85	4	2,3,4,5,6,11,12,13,14,15,20,21,22,23,24,25,26,31,32,33,34,35	168	579	943	9|38|1|2|0|3|8|4|0|2|1|1
CT	Lonstr	LTR	ERVL	TguLTRL2b3	NC_042565.1:65012900-65014326-	NC_042595.1:12139088-12140485+	39	101	0	422,423,441,450,462,489,493,508,526,527,528,529,531,532,673,703,704,712,720	394,395,413,422,434,461,465,480,496,497,498,499,501,502,643,673,674,682,690	3	1,2,3,4,5,6,7,8,9,10,11,12,13,14,22,23,24,25,26	158	297	1031	49|39|0|1|1|2|4|1|3|0|1|0
CT	Lonstr	LTR	ERVL	TguLTRL2b2	NC_042565.1:72427269-72428659-	NC_042565.1:76188071-76189469+	155	231	0	1051,1062,1069,1071,109,1092,1125,1126,1136,1138,1140,116,117,118,205,206,207,212,213,244,250,251,255,260,262,265,296,298,299,304,305,306,307,309,310,311,319,321,323,324,325,369,372,375,382,383,384,417,421,422,426,435,481,485,486,487,488,490,491,493,556,572,582,589,599,600,608,609,61,611,615,65,662,663,671,679,685,700,784,786,79,791,797,799,801,805,806,807,83,834,835,84,849,86,864,866,867,869,876,93,947,95,965,968,973,983,986	1061,1072,1079,1081,109,1098,1131,1132,1142,1144,1146,116,117,118,205,206,207,212,213,254,260,261,265,270,272,275,306,308,309,314,315,316,317,319,320,321,329,331,333,334,335,379,382,385,392,393,394,427,431,432,436,445,491,495,496,497,498,500,501,503,566,582,592,599,60,609,610,618,619,621,625,64,671,672,680,688,694,709,78,793,795,800,806,808,810,814,815,816,82,83,844,845,85,859,874,876,877,879,886,92,94,956,974,977,982,993,996	15	3,4,5,6,7,8,9,10,11,12,13,14,23,24,25,26,27,30,31,32,33,34,35,36,38,39,40,41,42,43,44,45,46,47,48,49,50,51,52,56,57,58,59,60,61,65,66,67,68,69,73,74,75,76,77,78,79,80,85,86,87,88,89,90,91,92,93,94,99,100,101,102,103,104,109,110,111,112,113,114,115,116,117,118,119,120,122,123,124,125,126,134,135,136,137,138,139,144,145,146,147,148,151,152,153,154,155	443	1087	1394	44|155|1|6|0|4|8|2|1|5|0|5
CT	Lonstr	LTR	ERVL	TguLTRL2a5	NC_042568.1:90081368-90082753+	NC_042569.1:19115432-19116834+	76	190	0	137,144,145,146,154,156,284,285,288,291,294,480,484,487,488,511	137,144,145,146,154,156,283,284,287,290,293,480,484,487,488,511	3	12,13,14,15,16,17,29,30,31,32,33,43,44,45,46,47	63	375	1347	52|76|2|10|2|4|19|10|4|5|3|3
CT	Lonstr	LTR	ERVL	TguLTRL2a5	NC_042568.1:90146287-90147674-	NC_042569.1:19115432-19116834+	73	200	0	137,144,145,146,154,156,160,162,453,459,467,474,475	137,144,145,146,154,156,160,162,466,472,480,487,488	2	13,14,15,16,17,18,19,20,39,40,41,42,43	49	352	1394	66|73|4|9|1|2|17|10|7|4|2|5
CT	Lonstr	LTR	ERVL	TguLTRL2b3	NC_042565.1:65074073-65075299+	NC_042585.1:1280390-1281789-	48	112	0	109,117,132,134,143,147,150,154,163,164,167,168,174,630,642,646,652,655	109,117,132,134,143,147,150,154,162,163,166,167,173,626,638,642,648,651	3	4,5,6,7,8,9,10,11,12,13,14,15,16,36,37,38,39,40	92	543	1219	38|48|1|1|4|1|7|6|3|1|0|2
CT	Lonstr	LTR	ERVL	TguLTRL2b3	NC_042565.1:65074073-65075299+	NC_042595.1:12139088-12140485+	69	146	0	285,294,297,302,304,306,309,408,409,413,427,436,474,478,493,511,512,513,514,516,517,652,654,682,683,691,699	297,306,309,313,315,317,320,394,395,399,413,422,461,465,480,496,497,498,499,501,502,643,645,673,674,682,690	4	16,17,18,19,20,21,22,27,28,29,30,31,34,35,36,37,38,39,40,41,42,50,51,52,53,54,55	143	394	1218	50|69|2|4|2|1|8|2|4|1|0|3
CT	Lonstr	LTR	ERVL	TguLTRL2b2	NC_042565.1:76189698-76191095+	NW_021818816.1:204-1149+	41	73	0	117,130,132,14,233,263,268,269,270,295,304,307,312,314,317,33,4,418,419,431,434,435,608,624,630,637,64,640,74,83,85	117,130,132,14,236,266,271,272,273,298,307,310,314,316,319,33,4,420,421,433,436,437,605,621,627,635,638,64,74,83,85	4	1,2,3,4,5,6,7,8,9,10,12,13,14,15,16,17,18,19,20,21,22,25,26,27,28,29,34,35,36,37,38	265	635	947	7|41|1|1|0|1|16|3|0|2|0|1
CT	Lonstr	LTR	ERVL	TguLTRL2a5	NC_042568.1:96757067-96758305+	NC_042569.1:19115432-19116834+	68	168	0	137,144,145,146,154,156,160,162,455,469,476,477,486	137,144,145,146,154,156,160,162,466,480,487,488,497	2	13,14,15,16,17,18,19,20,36,37,38,39,40	58	361	1231	48|68|3|6|2|2|12|9|3|6|2|7
CT	Lonstr	LTR	ERVL	TguLTRL2a5	NC_042569.1:17684463-17685841+	NC_042569.1:19115432-19116834+	71	194	0	133,140,141,142,150,152,156,158,280,281,284,287,290,449,463,470,471,480	137,144,145,146,154,156,160,162,283,284,287,290,293,466,480,487,488,497	3	12,13,14,15,16,17,18,19,28,29,30,31,32,38,39,40,41,42	69	361	1390	63|71|2|8|1|3|18|10|5|8|1|4
CT	Lonstr	LTR	ERVL	TguLTRL2b3	NC_042565.1:67741147-67742498+	NC_042595.1:12139088-12140485+	68	150	0	277,286,289,298,299,301,309,311,314,315,372,373,380,391,400,412,425,438,442,457,475,476,477,478,480,481	297,306,309,320,321,323,331,333,336,337,394,395,402,413,422,434,447,461,465,480,496,497,498,499,501,502	4	17,18,19,20,21,22,23,24,25,26,30,31,32,33,34,35,36,37,38,39,40,41,42,43,44,45	152	206	1374	60|68|0|3|2|1|10|1|3|1|0|1
CT	Lonstr	LTR	ERVL	TguLTRL2b3	NC_042565.1:70411270-70412042+	NC_042595.1:12139088-12140485+	49	144	0	388,389,393,406,407,489,490,491,493,494,661,662,669,670,678	394,395,399,410,411,496,497,498,500,501,673,674,681,682,690	3	20,21,22,23,24,30,31,32,33,34,45,46,47,48,49	42	297	746	32|49|4|7|5|8|13|5|4|4|3|10
CT	Lonstr	LTR	ERVL	TguLTRL2b2	NC_042565.1:93557809-93559197+	NC_042568.1:32529478-32530882-	77	224	0	109,117,118,139,143,146,148,150,159,161,164,165,166,170,171,289,291,292,296,297,298,299,301,303,304,305,313,319,498,502,504,507,509,631,632,642,644,645	108,116,117,142,146,149,151,153,163,165,168,169,170,174,175,295,297,298,303,304,305,306,308,310,311,312,320,326,507,511,513,516,518,640,641,651,653,654	6	9,10,11,12,13,14,15,16,17,18,19,20,21,22,23,28,29,30,31,32,33,34,35,36,37,38,39,40,55,56,57,58,59,64,65,66,67,68	129	547	1396	94|77|3|6|8|1|12|7|6|4|3|3
CT	Lonstr	LTR	ERVL	TguLTRL2b3	NC_042565.1:73026519-73027944+	NC_042585.1:1280390-1281789-	46	134	0	109,117,132,134,143,147,150,154,163,164,167,168,174,359,374,379,380,383	109,117,132,134,143,147,150,154,162,163,166,167,173,346,361,366,367,370	3	4,5,6,7,8,9,10,11,12,13,14,15,16,21,22,23,24,25	91	262	1410	51|46|2|5|4|2|10|6|1|4|0|3
CT	Lonstr	LTR	ERVL	TguLTRL2b3	NC_042565.1:73026519-73027944+	NC_042595.1:12139088-12140485+	71	156	0	203,227,233,234,235,236,296,305,308,315,318,319,419,420,438,447,459,472,485,489,504,522,523,524,525,527,528	204,228,234,235,236,237,297,306,309,317,320,321,394,395,413,422,434,447,461,465,480,496,497,498,499,501,502	4	11,12,13,14,15,16,20,21,22,23,24,25,30,31,32,33,34,35,36,37,38,39,40,41,42,43,44	169	299	1407	60|71|1|4|4|2|7|2|3|0|1|1
CT	Lonstr	LTR	ERVL	TguLTRL2b3	NC_042565.1:73135589-73136971+	NC_042595.1:12139088-12140485+	71	156	0	163,170,224,230,231,232,233,293,302,305,313,314,316,324,326,329,330,387,388,406,415,427,440,453,457,472,489,490,491,492,494,495,603,604,612,613,625	164,171,228,234,235,236,237,297,306,309,320,321,323,331,333,336,337,394,395,413,422,434,447,461,465,481,496,497,498,499,501,502,610,611,619,620,632	6	9,10,11,12,13,14,15,19,20,21,22,23,24,25,26,27,28,32,33,34,35,36,37,38,39,40,41,42,43,44,45,46,48,49,50,51,52	249	469	1389	60|71|0|5|2|2|7|1|5|2|0|1
CT	Lonstr	LTR	ERVL	TguLTRL2b3	NC_042565.1:73753476-73754874-	NC_042595.1:12139088-12140485+	46	133	0	401,402,408,419,428,440,453,466,470,485,503,504,505,506,508,509	394,395,402,413,422,434,447,461,465,480,496,497,498,499,501,502	2	1,2,3,4,5,6,7,8,9,10,11,12,13,14,15,16	110	109	1030	51|46|0|3|4|2|7|8|4|4|2|2
CT	Lonstr	LTR	ERVL	TguLTRL2b3	NC_042565.1:76791779-76793179-	NC_042585.1:1280390-1281789-	46	127	0	109,117,132,134,143,147,150,154,163,164,167,168,174,641,653,657,663,666,83	109,117,132,134,143,147,150,154,162,163,166,167,173,626,638,642,648,651,83	3	2,3,4,5,6,7,8,9,10,11,12,13,14,15,36,37,38,39,40	118	569	1394	46|46|2|2|4|2|11|4|2|5|1|2
CT	Lonstr	LTR	ERVL	TguLTRL2b2	NC_042565.1:95902899-95903421-	NW_021818816.1:204-1149+	30	33	0	117,130,14,263,268,269,270,295,304,307,314,317,33,393,394,4,419,420,432,435,436,458,461,64,83,85	117,130,14,266,271,272,273,298,307,310,316,319,33,395,396,4,420,421,433,436,437,459,462,64,83,85	2	1,2,3,4,5,6,7,8,11,12,13,14,15,16,17,18,19,20,21,22,23,24,25,26,27,28	324	459	522	0|30|0|1|0|0|0|2|0|0|0|0
CT	Lonstr	LTR	ERVL	TguLTRL2b3	NC_042565.1:76791779-76793179-	NC_042595.1:12139088-12140485+	43	113	0	419,420,438,447,459,464,485,489,504,522,523,524,525,527,528	394,395,413,422,434,439,461,465,480,496,497,498,499,501,502	2	1,2,3,4,5,6,8,9,10,11,12,13,14,15,16	88	109	1025	48|43|0|2|3|2|1|6|3|3|1|1
CT	Lonstr	LTR	ERVL	TguLTRL2b3	NC_042565.1:76791779-76793179-	NC_042595.1:12139088-12140485+	29	49	0	164,203,228,234,235,236,237,322,330,332,335,336	165,204,228,234,235,236,237,323,331,333,336,337	2	10,11,12,13,14,15,16,25,26,27,28,29	88	173	353	8|29|0|1|1|1|8|0|0|0|0|1
CT	Lonstr	LTR	ERVL	TguLTRL2b3	NC_042565.1:78862761-78864181+	NC_042585.1:1280390-1281789-	32	58	0	110,118,133,135,144,148,151,155,165,169,170,172,176	109,117,132,134,143,147,150,154,162,166,167,169,173	2	4,5,6,7,8,9,10,11,12,13,14,15,16	66	65	537	17|32|0|1|2|0|0|2|2|1|0|1
CT	Lonstr	LTR	ERVL	TguLTRL2b3	NC_042565.1:80007364-80008737+	NC_042595.1:12139088-12140485+	64	159	0	294,297,301,303,305,382,383,401,410,422,435,448,452,467,484,485,486,487,489,490	306,309,313,315,317,394,395,413,422,434,447,461,465,481,496,497,498,499,501,502	3	14,15,16,17,18,25,26,27,28,29,30,31,32,33,34,35,36,37,38,39	122	197	1385	57|64|0|3|3|3|10|5|6|2|2|4
CT	Lonstr	LTR	ERVL	TguLTRL2b3	NC_042565.1:86882752-86884163-	NC_042585.1:1280390-1281789-	50	128	0	108,116,131,133,142,146,153,158,164,167,168,174,632,644,648,654,657,74,80,83	109,117,132,134,143,147,154,159,163,166,167,173,626,638,642,648,651,74,80,83	2	1,2,3,4,5,6,7,8,9,10,11,12,13,14,15,36,37,38,39,40	126	578	1405	48|50|1|3|4|1|11|6|2|1|0|1
CT	Lonstr	LTR	ERVL	TguLTRL2b3	NC_042565.1:94853496-94854889+	NC_042585.1:1280390-1281789-	49	130	0	109,117,132,134,143,163,164,167,168,174,621,633,637,643,646,83	109,117,132,134,143,162,163,166,167,173,626,638,642,648,651,83	3	2,3,4,5,6,7,10,11,12,13,14,35,36,37,38,39	99	569	1391	50|49|1|2|4|0|11|9|2|1|0|1
CT	Lonstr	LTR	ERVL	TguLTRL2b3	NC_042565.1:94853496-94854889+	NC_042595.1:12139088-12140485+	65	160	0	400,401,407,418,427,439,452,464,484,503,504,505,507,508	394,395,402,413,422,434,447,459,481,497,498,499,501,502	2	25,26,27,28,29,30,31,32,33,34,35,36,37,38	110	109	1395	59|65|1|6|5|2|11|4|3|2|1|1
CT	Lonstr	LTR	ERVL	TguLTRL2b2	NC_042566.1:17060057-17061479+	NC_042568.1:32529478-32530882-	76	221	0	162,164,167,168,169,173,174,291,293,294,303,304,305,306,309,310,311,312,317,320,444,447,452,464,465,477,478,481,645,646,656,658,659	163,165,168,169,170,174,175,295,297,298,303,304,305,306,309,310,311,312,317,320,440,443,448,460,461,473,474,477,640,641,651,653,654	5	18,19,20,21,22,23,24,30,31,32,33,34,35,36,37,38,39,40,41,42,52,53,54,55,56,57,58,59,67,68,69,70,71	93	492	1413	83|76|4|8|6|5|12|10|3|3|6|5
CT	Lonstr	LTR	ERVL	TguLTRL2b2	NC_042566.1:22528832-22529387-	NW_021818816.1:204-1149+	32	44	0	118,131,133,267,272,273,274,299,308,311,318,321,397,398,423,424,436,439,440,84,86	117,130,132,266,271,272,273,298,307,310,316,319,395,396,420,421,433,436,437,83,85	2	5,6,7,8,9,14,15,16,17,18,19,20,21,22,23,24,25,26,27,28,29	222	355	547	4|32|1|0|0|0|6|1|0|0|0|0
CT	Lonstr	LTR	ERVL	TguLTRL2b3	NC_042565.1:95224960-95226344+	NC_042585.1:1280390-1281789-	36	63	0	128,130,139,143,146,150,346,361,366,367,370	132,134,143,147,150,154,346,361,366,367,370	2	6,7,8,9,10,11,25,26,27,28,29	48	239	570	12|36|0|0|2|0|6|5|0|1|0|1
CT	Lonstr	LTR	ERVL	TguLTRL2b3	NC_042565.1:95256983-95258045+	NC_042595.1:61275264-61276302-	59	151	0	326,327,354,355,371,372,378,438,439,441,446,448	299,300,325,326,341,342,348,408,409,411,416,418	2	27,28,29,30,31,32,33,36,37,38,39,40	61	120	1023	51|59|4|5|5|3|7|4|6|5|1|1
CT	Lonstr	LTR	ERVL	TguLTRL2b3	NC_042565.1:95318534-95319902-	NC_042595.1:61275264-61276302-	54	142	0	641,642,669,670,686,687,754,755,757,762,764	299,300,325,326,341,342,408,409,411,416,418	2	26,27,28,29,30,31,35,36,37,38,39	55	120	1001	47|54|2|4|4|4|9|8|4|4|0|2
CT	Lonstr	LTR	ERVL	TguLTRL2b3	NC_042565.1:95627864-95628922+	NC_042595.1:61275264-61276302-	63	154	0	177,179,180,182,183,185,320,321,348,349,365,366,372,432,433,435,440,442	168,170,171,173,174,176,299,300,325,326,341,342,348,408,409,411,416,418	3	13,14,15,16,17,18,29,30,31,32,33,34,35,38,39,40,41,42	70	251	1007	49|63|4|3|3|3|13|4|8|3|0|1
CT	Lonstr	LTR	ERVL	TguLTRL2b2	NC_042566.1:32902510-32903911+	NW_021818816.1:204-1149+	32	84	0	391,392,417,418,430,433,434,456,488,499	395,396,420,421,433,436,437,459,491,502	1	16,17,18,19,20,21,22,23,24,25	108	108	949	6|32|2|1|1|0|30|9|0|1|0|2
CT	Lonstr	LTR	ERVL	TguLTRL2b3	NC_042565.1:98832552-98833552+	NC_042595.1:61275264-61276302-	59	143	0	107,108,110,111,113,360,361,363,368,370,506,507,525,541,545	170,171,173,174,176,408,409,411,416,418,547,548,564,580,584	3	14,15,16,17,18,37,38,39,40,41,50,51,52,53,54	56	415	989	44|59|1|4|7|4|10|2|6|4|1|1
CT	Lonstr	LTR	ERVL	TguLTRL2b3	NC_042566.1:3254608-3255944+	NC_042595.1:12139088-12140485+	70	144	0	162,168,169,170,171,195,204,206,231,240,243,249,251,254,255,257,265,267,270,271,414,432,433,434,435,437,438,546,547,555,556,568,573,576	228,234,235,236,237,261,270,272,297,306,309,315,317,320,321,323,331,333,336,337,480,496,497,498,499,501,502,610,611,619,620,632,637,640	5	9,10,11,12,13,14,15,16,17,18,19,20,21,22,23,24,25,26,27,28,40,41,42,43,44,45,46,48,49,50,51,52,53,54	166	413	1334	59|70|0|2|2|1|3|2|2|2|0|1
CT	Lonstr	LTR	ERVL	TguLTRL2b3	NC_042566.1:23873635-23875022-	NC_042595.1:12139088-12140485+	74	159	0	164,204,228,229,230,385,386,392,403,412,424,437,450,454,469,483,487,488,489,490,492,493,601,602,610,611,623,628,631	165,204,235,236,237,394,395,402,413,422,434,447,461,465,480,492,496,497,498,499,501,502,610,611,619,620,632,637,640	3	10,11,12,13,14,31,32,33,34,35,36,37,38,39,40,41,42,43,44,45,46,47,49,50,51,52,53,54,55	213	476	1392	57|74|0|6|1|3|5|6|2|1|2|2
CT	Lonstr	LTR	ERVL	TguLTRL2b3	NC_042566.1:28567418-28568413+	NC_042595.1:61275264-61276302-	48	134	0	104,105,106,108,109,503,504,520,536,540	169,170,171,173,174,547,548,564,580,584	2	3,4,5,6,7,36,37,38,39,40	44	416	935	47|48|0|3|5|4|9|2|3|7|2|4
CT	Lonstr	LTR	ERVL	TguLTRL2b3	NC_042566.1:43070386-43071653-	NC_042595.1:12139088-12140485+	72	158	0	286,295,298,304,306,309,310,313,383,384,402,411,423,436,449,453,468,486,487,488,489,491,492,609,610,622,627,630	297,306,309,315,317,320,321,323,394,395,413,422,434,447,461,465,480,496,497,498,499,501,502,619,620,632,637,640	4	17,18,19,20,21,22,23,24,32,33,34,35,36,37,38,39,40,41,42,43,44,45,46,50,51,52,53,54	159	344	1269	67|72|0|3|0|2|7|1|4|2|0|0
CT	Lonstr	LTR	ERVL	TguLTRL2b3	NC_042566.1:51670971-51672367-	NC_042595.1:12139088-12140485+	71	145	0	143,147,150,164,171,227,233,234,235,236,260,269,271,296,305,308,315,318,319,392,393,411,420,432,445,458,462,477,496,497,498,500,501,609,610,618,619,631,636,639	143,147,150,164,171,228,234,235,236,237,261,270,272,297,306,309,317,320,321,394,395,413,422,434,447,461,465,480,497,498,499,501,502,610,611,619,620,632,637,640	5	7,8,9,10,11,12,13,14,15,16,17,18,19,20,21,22,23,24,25,32,33,34,35,36,37,38,39,40,41,42,43,44,45,47,48,49,50,51,52,53	321	498	1396	61|71|0|4|1|1|3|1|3|0|0|0
CT	Lonstr	LTR	ERVL	TguLTRL2b3	NC_042566.1:64911824-64913097-	NC_042595.1:12139088-12140485+	75	148	0	163,225,231,232,233,234,258,267,269,294,303,306,312,314,317,318,320,329,331,334,335,392,393,398,411,420,477,490,491,495,496,497,498,618,619,631,636,639	165,228,234,235,236,237,261,270,272,297,306,309,315,317,320,321,323,331,333,336,337,394,395,400,413,422,480,493,494,498,499,500,501,619,620,632,637,640	6	10,11,12,13,14,15,16,17,18,19,20,21,22,23,24,25,26,27,28,29,30,34,35,36,37,38,42,43,44,45,46,47,48,52,53,54,55,56	248	476	1272	56|75|0|1|2|1|7|1|2|2|0|1
CT	Lonstr	LTR	ERVL	TguLTRL2b3	NC_042567.1:10957933-10958985+	NC_042595.1:61275264-61276302-	54	139	0	102,107,110,134,137,138,418,419,421,426,428,99	102,107,110,134,137,138,408,409,411,416,418,99	2	9,10,11,12,13,14,15,33,34,35,36,37	51	320	1030	47|54|2|4|5|6|8|2|5|3|1|2
CT	Lonstr	LTR	ERVL	TguLTRL2b2	NC_042567.1:20216239-20217633+	NW_021818816.1:204-1149+	40	62	0	117,130,132,14,266,271,272,273,298,307,310,321,33,396,397,402,421,422,434,437,438,460,463,611,627,633,64,641,644,83,85	117,130,132,14,266,271,272,273,298,307,310,319,33,395,396,401,420,421,433,436,437,459,462,605,621,627,635,638,64,83,85	4	1,2,3,4,5,6,7,8,12,13,14,15,16,17,18,19,20,21,22,23,24,25,26,27,28,29,33,34,35,36,37	351	625	943	9|40|1|1|0|0|3|1|2|3|1|1
CT	Lonstr	LTR	ERVL	TguLTRL2b3	NC_042567.1:19486615-19487897-	NC_042595.1:12139088-12140485+	69	179	0	296,299,305,307,310,313,321,323,326,327,487,488,489,490,492,493	306,309,315,317,320,323,331,333,336,337,496,497,498,499,501,502	3	19,20,21,22,23,24,25,26,27,28,39,40,41,42,43,44	40	197	1285	42|69|0|3|1|2|55|1|3|1|0|2
CT	Lonstr	LTR	ERVL	TguLTRL2b3	NC_042567.1:19486615-19487897-	NC_042585.1:1280390-1281789-	24	44	0	109,117,132,134,143,147,150,154,32,80,83	109,117,132,134,143,147,150,154,32,80,83	1	2,3,4,5,6,7,8,9,10,11,12	123	123	341	6|24|0|0|2|0|6|2|2|1|0|1
CT	Lonstr	LTR	ERVL	TguLTRL2b3	NC_042567.1:27124586-27125993-	NC_042585.1:1280390-1281789-	50	136	0	109,117,132,134,140,143,147,158,164,167,168,174,631,643,647,653,656,80,83	109,117,132,134,140,143,147,159,163,166,167,173,626,638,642,648,651,80,83	3	1,2,3,4,5,6,7,8,9,12,13,14,15,16,33,34,35,36,37	109	572	1399	50|50|1|2|3|3|14|2|4|5|0|2
CT	Lonstr	LTR	ERVL	TguLTRL2b3	NC_042567.1:27124586-27125993-	NC_042595.1:12139088-12140485+	74	187	0	288,297,300,308,309,408,409,414,416,427,436,494,512,513,514,515,517,518,683,684,691,692,700	297,306,309,320,321,394,395,400,402,413,422,480,496,497,498,499,501,502,673,674,681,682,690	4	15,16,17,18,19,24,25,26,27,28,29,34,35,36,37,38,39,40,50,51,52,53,54	95	394	1400	62|74|1|5|7|4|15|5|7|4|0|3
CT	Lonstr	LTR	ERVL	TguLTRL2b3	NC_042567.1:37053015-37054411-	NC_042595.1:12139088-12140485+	73	174	0	128,132,143,147,150,164,171,227,233,234,235,236,320,328,330,333,334,495,496,497,498,500,501,609,610,618,619,631,636,639	128,132,143,147,150,164,171,228,234,235,236,237,323,331,333,336,337,496,497,498,499,501,502,610,611,619,620,632,637,640	4	5,6,7,8,9,10,11,12,13,14,15,16,25,26,27,28,29,41,42,43,44,45,46,48,49,50,51,52,53,54	163	513	1396	42|73|0|2|1|0|50|1|2|1|1|1
CT	Lonstr	LTR	ERVL	TguLTRL2b3	NC_042567.1:56257345-56258767+	NC_042595.1:12139088-12140485+	45	122	0	422,423,427,441,450,462,475,525,526,527,528,530,531	394,395,399,413,422,434,447,496,497,498,499,501,502	2	1,2,3,4,5,6,7,11,12,13,14,15,16	61	109	1035	39|45|1|3|1|4|20|5|2|1|0|1
CT	Lonstr	LTR	ERVL	TguLTRL2b3	NC_042567.1:57631357-57632748-	NC_042595.1:12139088-12140485+	69	128	0	143,147,150,164,171,204,291,300,303,309,311,314,315,384,385,392,403,412,424,438,450,454,470,483,484,488,489,490,491,602,603,611,612,624,629,632	143,147,150,164,171,204,297,306,309,315,317,320,321,394,395,402,413,422,434,447,459,463,480,493,494,498,499,500,501,610,611,619,620,632,637,640	6	7,8,9,10,11,12,16,17,18,19,20,21,22,30,31,32,33,34,35,36,37,38,39,40,41,42,43,44,45,47,48,49,50,51,52,53	228	498	1060	44|69|0|1|2|0|2|3|5|1|0|1
CT	Lonstr	LTR	ERVL	TguLTRL2b3	NC_042567.1:58150956-58152360+	NC_042595.1:12139088-12140485+	68	184	0	304,306,308,311,312,402,403,410,421,430,442,456,469,489,503,506,507,508,509,511,512	313,315,317,320,321,394,395,402,413,422,434,447,459,481,493,496,497,498,499,501,502	3	18,19,20,21,22,27,28,29,30,31,32,33,34,35,36,37,38,39,40,41,42	119	190	1400	62|68|0|8|5|3|17|5|8|2|4|2
CT	Lonstr	LTR	ERVL	TguLTRL2b3	NC_042567.1:58298296-58299703+	NC_042585.1:1280390-1281789-	43	127	0	109,117,132,134,147,634,646,650,656,659,80,83	109,117,132,134,147,626,638,642,648,651,80,83	2	1,2,3,4,5,6,7,30,31,32,33,34	94	572	1398	51|43|1|4|3|0|9|6|5|3|1|1
CT	Lonstr	LTR	ERVL	TguLTRL2b3	NC_042567.1:71230821-71231130-	NC_042568.1:60294273-60294631+	23	39	0	109,116,117,128,132,4,48,64,83,85	109,116,117,128,132,4,48,64,83,85	1	1,2,3,4,5,6,7,8,9,10	129	129	299	12|23|0|0|0|0|1|0|1|1|0|1
CT	Lonstr	LTR	ERVL	TguLTRL2b3	NC_042567.1:74289535-74290932+	NC_042595.1:12139088-12140485+	67	157	0	285,294,297,303,306,308,311,312,322,507,508,509,510,512	297,306,309,313,315,317,320,321,323,496,497,498,499,501	2	17,18,19,20,21,22,23,24,25,38,39,40,41,42	33	205	1397	54|67|1|8|4|2|8|6|3|4|0|0
CT	Lonstr	LTR	ERVL	TguLTRL2b3	NC_042567.1:74490466-74491875-	NC_042585.1:1280390-1281789-	48	126	0	109,117,132,134,147,150,154,159,162,163,166,167,173,629,641,645,651,654,80,83	109,117,132,134,147,150,154,159,162,163,166,167,173,626,638,642,648,651,80,83	3	1,2,3,4,5,6,7,8,9,10,11,12,13,14,15,34,35,36,37,38	121	572	1399	48|48|2|2|4|0|5|9|3|4|1|0
CT	Lonstr	LTR	ERVL	TguLTRL2b3	NC_042567.1:74490466-74491875-	NC_042595.1:12139088-12140485+	66	162	0	284,293,296,300,302,425,434,446,460,472,492,510,511,512,513,515	297,306,309,313,315,413,422,434,447,459,480,496,497,498,499,501	3	16,17,18,19,20,29,30,31,32,33,34,35,36,37,38,39	109	205	1403	58|66|1|7|4|2|8|5|4|4|2|1
CT	Lonstr	LTR	ERVL	TguLTRL2b2	NC_042567.1:57170880-57172295+	NW_021818816.1:204-1149+	37	72	0	117,130,132,258,263,264,265,290,299,302,306,312,465,466,488,519,530,64,83,85	117,130,132,266,271,272,273,298,307,310,314,319,436,437,459,491,502,64,83,85	3	3,4,5,6,7,8,12,13,14,15,16,17,18,19,20,24,25,26,27,28	190	439	959	11|37|3|1|1|1|4|6|2|2|1|3
CT	Lonstr	LTR	ERVL	TguLTRL2b3	NC_042567.1:75805623-75807043-	NC_042585.1:1280390-1281789-	48	130	0	109,117,132,134,143,164,168,169,171,175,369,377,382,383,386	109,117,132,134,143,162,166,167,169,173,353,361,366,367,370	3	3,4,5,6,7,11,12,13,14,15,23,24,25,26,27	65	262	1404	52|48|1|3|4|1|6|9|3|2|0|1
CT	Lonstr	LTR	ERVL	TguLTRL2b3	NC_042567.1:75805623-75807043-	NC_042595.1:12139088-12140485+	42	104	0	421,422,440,449,461,474,486,490,492,494,507,525,526,527,528,530,531	394,395,413,422,434,447,459,463,465,467,480,496,497,498,499,501,502	2	2,3,4,5,6,7,8,9,10,11,12,13,14,15,16,17,18	110	109	1034	52|42|0|1|1|1|1|4|2|0|0|0
CT	Lonstr	LTR	ERVL	TguLTRL2b3	NC_042567.1:75822851-75824170+	NC_042595.1:12139088-12140485+	70	178	0	141,147,148,149,150,210,219,222,231,232,390,408,409,410,411,413,414	228,234,235,236,237,297,306,309,320,321,480,496,497,498,499,501,502	3	8,9,10,11,12,16,17,18,19,20,35,36,37,38,39,40,41	58	275	1315	43|70|0|1|2|1|43|11|2|1|2|2
CT	Lonstr	LTR	ERVL	TguLTRL2b3	NC_042567.1:76829243-76830691-	NC_042568.1:54450917-54452299+	25	41	0	109,117,126,132,134,309,314,317,320,321,48,64,83,85	109,117,126,132,134,298,303,306,309,310,48,64,83,85	2	3,4,5,6,7,8,9,10,11,21,22,23,24,25	100	263	337	9|25|1|1|0|0|3|1|0|1|0|0
CT	Lonstr	LTR	ERVL	TguLTRL2b2	NC_042567.1:71190878-71191404+	NW_021818816.1:204-1149+	31	56	0	117,130,132,259,260,261,294,297,407,408,413,432,433,64,83,85	117,130,132,271,272,273,307,310,395,396,401,420,421,64,83,85	3	4,5,6,7,8,9,13,14,15,16,17,21,22,23,24,25	136	358	507	5|31|1|2|1|0|3|7|2|1|2|1
CT	Lonstr	LTR	ERVL	TguLTRL2b3	NC_042567.1:77024566-77025980+	NC_042585.1:1280390-1281789-	49	131	0	132,134,147,150,154,159,162,163,167,175,633,645,649,655,658	132,134,147,150,154,159,162,163,167,173,626,638,642,648,651	3	6,7,8,9,10,11,12,13,14,15,35,36,37,38,39	69	520	1406	49|49|2|4|4|0|7|9|2|4|0|1
CT	Lonstr	LTR	ERVL	TguLTRL2b2	NC_042567.1:72570630-72572025-	NW_021818816.1:204-1149+	40	66	0	234,264,269,270,271,296,305,308,314,317,392,393,417,418,430,433,434,456,459,488,499	236,266,271,272,273,298,307,310,316,319,395,396,420,421,433,436,437,459,462,491,502	2	12,13,14,15,16,17,18,19,20,21,22,23,24,25,26,27,28,29,30,31,32	268	267	947	9|40|1|1|0|0|6|5|1|2|0|1
CT	Lonstr	LTR	ERVL	TguLTRL2b3	NC_042567.1:77024566-77025980+	NC_042595.1:12139088-12140485+	75	184	0	286,295,298,303,305,307,310,311,410,411,417,428,437,449,452,463,476,480,496,514,515,516,517,519,520	297,306,309,313,315,317,320,321,394,395,402,413,422,434,436,447,461,465,480,496,497,498,499,501,502	3	15,16,17,18,19,20,21,22,28,29,30,31,32,33,34,35,36,37,38,39,40,41,42,43,44	135	206	1405	62|75|2|7|4|3|11|8|4|6|0|2
CT	Lonstr	LTR	ERVL	TguLTRL2b3	NC_042567.1:77869624-77871030-	NC_042595.1:12139088-12140485+	46	120	0	410,411,417,428,437,475,479,494,512,513,514,515,517,518	394,395,402,413,422,461,465,480,496,497,498,499,501,502	2	2,3,4,5,6,9,10,11,12,13,14,15,16,17	71	109	1033	49|46|0|3|1|4|5|4|4|4|0|0
CT	Lonstr	LTR	ERVL	TguLTRL2b3	NC_042567.1:78101176-78102558-	NC_042595.1:12139088-12140485+	67	172	0	289,298,301,307,310,311,386,387,394,405,414,426,440	297,306,309,317,320,321,394,395,402,413,422,434,447	2	16,17,18,19,20,21,28,29,30,31,32,33,34	79	151	1384	66|67|1|4|8|1|11|4|2|3|2|3
CT	Lonstr	LTR	ERVL	TguLTRL2b3	NC_042567.1:78495812-78497212-	NC_042585.1:1280390-1281789-	43	124	0	109,117,134,144,148,151,160,166,169,170,176	109,117,133,143,147,150,159,163,166,167,173	2	4,5,6,7,8,9,11,12,13,14,15	57	65	1399	34|43|4|3|3|2|20|7|1|3|1|3
CT	Lonstr	LTR	ERVL	TguLTRL2b3	NC_042567.1:78495812-78497212-	NC_042595.1:12139088-12140485+	74	166	0	298,299,308,311,320,322,325,326,402,403,409,420,429,441,455,505,506,507,508,510,511,614,615,623,624,636	296,297,306,309,315,317,320,321,394,395,402,413,422,434,447,496,497,498,499,501,502,610,611,619,620,632	4	18,19,20,21,22,23,24,25,31,32,33,34,35,36,37,41,42,43,44,45,46,48,49,50,51,52	110	337	1398	52|74|1|4|3|2|24|2|2|1|1|0
CT	Lonstr	LTR	ERVL	TguLTRL2b3	NC_042567.1:78558632-78560048+	NC_042595.1:12139088-12140485+	72	185	0	290,299,302,307,309,311,316,415,416,422,433,442,454,457,481,485,500,518,519,520,521,523,524	297,306,309,313,315,317,321,394,395,402,413,422,434,436,461,465,480,496,497,498,499,501,502	3	17,18,19,20,21,22,23,28,29,30,31,32,33,34,35,36,37,38,39,40,41,42,43	135	206	1406	51|72|1|7|5|3|23|7|6|3|4|3
CT	Lonstr	LTR	ERVL	TguLTRL2b3	NC_042567.1:78875582-78876974+	NC_042595.1:12139088-12140485+	75	156	0	147,150,152,164,171,205,291,300,303,308,310,312,315,316,318,326,328,331,332,491,492,493,494,496,497	147,150,152,164,171,204,297,306,309,313,315,317,320,321,323,331,333,336,337,496,497,498,499,501,502	4	8,9,10,11,12,13,20,21,22,23,24,25,26,27,28,29,30,31,32,45,46,47,48,49,50	107	356	1389	46|75|0|3|4|1|20|5|2|0|0|0
CT	Lonstr	LTR	ERVL	TguLTRL2b2	NC_042567.1:76684834-76686090-	NC_042568.1:32529478-32530882-	71	190	0	162,164,167,168,169,173,293,295,296,297,300,301,304,305,306,307,315,453,454,466,467,470,506,508,511,636,637,647,649,650	163,165,168,169,170,174,297,300,301,302,305,306,309,310,311,312,320,460,461,473,474,477,511,513,516,640,641,651,653,654	4	18,19,20,21,22,23,29,30,31,32,33,34,35,36,37,38,39,51,52,53,54,55,56,57,58,62,63,64,65,66	108	492	1256	50|71|3|5|5|3|32|6|4|4|2|5
CT	Lonstr	LTR	ERVL	TguLTRL2b3	NC_042567.1:79323828-79325226+	NC_042585.1:1280390-1281789-	47	106	0	132,134,143,147,150,154,159,162,163,167,175,631,643,647,653,656	132,134,143,147,150,154,159,162,163,167,173,626,638,642,648,651	3	6,7,8,9,10,11,12,13,14,15,16,37,38,39,40,41	69	520	1132	39|47|1|1|2|1|2|9|0|1|2|1
CT	Lonstr	LTR	ERVL	TguLTRL2b3	NC_042567.1:81370249-81371619-	NC_042595.1:12139088-12140485+	67	152	0	295,298,304,306,308,311,312,382,383,389,400,409,421,434,447,451,466,483,484,485,486,488,489	306,309,313,315,317,320,321,394,395,402,413,422,434,447,461,465,481,496,497,498,499,501,502	3	15,16,17,18,19,20,21,28,29,30,31,32,33,34,35,36,37,38,39,40,41,42,43	126	197	1383	57|67|0|4|3|2|7|4|3|2|2|1
CT	Lonstr	LTR	ERVL	TguLTRL2b2	NC_042567.1:78163543-78164935-	NC_042568.1:32529478-32530882-	76	227	0	163,165,168,169,170,174,175,300,301,302,304,305,306,307,308,316,322,354,358,361,366,367,370,372,405,407,412,432,436,439,444,458,504,509,511,514,516,638,639,649,651,652	163,165,168,169,170,174,175,304,305,306,308,309,310,311,312,320,326,358,362,365,370,371,374,376,412,414,420,436,440,443,448,461,506,511,513,516,518,640,641,651,653,654	6	16,17,18,19,20,21,22,30,31,32,33,34,35,36,37,38,39,40,41,42,43,44,45,46,47,48,49,50,51,52,53,54,58,59,60,61,62,67,68,69,70,71	201	492	1398	77|76|4|5|5|3|32|7|6|2|4|6
CT	Lonstr	LTR	ERVL	TguLTRL2b3	NC_042567.1:81497181-81498556-	NC_042595.1:12139088-12140485+	71	158	0	286,295,298,303,305,308,309,378,379,397,406,418,421,430,432,464,481,482,483,484,486,487	297,306,309,315,317,320,321,394,395,413,422,434,436,445,447,481,496,497,498,499,501,502	3	16,17,18,19,20,21,22,28,29,30,31,32,33,34,35,38,39,40,41,42,43,44	101	206	1386	60|71|0|4|2|3|8|3|4|1|0|2
CT	Lonstr	LTR	ERVL	TguLTRL2b3	NC_042567.1:81497181-81498556-	NC_042585.1:1280390-1281789-	22	45	0	110,118,133,135,144,148,153,155,160,163,164,167,168,174	109,117,132,134,143,147,152,154,159,162,163,166,167,173	2	3,4,5,6,7,8,9,10,11,12,13,14,15,16	66	65	335	10|22|1|0|2|0|6|1|1|1|1|0
CT	Lonstr	LTR	ERVL	TguLTRL2b3	NC_042567.1:83507821-83509238-	NC_042585.1:1280390-1281789-	44	122	0	108,116,131,133,142,146,157,163,166,167,173,648,660,664,670,673,83	109,117,132,134,143,147,159,163,166,167,173,626,638,642,648,651,83	3	1,2,3,4,5,6,7,9,10,11,12,13,32,33,34,35,36	106	569	1403	50|44|2|3|4|1|5|5|3|1|2|2
CT	Lonstr	LTR	ERVL	TguLTRL2b2	NC_042567.1:78214510-78215913+	NC_042568.1:32529478-32530882-	81	223	0	163,165,168,169,170,174,175,293,295,296,300,301,302,304,306,307,308,316,322,630,635,636,646,648,649	163,165,168,169,170,174,175,295,297,298,304,305,306,308,310,311,312,320,326,635,640,641,651,653,654	4	18,19,20,21,22,23,24,31,32,33,34,35,36,37,38,39,40,41,42,66,67,68,69,70,71	66	492	1403	62|81|3|5|8|4|40|4|3|5|3|5
CT	Lonstr	LTR	ERVL	TguLTRL2b3	NC_042567.1:84280877-84282272-	NC_042595.1:12139088-12140485+	44	131	0	400,401,419,428,440,466,470,485,501,502,503,505,506	394,395,413,422,434,461,465,480,497,498,499,501,502	2	1,2,3,4,5,6,7,8,9,10,11,12,13	110	109	1029	51|44|0|4|1|5|12|5|3|3|1|2
CT	Lonstr	LTR	ERVL	TguLTRL2b2	NC_042567.1:78340650-78341002-	NW_021818816.1:204-1149+	20	26	0	117,130,14,235,265,270,271,272,297,306,309,315,318,33,4,64,83,85	117,130,14,236,266,271,272,273,298,307,310,316,319,33,4,64,83,85	2	1,2,3,4,5,6,7,8,11,12,13,14,15,16,17,18,19,20	211	316	352	2|20|1|1|0|1|0|1|0|0|0|0
CT	Lonstr	LTR	ERVL	TguLTRL2b3	NC_042567.1:84951450-84952833-	NC_042595.1:12139088-12140485+	69	153	0	143,147,150,164,171,205,304,306,308,311,312,382,383,401,410,422,467,485,487,488,490,491,594,595,603,604,616,621,624	143,147,150,164,171,204,313,315,317,320,321,394,395,413,422,434,480,496,498,499,501,502,610,611,619,620,632,637,640	5	7,8,9,10,11,12,19,20,21,22,23,31,32,33,34,35,37,38,39,40,41,42,44,45,46,47,48,49,50	166	498	1390	54|69|0|2|3|3|14|2|3|1|0|2
CT	Lonstr	LTR	ERVL	TguLTRL2b2	NC_042567.1:80872611-80873266+	NW_021818816.1:204-1149+	42	64	0	264,269,270,271,296,305,308,312,314,317,392,393,398,417,418,430,433,434,456,459,478,488,499	266,271,272,273,298,307,310,314,316,319,395,396,401,420,421,433,436,437,459,462,481,491,502	3	15,16,17,18,19,20,21,22,23,24,25,26,27,28,29,30,31,32,33,34,35,36,37	239	237	656	6|42|0|1|0|0|9|2|1|2|1|0
CT	Lonstr	LTR	ERVL	TguLTRL2b3	NC_042567.1:103120131-103121523-	NC_042595.1:12139088-12140485+	45	112	0	397,398,404,415,424,436,463,467,482,500,501,502,503,505,506,635,638,640,641,670,671,679,687	394,395,402,413,422,434,461,465,480,496,497,498,499,501,502,637,640,643,644,673,674,682,690	3	1,2,3,4,5,6,7,8,9,10,11,12,13,14,15,21,22,23,24,25,26,27,28	164	297	1032	47|45|0|2|3|2|4|6|1|0|1|1
CT	Lonstr	LTR	ERVL	TguLTRL2b2	NC_042567.1:81034515-81035821+	NC_042568.1:32529478-32530882-	76	199	0	108,116,117,127,133,163,165,168,169,170,174,284,286,287,293,294,295,296,349,352,357,360,362,397,399,404,430,433,438,621,626,627,632,637,640	108,116,117,127,133,163,165,168,169,170,174,295,297,298,308,309,310,311,362,365,371,374,376,412,414,420,440,443,448,635,640,641,646,651,654	6	9,10,11,12,13,18,19,20,21,22,23,29,30,31,32,33,34,35,38,39,40,41,42,43,44,45,46,47,48,61,62,63,64,65,66	163	547	1252	38|76|2|2|4|5|49|5|5|1|3|9
CT	Lonstr	LTR	ERVL	TguLTRL2b3	NC_042567.1:120847455-120848745-	NC_042595.1:61275264-61276302-	58	127	0	490,491,493,494,496,878,879,895,911,915	170,171,173,174,176,547,548,564,580,584	2	14,15,16,17,18,50,51,52,53,54	45	415	742	29|58|1|5|5|5|10|4|4|4|1|1
CT	Lonstr	LTR	ERVL	TguLTRL2b2	NC_042567.1:83754996-83755908-	NW_021818816.1:204-1149+	37	75	0	252,257,258,259,284,293,296,300,302,305,380,381,386,405,406,418,421,422	266,271,272,273,298,307,310,314,316,319,395,396,401,420,421,433,436,437	2	10,11,12,13,14,15,16,17,18,19,20,21,22,23,24,25,26,27	173	172	922	10|37|1|2|1|2|10|7|0|1|2|2
CT	Lonstr	LTR	ERVL	TguLTRL2b3	NC_042567.1:124482868-124483189-	NC_042595.1:12139088-12140485+	22	34	0	143,147,150,164,171,204,234,235,236,237,261,270,272	143,147,150,164,171,204,234,235,236,237,261,270,272	1	7,8,9,10,11,12,13,14,15,16,17,18,19	130	130	309	8|22|0|1|0|0|2|0|0|1|0|0
CT	Lonstr	LTR	ERVL	TguLTRL2b3	NC_042567.1:134524475-134525887+	NC_042595.1:12139088-12140485+	40	103	0	500,518,519,521,523,524,632,641,642,654,659,662	480,496,497,499,501,502,610,619,620,632,637,640	2	9,10,11,12,13,14,16,17,18,19,20,21	54	161	1021	48|40|2|1|1|2|1|2|3|1|1|1
CT	Lonstr	LTR	ERVL	TguLTRL2b3	NC_042567.1:134524475-134525887+	NC_042595.1:12139088-12140485+	21	33	0	163,202,226,232,233,234,235,259,268,270	164,204,228,234,235,236,237,261,270,272	1	9,10,11,12,13,14,15,16,17,18	109	109	311	7|21|0|1|0|0|2|2|0|0|0|0
CT	Lonstr	LTR	ERVL	TguLTRL2b2	NC_042567.1:88797581-88798976+	NW_021818816.1:204-1149+	34	40	0	117,130,132,14,266,271,272,273,298,307,310,316,319,33,398,399,4,405,424,425,437,440,441,463,466,495,64,83,85	117,130,132,14,266,271,272,273,298,307,310,316,319,33,395,396,4,401,420,421,433,436,437,459,462,491,64,83,85	3	1,2,3,4,5,6,7,8,9,14,15,16,17,18,19,20,21,22,23,24,25,26,27,28,29,30,31,32,33	356	488	550	4|34|0|0|0|0|0|2|0|0|0|0
CT	Lonstr	LTR	ERVL	TguLTRL2b3	NC_042567.1:142979638-142980893-	NC_042595.1:12139088-12140485+	67	143	0	10,122,13,131,133,158,170,177,180,181,183,191,193,196,197,27,320,324,339,34,357,358,359,360,362,363,466,467,475,476,488,493,496,6,89,95,97,98	143,147,150,164,171,228,234,236,237,261,270,272,297,309,317,320,321,323,331,333,336,337,461,465,480,496,497,498,499,501,502,610,611,619,620,632,637,640	6	1,2,3,4,5,6,7,8,9,10,11,12,13,14,15,16,17,18,19,20,21,22,31,32,33,34,35,36,37,38,39,41,42,43,44,45,46,47	271	498	1256	54|67|0|1|2|2|14|1|2|0|0|0
CT	Lonstr	LTR	ERVL	TguLTRL2b3	NC_042567.1:144554263-144555290+	NC_042595.1:12139088-12140485+	44	116	0	100,115,132,133,134,135,137,138,31,32,38,49,58,96	394,395,402,413,422,461,465,481,496,497,498,499,501,502	2	1,2,3,4,5,8,9,10,11,12,13,14,15,16	71	109	1027	47|44|1|2|2|1|5|6|4|0|0|4
CT	Lonstr	LTR	ERVL	TguLTRL2b2	NC_042567.1:97063325-97064053-	NW_021818816.1:204-1149+	38	57	0	117,130,132,431,434,435,457,460,489,500,64,83,85	117,130,132,433,436,437,459,462,491,502,64,83,85	2	4,5,6,7,8,9,27,28,29,30,31,32,33	139	439	726	6|38|0|0|0|1|4|4|0|4|0|0
CT	Lonstr	LTR	ERVL	TguLTRL2b3	NC_042568.1:33206955-33208008+	NC_042595.1:61275264-61276302-	60	140	0	156,166,168,169,171,172,174,420,421,423,428,430,560,561,577,593,597	157,168,170,171,173,174,176,408,409,411,416,418,547,548,564,580,584	3	12,13,14,15,16,17,18,38,39,40,41,42,50,51,52,53,54	69	428	1027	41|60|1|3|7|2|13|3|4|2|3|1
CT	Lonstr	LTR	ERVL	TguLTRL2b3	NC_042568.1:33492510-33493937+	NC_042595.1:12139088-12140485+	40	108	0	424,425,443,452,464,477,490,494,509,528,529,530,532,533	394,395,413,422,434,447,461,465,480,497,498,499,501,502	1	1,2,3,4,5,6,7,8,9,10,11,12,13,14	109	109	1036	47|40|0|4|3|1|4|2|2|2|1|2
CT	Lonstr	LTR	ERVL	TguLTRL2b3	NC_042568.1:33499182-33500609+	NC_042595.1:12139088-12140485+	40	108	0	424,425,443,452,464,477,490,494,509,528,529,530,532,533	394,395,413,422,434,447,461,465,480,497,498,499,501,502	1	1,2,3,4,5,6,7,8,9,10,11,12,13,14	109	109	1036	47|40|0|4|3|1|4|2|2|2|1|2
CT	Lonstr	LTR	ERVL	TguLTRL2b2	NC_042567.1:114100534-114100940-	NW_021818816.1:204-1149+	24	30	0	117,130,132,14,265,270,271,272,297,306,309,315,318,33,4,64,83,85	117,130,132,14,266,271,272,273,298,307,310,316,319,33,4,64,83,85	2	1,2,3,4,5,6,7,8,9,14,15,16,17,18,19,20,21,22	183	316	408	1|24|0|0|1|0|3|1|0|0|0|0
CT	Lonstr	LTR	ERVL	TguLTRL2b2	NC_042567.1:122238962-122240356-	NW_021818816.1:204-1149+	39	61	0	117,130,132,205,234,264,269,270,271,33,394,395,420,421,433,436,437,610,626,632,64,640,643,83,85	117,130,132,207,236,266,271,272,273,33,395,396,420,421,433,436,437,605,621,627,635,638,64,83,85	4	3,4,5,6,7,8,9,10,11,12,13,14,15,20,21,22,23,24,25,26,31,32,33,34,35	319	606	947	7|39|1|3|0|0|3|3|2|2|0|1
CT	Lonstr	LTR	ERVL	TguLTRL2b3	NC_042568.1:35160253-35161657+	NC_042595.1:12139088-12140485+	70	159	0	142,146,149,163,170,258,260,285,294,297,300,301,303,305,308,471,475,491,505,506,509,510,511,512,619,620,628,629,641,681,682,685,690,698	143,147,150,164,171,270,272,297,306,309,312,313,315,317,320,459,463,480,494,495,498,499,500,501,610,611,619,620,632,673,674,677,682,690	5	6,7,8,9,10,13,14,15,16,17,18,19,20,21,22,34,35,36,37,38,39,40,41,42,44,45,46,47,48,53,54,55,56,57	164	548	1400	50|70|3|9|1|5|9|4|4|0|1|3
CT	Lonstr	LTR	ERVL	TguLTRL2b3	NC_042568.1:38409176-38410561-	NC_042585.1:1280390-1281789-	48	129	0	109,117,132,134,143,147,150,154,159,162,163,166,167,173,347,367,372,373,376,80,83	109,117,132,134,143,147,150,154,159,162,163,166,167,173,346,361,366,367,370,80,83	3	2,3,4,5,6,7,8,9,10,11,12,13,14,15,16,17,24,25,26,27,28	120	291	1392	48|48|3|2|3|4|7|8|2|2|1|1
CT	Lonstr	LTR	ERVL	TguLTRL2b3	NC_042568.1:38714149-38715536-	NC_042595.1:12139088-12140485+	41	105	0	523,524,525,526,528,529,637,638,646,647,659,664,667	496,497,498,499,501,502,610,611,619,620,632,637,640	2	10,11,12,13,14,15,17,18,19,20,21,22,23	38	145	1001	47|41|0|3|0|1|10|1|2|0|0|0
CT	Lonstr	LTR	ERVL	TguLTRL2b3	NC_042568.1:38714149-38715536-	NC_042568.1:54450917-54452299+	25	51	0	109,117,126,301,305,306,309,312,313,48,83,85	109,117,126,298,302,303,306,309,310,48,83,85	2	4,5,6,7,8,9,20,21,22,23,24,25	92	263	355	13|25|1|0|2|0|5|2|1|2|0|0
CT	Lonstr	LTR	ERVL	TguLTRL2b3	NC_042568.1:44770217-44771591-	NC_042595.1:12139088-12140485+	66	165	0	286,295,298,304,307,381,382,388,399,408,420,433,446,450,466,484,485,486,487,489,490	297,306,309,317,320,394,395,402,413,422,434,447,461,465,480,496,497,498,499,501,502	3	15,16,17,18,19,25,26,27,28,29,30,31,32,33,34,35,36,37,38,39,40	134	206	1385	62|66|0|7|5|2|5|3|6|2|4|3
CT	Lonstr	LTR	ERVL	TguLTRL2b3	NC_042568.1:48325076-48326477+	NC_042595.1:12139088-12140485+	66	173	0	164,204,226,227,228,305,306,307,309,311,385,386,390,406,427,441,454,458,473,491,492,493,494,496,497,605,606,614,615,627,632,635	165,204,235,236,237,311,312,313,315,317,394,395,399,413,434,447,461,465,480,496,497,498,499,501,502,610,611,619,620,632,637,640	5	10,11,12,13,14,19,20,21,22,23,25,26,27,28,29,30,31,32,33,34,35,36,37,38,39,41,42,43,44,45,46,47	221	476	1399	58|66|1|9|4|6|10|5|5|3|0|6
CT	Lonstr	LTR	ERVL	TguLTRL2b2	NC_042567.1:130101084-130101784+	NW_021818816.1:204-1149+	35	48	0	118,131,133,14,265,270,271,272,297,306,309,315,318,393,394,4,419,420,432,435,436,458,461,490,501,65,75,84,86	117,130,132,14,266,271,272,273,298,307,310,316,319,395,396,4,420,421,433,436,437,459,462,491,502,64,74,83,85	2	1,2,3,4,5,6,7,8,9,13,14,15,16,17,18,19,20,21,22,23,24,25,26,27,28,29,30,31,32	366	499	698	6|35|0|0|0|1|3|1|1|0|1|0
CT	Lonstr	LTR	ERVL	TguLTRL2b3	NC_042568.1:49618249-49619582+	NC_042595.1:61275264-61276302-	52	127	0	440,441,442,443,445,446,448,662,666,697,698,700,705	168,169,170,171,173,174,176,373,377,408,409,411,417	2	1,2,3,4,5,6,7,24,25,26,27,28,29	54	250	909	44|52|1|1|6|1|8|4|2|5|1|2
CT	Lonstr	LTR	ERVL	TguLTRL2b3	NC_042568.1:66884205-66885604-	NC_042595.1:12139088-12140485+	73	153	0	226,232,233,234,235,318,326,328,331,332,389,390,408,417,429,442,454,475,493,494,495,496,498,499,616,617,629,634,637	228,234,235,236,237,323,331,333,336,337,394,395,413,422,434,447,459,480,496,497,498,499,501,502,619,620,632,637,640	5	12,13,14,15,16,24,25,26,27,28,32,33,34,35,36,37,38,39,40,41,42,43,44,45,49,50,51,52,53	157	413	1398	53|73|1|1|2|1|15|2|4|0|1|0
CT	Lonstr	LTR	ERVL	TguLTRL2b2	NC_042567.1:136290426-136291857+	NW_021818816.1:204-1149+	41	75	0	264,269,270,271,296,305,308,316,318,321,439,440,452,455,456	266,271,272,273,298,307,310,314,316,319,420,421,433,436,437	2	14,15,16,17,18,19,20,21,22,23,27,28,29,30,31	72	172	792	12|41|2|2|0|0|7|6|0|2|1|2
CT	Lonstr	LTR	ERVL	TguLTRL2b2	NC_042567.1:136433186-136434565+	NW_021818816.1:204-1149+	40	75	0	286,295,298,304,307,379,380,405,406,418,421,422,595,611,617,625,628	298,307,310,316,319,395,396,420,421,433,436,437,605,621,627,635,638	3	17,18,19,20,21,22,23,24,25,26,27,28,33,34,35,36,37	175	341	941	11|40|1|3|1|3|7|7|0|1|0|1
CT	Lonstr	LTR	ERVL	TguLTRL2b3	NC_042568.1:74547245-74548641+	NC_042595.1:12139088-12140485+	75	156	0	143,147,150,164,171,227,233,234,235,236,260,269,271,296,305,308,317,318,320,328,330,333,334,391,392,410,419,431,444,457,461,476,494,495,496,497,499,500,608,609,617,618,630,635,638	143,147,150,164,171,228,234,235,236,237,261,270,272,297,306,309,320,321,323,331,333,336,337,394,395,413,422,434,447,461,465,480,496,497,498,499,501,502,610,611,619,620,632,637,640	6	7,8,9,10,11,12,13,14,15,16,17,18,19,20,21,22,23,24,25,26,27,28,29,33,34,35,36,37,38,39,40,41,42,43,44,45,46,47,49,50,51,52,53,54,55	338	498	1396	57|75|0|2|1|0|17|1|3|0|0|0
CT	Lonstr	LTR	ERVL	TguLTRL2b3	NC_042568.1:75735411-75736467-	NC_042595.1:12139088-12140485+	50	118	0	128,132,147,165,166,167,168,170,171,336,337,344,345,353,63,64,70,81,90	394,395,402,413,422,461,465,480,496,497,498,499,501,502,673,674,681,682,690	3	2,3,4,5,6,9,10,11,12,13,14,15,16,17,26,27,28,29,30	89	297	1031	49|50|0|2|1|1|4|9|2|0|0|0
CT	Lonstr	LTR	ERVL	TguLTRL2b2	NC_042567.1:139625367-139626750+	NW_021818816.1:204-1149+	38	63	0	117,130,132,14,253,258,259,260,285,294,297,303,306,33,4,419,422,423,445,448,477,488,64,83,85	117,130,132,14,266,271,272,273,298,307,310,316,319,33,4,433,436,437,459,462,491,502,64,83,85	3	1,2,3,4,5,6,7,8,9,12,13,14,15,16,17,18,19,20,24,25,26,27,28,29,30	253	499	941	8|38|1|2|1|2|5|3|1|1|0|1
CT	Lonstr	LTR	ERVL	TguLTRL2b3	NC_042568.1:85140133-85141354+	NC_042585.1:1280390-1281789-	48	116	0	109,117,132,134,143,147,154,4,633,645,649,655,658,80,83	109,117,132,134,143,147,154,4,626,638,642,648,651,80,83	3	1,2,3,4,5,6,7,8,9,10,34,35,36,37,38	178	648	1215	41|48|0|1|2|2|7|9|4|1|0|1
CT	Lonstr	LTR	ERVL	TguLTRL2b3	NC_042568.1:85140133-85141354+	NC_042595.1:12139088-12140485+	66	158	0	412,413,431,440,452,465,478,482,497,515,516,517,519,520	394,395,413,422,434,447,461,465,481,497,498,499,501,502	2	24,25,26,27,28,29,30,31,32,33,34,35,36,37	110	109	1213	56|66|1|6|4|1|10|3|6|4|1|0
CT	Lonstr	LTR	ERVL	TguLTRL2b2	NC_042567.1:148608996-148610392-	NW_021818816.1:204-1149+	41	64	0	117,130,132,265,270,271,272,297,306,309,315,318,33,393,394,402,419,420,432,435,436,64,83,85	117,130,132,266,271,272,273,298,307,310,316,319,33,395,396,403,420,421,433,436,437,64,83,85	3	3,4,5,6,7,8,9,13,14,15,16,17,18,19,20,21,22,23,24,25,26,27,28,29	273	405	948	9|41|1|2|0|0|5|1|2|1|1|1
CT	Lonstr	LTR	ERVL	TguLTRL2b2	NC_042567.1:148618862-148619629+	NW_021818816.1:204-1149+	35	52	0	118,131,133,14,298,301,308,311,33,34,383,384,4,409,410,425,426,448,451,65,84,86	117,130,132,14,307,310,316,319,32,33,395,396,4,420,421,436,437,459,462,64,83,85	2	1,2,3,4,5,6,7,8,9,10,17,18,19,20,21,22,23,24,25,26,27,28	285	459	769	8|35|0|0|0|3|3|3|0|0|0|0
CT	Lonstr	LTR	ERVL	TguLTRL2b3	NC_042568.1:93019920-93021322-	NC_042585.1:1280390-1281789-	51	149	0	109,117,132,134,143,147,150,153,158,161,162,165,166,172,629,641,645,651,654,80,83	109,117,132,134,143,147,150,154,159,162,163,166,167,173,626,638,642,648,651,80,83	3	2,3,4,5,6,7,8,9,10,11,12,13,14,15,16,17,37,38,39,40,41	121	572	1400	54|51|3|4|1|5|12|12|4|2|0|1
CT	Lonstr	LTR	ERVL	TguLTRL2b3	NC_042568.1:101787194-101788595+	NC_042595.1:12139088-12140485+	76	155	0	143,147,150,167,172,228,234,235,236,237,297,306,309,316,319,320,322,330,332,335,336,393,394,399,412,421,433,446,459,463,478,496,497,498,499,501,502	143,147,150,166,171,228,234,235,236,237,297,306,309,317,320,321,323,331,333,336,337,394,395,400,413,422,434,447,461,465,480,496,497,498,499,501,502	5	8,9,10,11,12,13,14,15,16,17,21,22,23,24,25,26,27,28,29,30,31,35,36,37,38,39,40,41,42,43,44,45,46,47,48,49,50	247	360	1399	57|76|0|1|4|1|11|1|3|0|1|0
CT	Lonstr	LTR	ERVL	TguLTRL2b3	NC_042569.1:15525040-15526445+	NC_042595.1:12139088-12140485+	49	146	0	516,517,518,519,521,522,625,626,631,634,635	496,497,498,499,501,502,610,611,616,619,620	2	12,13,14,15,16,17,19,20,21,22,23	18	125	1027	40|49|1|5|3|2|34|4|3|2|1|2
CT	Lonstr	LTR	ERVL	TguLTRL2b3	NC_042569.1:17542852-17544201+	NC_042595.1:61275264-61276302-	59	143	0	482,483,485,486,488,735,736,738,743,745,870,871,887,903,907	170,171,173,174,176,408,409,411,416,418,547,548,564,580,584	3	14,15,16,17,18,35,36,37,38,39,49,50,51,52,53	56	415	1024	44|59|2|5|3|6|8|5|3|3|2|3
CT	Lonstr	LTR	ERVL	TguLTRL2b3	NC_042569.1:17777151-17778563+	NC_042585.1:1280390-1281789-	45	128	0	109,117,132,143,147,150,154,164,168,169,171,175,636,648,652,658,661,80,83	109,117,132,143,147,150,154,162,166,167,169,173,626,638,642,648,651,80,83	3	1,2,3,4,5,6,7,8,9,10,11,12,13,14,34,35,36,37,38	121	572	1405	46|45|2|3|6|1|7|9|4|1|2|2
CT	Lonstr	LTR	ERVL	TguLTRL2b3	NC_042569.1:17777151-17778563+	NC_042595.1:12139088-12140485+	27	44	0	143,147,150,164,171,204,228,290,299,302,306,308,310,313	143,147,150,164,171,204,228,297,306,309,313,315,317,320	2	7,8,9,10,11,12,13,16,17,18,19,20,21,22	110	178	346	8|27|0|2|2|0|2|2|1|0|0|0
CT	Lonstr	LTR	ERVL	TguLTRL2b3	NC_042569.1:18858966-18860364+	NC_042595.1:12139088-12140485+	68	173	0	292,299,301,304,305,402,403,409,420,429,441,455,487,501,504,505,506,507,509,510	309,315,317,320,321,394,395,402,413,422,434,447,480,493,496,497,498,499,501,502	3	19,20,21,22,23,27,28,29,30,31,32,33,35,36,37,38,39,40,41,42	90	194	1397	58|68|3|7|5|2|13|4|3|4|0|6
CT	Lonstr	LTR	ERVL	TguLTRL2b2	NC_042568.1:63969766-63970404+	NW_021818816.1:204-1149+	33	48	0	118,131,133,255,260,261,262,286,295,298,302,304,307,383,384,409,410,422,425,426,448,451,480,491,65,84,86	117,130,132,266,271,272,273,298,307,310,314,316,319,395,396,420,421,433,436,437,459,462,491,502,64,83,85	4	2,3,4,5,6,7,9,10,11,12,13,14,15,16,17,18,19,20,21,22,23,24,25,26,27,28,29	308	439	644	4|33|2|2|0|0|1|4|1|0|0|1
CT	Lonstr	LTR	ERVL	TguLTRL2b3	NC_042569.1:23045762-23046026-	NC_042585.1:1280390-1281789-	18	26	0	109,117,132,134,147,150,154,165,168,169,171,175	109,117,132,134,147,150,154,163,166,167,169,173	2	4,5,6,7,8,9,10,11,12,13,14,15	66	65	255	3|18|0|0|1|1|0|1|1|0|0|1
CT	Lonstr	LTR	ERVL	TguLTRL2b3	NC_042569.1:24457014-24458309-	NC_042595.1:12139088-12140485+	41	99	0	420,421,439,448,460,474,479,486,506,524,525,526,527,529,530,633,634,642,643,655,660,663	394,395,413,422,434,447,452,459,480,496,497,498,499,501,502,610,611,619,620,632,637,640	3	1,2,3,4,5,6,7,8,9,10,11,12,13,14,15,17,18,19,20,21,22,23	141	247	910	46|41|1|1|1|1|1|1|2|0|2|2
CT	Lonstr	LTR	ERVL	TguLTRL2b3	NC_042569.1:33942665-33942972+	NC_042595.1:61276342-61276650-	34	48	0	143,147,153,158,161,162,166,167,168,169,172,174,178,246,255,260,264,281,293	141,145,152,157,160,161,165,166,167,168,171,173,177,247,256,263,267,285,297	2	15,16,17,18,19,20,21,22,23,24,25,26,27,29,30,31,32,33,34	88	157	298	12|34|0|0|1|0|1|0|0|0|0|0
CT	Lonstr	LTR	ERVL	TguLTRL2b3	NC_042569.1:36569906-36570604+	NC_042595.1:61275264-61276302-	30	83	0	118,119,120,121,122,205,206,222,238,242	455,456,457,458,459,547,548,564,580,584	2	10,11,12,13,14,19,20,21,22,23	43	130	701	26|30|2|3|3|5|6|2|4|1|1|0
CT	Lonstr	LTR	ERVL	TguLTRL2b3	NC_042569.1:39733117-39734527+	NC_042585.1:1280390-1281789-	47	133	0	109,117,132,134,143,147,151,355,363,368,369,372,637,649,653,659,662	109,117,132,134,143,147,150,353,361,366,367,370,626,638,642,648,651	3	3,4,5,6,7,8,9,22,23,24,25,26,36,37,38,39,40	86	543	1399	52|47|2|2|4|0|4|11|5|2|1|3
CT	Lonstr	LTR	ERVL	TguLTRL2b3	NC_042569.1:39733117-39734527+	NC_042595.1:12139088-12140485+	43	114	0	415,416,434,443,455,469,501,515,518,519,520,521,523,524	394,395,413,422,434,447,481,493,496,497,498,499,501,502	2	1,2,3,4,5,6,9,10,11,12,13,14,15,16	76	109	1011	52|43|0|3|2|2|2|7|2|1|0|0
CT	Lonstr	LTR	ERVL	TguLTRL2b3	NC_042569.1:41529114-41530512-	NC_042595.1:12139088-12140485+	72	169	0	128,132,143,147,150,227,233,234,235,236,260,269,271,320,328,330,333,334,353,608,609,617,618,630,635,638	128,132,143,147,150,228,234,235,236,237,261,270,272,323,331,333,336,337,356,610,611,619,620,632,637,640	4	6,7,8,9,10,13,14,15,16,17,18,19,20,25,26,27,28,29,30,46,47,48,49,50,51,52	133	513	1397	46|72|0|2|2|1|38|3|3|0|0|2
CT	Lonstr	LTR	ERVL	TguLTRL2b3	NC_042569.1:42972485-42973864+	NC_042595.1:12139088-12140485+	66	164	0	287,296,299,308,309,449,453,468,487,488,489,491,492	297,306,309,320,321,461,465,480,497,498,499,501,502	2	18,19,20,21,22,35,36,37,38,39,40,41,42	67	206	1388	57|66|1|4|4|3|10|6|4|4|2|3
CT	Lonstr	LTR	ERVL	TguLTRL2b3	NC_042569.1:46198140-46199504+	NC_042585.1:1280390-1281789-	51	135	0	129,131,140,144,149,151,156,159,160,163,164,170,632,644,648,654,657	132,134,143,147,152,154,159,162,163,166,167,173,626,638,642,648,651	3	5,6,7,8,9,10,11,12,13,14,15,16,38,39,40,41,42	69	520	1206	57|51|0|2|1|1|9|7|2|3|2|0
CT	Lonstr	LTR	ERVL	TguLTRL2b2	NC_042568.1:89362975-89363723-	NW_021818816.1:204-1149+	39	63	0	266,271,272,273,298,307,310,317,320,424,425,430,449,450,462,465,466	266,271,272,273,298,307,310,316,319,395,396,401,420,421,433,436,437	2	14,15,16,17,18,19,20,21,22,23,24,25,26,27,28,29,30	173	172	733	11|39|1|1|1|0|5|2|1|2|0|0
CT	Lonstr	LTR	ERVL	TguLTRL2b3	NC_042569.1:61797640-61798410-	NC_042595.1:12139088-12140485+	50	101	0	143,147,150,164,171,296,305,308,314,316,319,320,328,330,333,334	143,147,150,164,171,297,306,309,315,317,320,321,331,333,336,337	2	6,7,8,9,10,16,17,18,19,20,21,22,23,24,25,26	70	195	771	28|50|0|3|0|0|17|2|1|0|0|0
CT	Lonstr	LTR	ERVL	TguLTRL2b3	NC_042570.1:12407501-12408885+	NC_042595.1:12139088-12140485+	76	193	0	143,147,150,164,171,314,322,324,327,328,385,386,392,403,412,424,437,469,487,488,489,490,492,493,601,602,610,611,623,628,631	143,147,150,164,171,323,331,333,336,337,394,395,402,413,422,434,447,480,496,497,498,499,501,502,610,611,619,620,632,637,640	5	8,9,10,11,12,26,27,28,29,30,34,35,36,37,38,39,40,43,44,45,46,47,48,49,51,52,53,54,55,56,57	152	498	1390	49|76|0|2|2|2|54|0|5|1|0|2
CT	Lonstr	LTR	ERVL	TguLTRL2b3	NC_042571.1:15212928-15214326-	NC_042595.1:12139088-12140485+	71	165	0	143,147,150,164,171,227,320,328,330,333,334,391,392,410,419,431,444,456,476,494,495,496,497,499,500,608,609,617,618,630,635,638	143,147,150,164,171,228,323,331,333,336,337,394,395,413,422,434,447,459,480,496,497,498,499,501,502,610,611,619,620,632,637,640	5	7,8,9,10,11,12,25,26,27,28,29,32,33,34,35,36,37,38,39,40,41,42,43,44,45,47,48,49,50,51,52,53	242	498	1397	45|71|0|3|1|0|39|1|3|1|0|1
CT	Lonstr	LTR	ERVL	TguLTRL2b3	NC_042571.1:18354250-18355639+	NC_042595.1:12139088-12140485+	75	162	0	143,147,150,164,171,297,306,309,314,316,320,322,330,332,335,336,459,463,478,497,498,499,501,502,609,610,611,619,620,632,637,640	143,147,150,164,171,297,306,309,315,317,321,323,331,333,336,337,461,465,480,497,498,499,501,502,609,610,611,619,620,632,637,640	5	7,8,9,10,11,21,22,23,24,25,26,27,28,29,30,31,41,42,43,44,45,46,47,48,50,51,52,53,54,55,56,57	145	498	1393	63|75|0|4|2|2|4|3|4|3|2|0
CT	Lonstr	LTR	ERVL	TguLTRL2b2	NC_042568.1:109031571-109032964-	NW_021818816.1:204-1149+	37	79	0	14,264,269,270,271,296,32,33,4,428,431,432,454,457,64	14,266,271,272,273,298,32,33,4,433,436,437,459,462,64	3	1,2,3,4,5,12,13,14,15,16,25,26,27,28,29	124	459	946	7|37|1|1|0|0|15|10|2|1|3|2
CT	Lonstr	LTR	ERVL	TguLTRL2b3	NC_042571.1:45231141-45232534-	NC_042585.1:1280390-1281789-	45	127	0	162,163,166,167,173,625,637,641,647,650	162,163,166,167,173,626,638,642,648,651	2	11,12,13,14,15,34,35,36,37,38	38	490	1396	49|45|0|3|1|2|10|9|4|1|1|2
CT	Lonstr	LTR	ERVL	TguLTRL2b3	NC_042571.1:45231141-45232534-	NC_042595.1:12139088-12140485+	62	158	0	285,296,301,304,305,469,473,488,507,508,509,511,512	297,311,317,320,321,461,465,481,497,498,499,501,502	2	16,17,18,19,20,30,31,32,33,34,35,36,37	67	206	1395	57|62|1|8|3|3|9|3|6|2|1|3
CT	Lonstr	LTR	ERVL	TguLTRL2b2	NC_042568.1:110450869-110452197+	NW_021818816.1:204-1149+	35	103	0	25,256,265,268,274,277,44,46,568,584,590,598,601,78,91,93	117,130,132,298,307,310,316,319,605,621,627,635,638,64,83,85	3	1,2,3,4,5,6,14,15,16,17,18,28,29,30,31,32	125	575	912	6|35|1|1|0|0|53|4|0|1|0|2
CT	Lonstr	LTR	ERVL	TguLTRL2b2	NC_042569.1:138714-140113+	NW_021818816.1:204-1149+	39	76	0	266,271,272,273,298,307,310,316,319,395,396	266,271,272,273,298,307,310,316,319,395,396	1	14,15,16,17,18,19,20,21,22,23,24	131	131	946	8|39|1|1|0|1|23|2|0|0|0|1
CT	Lonstr	LTR	ERVL	TguLTRL2b3	NC_042572.1:7714471-7715874-	NC_042585.1:1280390-1281789-	47	126	0	109,117,132,134,143,147,150,154,80,83	109,117,132,134,143,147,150,154,80,83	1	2,3,4,5,6,7,8,9,10,11	75	75	1401	47|47|3|1|4|0|9|8|4|1|0|2
CT	Lonstr	LTR	ERVL	TguLTRL2b3	NC_042572.1:7714471-7715874-	NC_042595.1:12139088-12140485+	69	176	0	295,298,307,309,312,313,472,476,491,508,509,510,511,513,514	306,309,315,317,320,321,461,465,481,496,497,498,499,501,502	2	17,18,19,20,21,22,34,35,36,37,38,39,40,41,42	58	197	1400	63|69|1|7|3|3|15|6|6|1|1|1
CT	Lonstr	LTR	ERVL	TguLTRL2b3	NC_042573.1:14503452-14504847+	NC_042595.1:12139088-12140485+	71	171	0	143,147,150,164,204,228,234,235,236,237,324,332,334,337,338,480,498,499,500,501,607,608,616,617,629,634,637	143,147,150,164,204,228,234,235,236,237,323,331,333,336,337,480,496,497,498,499,610,611,619,620,632,637,640	4	6,7,8,9,10,11,12,13,14,15,24,25,26,27,28,38,39,40,41,42,46,47,48,49,50,51,52	161	498	1396	37|71|0|2|2|1|52|3|2|0|0|1
CT	Lonstr	LTR	ERVL	TguLTRL2b3	NC_042574.1:901649-903034-	NC_042595.1:12139088-12140485+	73	152	0	226,232,233,234,235,320,328,330,333,334,353,355,391,392,410,419,431,444,457,461,476,493,494,495,496,497,499,500	228,234,235,236,237,323,331,333,336,337,356,358,394,395,413,422,434,447,461,465,480,495,496,497,498,499,501,502	4	12,13,14,15,16,25,26,27,28,29,30,31,33,34,35,36,37,38,39,40,41,42,43,44,45,46,47,48	156	275	1391	60|73|0|3|1|2|4|5|2|1|0|1
CT	Lonstr	LTR	ERVL	TguLTRL2b2	NC_042569.1:18788813-18790241+	NW_021818816.1:204-1149+	41	97	0	117,130,132,255,260,261,262,287,296,406,407,412,420,421,443,447,448,470,473,83,85	117,130,132,266,271,272,273,298,307,395,396,401,409,410,433,436,437,459,462,83,85	4	4,5,6,7,8,13,14,15,16,17,18,21,22,23,24,25,28,29,30,31,32	138	380	823	12|41|2|4|2|0|13|12|1|4|3|3
CT	Lonstr	LTR	ERVL	TguLTRL2b3	NC_042574.1:13827534-13828565-	NC_042595.1:61275264-61276302-	57	147	0	150,151,153,154,156,401,402,404,409,411,429,431,532,533,549,565,569	170,171,173,174,176,408,409,411,416,418,442,444,547,548,564,580,584	3	11,12,13,14,15,30,31,32,33,34,35,36,44,45,46,47,48	82	415	1026	46|57|1|6|7|2|7|3|3|6|1|8
CT	Lonstr	LTR	ERVL	TguLTRL2b2	NC_042569.1:19630251-19631085+	NW_021818816.1:204-1149+	37	55	0	117,130,132,14,270,271,272,297,315,318,33,393,394,4,419,432,435,436,64,83,85	117,130,132,14,271,272,273,298,316,319,33,395,396,4,420,433,436,437,64,83,85	3	1,2,3,4,5,6,7,8,9,14,15,16,17,18,19,20,21,22,23,24,25	297	434	832	9|37|0|0|0|2|3|1|0|2|0|1
CT	Lonstr	LTR	ERVL	TguLTRL2b3	NC_042575.1:6541544-6542927-	NC_042595.1:12139088-12140485+	69	174	0	288,297,300,304,306,308,311,471,489,490,491,492,494,495,598,599,607,608,620	297,306,309,313,315,317,320,480,496,497,498,499,501,502,610,611,619,620,632	3	18,19,20,21,22,23,24,38,39,40,41,42,43,44,46,47,48,49,50	70	336	1390	66|69|1|5|1|5|8|7|5|2|1|4
CT	Lonstr	LTR	ERVL	TguLTRL2b3	NC_042575.1:20401102-20402482+	NC_042595.1:12139088-12140485+	68	167	0	310,318,320,323,324,382,400,409,421,434,481,482,483,484,486,487,602,603,615,620,623	323,331,333,336,337,395,413,422,434,447,496,497,498,499,501,502,619,620,632,637,640	4	22,23,24,25,26,29,30,31,32,33,37,38,39,40,41,42,44,45,46,47,48	97	318	1388	65|68|1|7|2|2|7|5|3|4|1|2
CT	Lonstr	LTR	ERVL	TguLTRL2b3	NC_042577.1:16768023-16769419+	NC_042595.1:12139088-12140485+	72	162	0	143,147,164,171,227,233,234,235,236,320,328,330,333,334,456,477,495,496,497,498,500,501,609,610,618,619,631,636,639	143,147,164,171,228,234,235,236,237,323,331,333,336,337,459,480,496,497,498,499,501,502,610,611,619,620,632,637,640	4	7,8,9,10,11,12,13,14,15,24,25,26,27,28,38,39,40,41,42,43,44,45,47,48,49,50,51,52,53	185	498	1396	52|72|0|3|1|0|31|1|2|0|0|0
CT	Lonstr	LTR	ERVL	TguLTRL2b2	NC_042569.1:37032553-37033185-	NW_021818816.1:204-1149+	32	44	0	130,132,264,269,270,271,296,305,308,312,317,392,393,418,419,431,434,435,64,83,85	130,132,266,271,272,273,298,307,310,314,319,395,396,420,421,433,436,437,64,83,85	2	3,4,5,6,7,11,12,13,14,15,16,17,18,19,20,21,22,23,24,25,26	241	374	627	4|32|0|0|0|0|2|5|0|0|1|0
CT	Lonstr	LTR	ERVL	TguLTRL2b3	NC_042577.1:20991693-20993085+	NC_042595.1:12139088-12140485+	66	185	0	230,236,237,238,239,394,395,400,402,413,434,492,493,497,498,499,500,620,621,633,638,641	228,234,235,236,237,394,395,400,402,413,434,493,494,498,499,500,501,619,620,632,637,640	4	6,7,8,9,10,24,25,26,27,28,29,34,35,36,37,38,39,43,44,45,46,47	82	413	1392	34|66|1|1|1|1|67|9|4|0|1|0
CT	Lonstr	LTR	ERVL	TguLTRL2b3	NC_042578.1:28560-29967-	NC_042595.1:12139088-12140485+	69	164	0	291,300,303,310,313,314,477,497,519,521,522,630,631,639,640,652	297,306,309,317,320,321,459,481,499,501,502,610,611,619,620,632	3	19,20,21,22,23,24,35,36,37,38,39,41,42,43,44,45	92	336	1402	60|69|1|6|2|5|8|5|4|1|2|1
CT	Lonstr	LTR	ERVL	TguLTRL2b3	NC_042578.1:14384633-14386018-	NC_042595.1:12139088-12140485+	76	167	0	147,150,164,171,227,233,234,235,236,296,305,308,314,316,319,320,328,330,333,334,353,355,473,486,487,491,492,493,494,614,615,627,631,634	147,150,164,171,228,234,235,236,237,297,306,309,315,317,320,321,331,333,336,337,356,358,480,493,494,498,499,500,501,619,620,632,637,640	4	8,9,10,11,12,13,14,15,16,20,21,22,23,24,25,26,27,28,29,30,31,32,42,43,44,45,46,47,48,52,53,54,55,56	197	494	1389	40|76|0|1|1|2|43|2|2|0|0|0
CT	Lonstr	LTR	ERVL	TguLTRL2b2	NC_042569.1:41188158-41189542+	NW_021818816.1:204-1149+	37	72	0	117,130,132,390,391,416,417,429,433,434,83,85	117,130,132,395,396,420,421,433,436,437,83,85	2	4,5,6,7,8,21,22,23,24,25,26,27	93	355	943	10|37|1|4|1|1|4|7|1|4|1|1
CT	Lonstr	LTR	ERVL	TguLTRL2b3	NC_042579.1:102353-103417-	NC_042595.1:61275264-61276302-	57	144	0	106,109,114,117,119,440,442,447,449,467,469	102,107,110,112,409,411,416,418,442,444,99	2	9,10,11,12,13,33,34,35,36,37,38	50	346	1035	43|57|0|5|7|4|8|5|4|4|3|4
CT	Lonstr	LTR	ERVL	TguLTRL2b3	NC_042580.1:3101177-3102476+	NC_042595.1:12139088-12140485+	68	152	0	226,234,236,239,240,383,401,402,403,404,406,407	323,331,333,336,337,480,496,497,498,499,501,502	2	18,19,20,21,22,34,35,36,37,38,39,40	38	180	1305	44|68|0|2|1|3|26|2|5|0|1|0
CT	Lonstr	LTR	ERVL	TguLTRL2b3	NC_042581.1:3515178-3515976+	NC_042595.1:61275264-61276302-	34	96	0	187,188,190,195,197,320,321,337,353,357	408,409,411,416,418,547,548,564,580,584	2	6,7,8,9,10,21,22,23,24,25	49	177	730	21|34|0|10|4|0|13|0|4|1|4|5
CT	Lonstr	LTR	ERVL	TguLTRL2b3	NC_042583.1:10209655-10211034-	NC_042595.1:12139088-12140485+	72	151	0	147,150,164,171,204,228,234,235,236,237,297,306,309,316,319,320,459,463,478,496,497,498,499,501,502	147,150,164,171,204,228,234,235,236,237,297,306,309,317,320,321,461,465,480,496,497,498,499,501,502	3	7,8,9,10,11,12,13,14,15,16,21,22,23,24,25,26,40,41,42,43,44,45,46,47,48	158	356	1388	58|72|1|2|3|3|6|2|2|1|1|0
CT	Lonstr	LTR	ERVL	TguLTRL2b3	NC_042585.1:10356360-10357318-	NC_042595.1:12139088-12140485+	41	111	0	167,169,170,178,179,18,22,37,55,56,57,58,60,61	461,465,480,496,497,498,499,501,502,608,610,611,619,620	2	2,3,4,5,6,7,8,9,10,12,13,14,15,16	55	160	956	49|41|0|1|2|3|2|8|4|1|0|0
CT	Lonstr	LTR	ERVL	TguLTRL2b2	NC_042569.1:67345468-67345855+	NW_021818816.1:204-1149+	19	22	0	117,130,132,234,264,269,270,271,296,305,308,314,317,64,83,85	117,130,132,236,266,271,272,273,298,307,310,316,319,64,83,85	2	4,5,6,7,8,9,10,11,12,13,14,15,16,17,18,19	257	256	382	3|19|0|0|0|0|0|0|0|0|0|0
CT	Lonstr	LTR	ERVL	TguLTRL2b3	NC_042588.1:323552-324944-	NC_042595.1:12139088-12140485+	72	152	0	320,328,330,333,334,391,392,396,410,431,458,464,479,497,498,499,500,502,503,620,621,633,638,641	323,331,333,336,337,394,395,399,413,434,459,465,480,496,497,498,499,501,502,619,620,632,637,640	4	24,25,26,27,28,32,33,34,35,36,38,39,40,41,42,43,44,45,46,50,51,52,53,54	122	318	1394	64|72|0|2|1|2|3|2|2|1|2|1
CT	Lonstr	LTR	ERVL	TguLTRL2b3	NC_042588.1:852011-853398-	NC_042595.1:12139088-12140485+	75	171	0	204,228,234,235,236,237,320,328,330,333,334,388,389,393,407,416,428,456,460,475,493,494,495,496,498,499	204,228,234,235,236,237,323,331,333,336,337,394,395,399,413,422,434,461,465,480,496,497,498,499,501,502	4	11,12,13,14,15,16,24,25,26,27,28,32,33,34,35,36,37,38,39,40,41,42,43,44,45,46	159	299	1392	63|75|0|4|4|3|7|7|4|1|2|1
CT	Lonstr	LTR	ERVL	TguLTRL2b2	NC_042571.1:50003238-50004632+	NW_021818816.1:204-1149+	33	63	0	263,268,269,270,295,387,388,413,414,426,429,430,452,485	266,271,272,273,298,395,396,420,421,433,436,437,459,491	2	9,10,11,12,13,17,18,19,20,21,22,23,24,25	130	226	948	8|33|1|2|0|0|13|5|0|1|0|0
CT	Lonstr	LTR	ERVL	TguLTRL2b3	NC_042595.1:6359315-6360710-	NC_042595.1:12139088-12140485+	73	180	0	297,306,309,317,319,325,326,404,405,411,419,422,431,443,506,507,508,509,511,512	297,306,309,313,315,320,321,394,395,402,410,413,422,434,496,497,498,499,501,502	3	17,18,19,20,21,22,23,30,31,32,33,34,35,36,40,41,42,43,44,45	73	206	1396	63|73|1|7|5|3|8|6|5|4|3|2
CT	Lonstr	LTR	ERVL	TguLTRL2b3	NC_042595.1:10890145-10891530-	NC_042595.1:12139088-12140485+	72	170	0	151,165,172,228,234,235,236,237,297,306,309,318,319,321,329,331,334,335,473,491,492,493,494,496,497	150,164,171,228,234,235,236,237,297,306,309,320,321,323,331,333,336,337,480,496,497,498,499,501,502	4	10,11,12,13,14,15,16,17,21,22,23,24,25,26,27,28,29,30,41,42,43,44,45,46,47	153	353	1391	51|72|0|1|4|2|35|0|4|0|0|1
CT	Lonstr	LTR	ERVL	TguLTRL2b2	NC_042571.1:56989963-56990676-	NW_021818816.1:204-1149+	36	62	0	257,262,263,264,289,298,301,307,310,447,450,476,479,490,598,614,620,628,631	266,271,272,273,298,307,310,316,319,459,462,488,491,502,605,621,627,635,638	3	11,12,13,14,15,16,17,18,19,27,28,29,30,31,32,33,34,35,36	235	373	716	7|36|0|1|1|1|8|4|1|2|1|0
CT	Lonstr	LTR	ERVL	TguLTRL2b2	NC_042575.1:19113882-19115274+	NW_021818816.1:204-1149+	38	63	0	14,265,270,271,272,297,306,309,315,318,33,394,395,4,420,433,436,437,623,629,637,638,64,640,83	14,266,271,272,273,298,307,310,316,319,33,395,396,4,420,433,436,437,621,627,635,636,638,64,83	4	1,2,3,4,5,12,13,14,15,16,17,18,19,20,21,22,23,24,25,26,31,32,33,34,35	271	635	945	8|38|1|1|0|0|4|5|1|1|1|3
CT	Lonstr	LTR	ERVL	TguLTRL2b3	NC_042595.1:22560255-22561637-	NC_042595.1:61275264-61276302-	62	157	0	493,494,496,497,499,795,796,797,798,799	170,171,173,174,176,455,456,457,458,459	2	18,19,20,21,22,44,45,46,47,48	12	290	1034	43|62|3|6|6|4|14|6|5|3|1|4
CT	Lonstr	LTR	ERVL	TguLTRL2b2	NC_042577.1:18254651-18256043-	NW_021818816.1:204-1149+	40	63	0	117,14,263,268,269,270,295,304,307,313,316,32,33,4,417,418,430,433,434,456,459,487,498,64,83,85	117,14,266,271,272,273,298,307,310,316,319,32,33,4,420,421,433,436,437,459,462,491,502,64,83,85	3	1,2,3,4,5,6,7,8,13,14,15,16,17,18,19,20,21,24,25,26,27,28,29,30,31,32	251	499	946	7|40|1|0|0|1|9|2|1|1|0|1
CT	Lonstr	LTR	ERVL	TguLTRL2b2	NC_042580.1:14417036-14418425+	NW_021818816.1:204-1149+	40	60	0	117,130,132,14,296,305,308,314,317,32,33,389,390,4,415,416,428,431,432,454,487,498,64,83,85	117,130,132,14,298,307,310,316,319,32,33,395,396,4,420,421,433,436,437,459,491,502,64,83,85	2	1,2,3,4,5,6,7,8,9,10,17,18,19,20,21,22,23,24,25,26,27,28,29,30,31	334	499	945	6|40|2|1|0|1|3|1|2|2|1|1
CT	Lonstr	LTR	ERVL	TguLTRL2b2	NC_042581.1:1142202-1143593-	NW_021818816.1:204-1149+	40	58	0	116,129,131,203,204,233,263,268,269,270,295,304,307,315,390,391,416,417,429,432,433,459,462,488,499,607,623,629,63,637,640,82,84	117,130,132,206,207,236,266,271,272,273,298,307,310,319,395,396,420,421,433,436,437,462,465,491,502,605,621,627,635,638,64,83,85	4	4,5,6,7,8,9,10,11,12,13,14,15,16,17,18,19,20,21,22,23,24,25,26,27,28,29,30,31,32,33,34,35,36	578	575	946	9|40|1|1|0|0|1|3|0|2|0|1
CT	Lonstr	LTR	ERVL	TguERVL2a3_LTR	NC_042572.1:4123165-4123840+	NC_042575.1:16291901-16292539-	16	43	0	119,193,200,205,211,222,226,238,249,276,278	118,192,199,204,210,221,225,237,248,275,277	1	2,3,4,5,6,7,8,9,10,11,12	160	160	656	2|16|0|1|2|1|7|5|1|2|3|3
CT	Lonstr	LTR	ERVL	TguLTRL2b2	NC_042595.1:8445445-8446209-	NW_021818816.1:204-1149+	35	53	0	117,130,132,14,258,259,260,285,294,297,33,381,382,4,406,407,419,422,423,449,452,478,597,613,619,627,630,64,83,85	117,130,132,14,271,272,273,298,307,310,33,395,396,4,420,421,433,436,437,462,465,491,605,621,627,635,638,64,83,85	4	1,2,3,4,5,6,7,8,9,12,13,14,15,16,17,20,21,22,23,24,25,26,27,28,29,31,32,33,34,35	300	635	768	8|35|0|1|0|0|4|4|0|1|0|0
CT	Lonstr	LTR	ERVL	TguLTRL2b2	NC_042595.1:24081413-24082810-	NW_021818816.1:204-1149+	38	57	0	117,130,132,266,271,272,273,298,307,310,316,319,33,394,395,420,421,433,436,437,459,462,491,502,64,83,85	117,130,132,266,271,272,273,298,307,310,316,319,33,395,396,420,421,433,436,437,459,462,491,502,64,83,85	3	2,3,4,5,6,7,8,12,13,14,15,16,17,18,19,20,21,22,23,24,25,26,27,28,29,30,31	338	470	943	6|38|1|1|1|0|4|2|0|2|1|1
CT	Lonstr	LTR	ERVL	TguLTRL2b2	NC_042595.1:24483492-24484821+	NW_021818816.1:204-1149+	38	68	0	117,130,132,254,259,260,261,286,295,298,304,307,33,379,380,405,406,418,421,422,444,476,487,64,83,85	117,130,132,266,271,272,273,298,307,310,316,319,33,395,396,420,421,433,436,437,459,491,502,64,83,85	3	3,4,5,6,7,8,9,12,13,14,15,16,17,18,19,20,21,22,23,24,25,26,27,28,29,30	338	470	937	10|38|1|3|1|2|4|4|0|3|1|1
CT	Lonstr	LTR	ERVL	TguLTRL2b2	NC_042595.1:24941756-24943135-	NW_021818816.1:204-1149+	42	77	0	117,130,132,255,260,261,262,287,296,299,305,308,383,384,389,408,409,421,424,425,83,85	117,130,132,266,271,272,273,298,307,310,316,319,395,396,401,420,421,433,436,437,83,85	3	5,6,7,8,9,13,14,15,16,17,18,19,20,21,22,23,24,25,26,27,28,29	223	355	941	10|42|1|2|2|2|8|5|0|2|2|1
CT	Lonstr	LTR	ERVL	TguLTRL2b2	NC_042595.1:31251351-31252746-	NW_021818816.1:204-1149+	40	62	0	117,130,132,205,234,264,269,270,271,296,305,308,317,320,395,396,421,422,434,437,438,460,463,491,502,626,632,64,640,641,643,83,85	117,130,132,207,236,266,271,272,273,298,307,310,316,319,395,396,420,421,433,436,437,459,462,491,502,621,627,635,636,638,64,83,85	4	4,5,6,7,8,9,10,11,12,13,14,15,16,17,18,19,20,21,22,23,24,25,26,27,28,29,30,31,33,34,35,36,37	459	575	947	10|40|1|1|0|0|2|5|0|1|1|1
CT	Lonstr	LTR	ERVL	TguLTRL2b2	NC_042595.1:44209036-44209613+	NW_021818816.1:204-1149+	35	65	0	102,117,130,132,258,263,264,265,290,299,302,305,306,410,411,416,435,436,448,451,452,64,67,83,85	102,117,130,132,266,271,272,273,298,307,310,313,314,395,396,401,420,421,433,436,437,64,67,83,85	3	4,5,6,7,8,9,10,11,15,16,17,18,19,20,21,22,23,24,25,26,27,28,29,30,31	242	374	570	6|35|2|1|1|0|7|8|2|0|2|1
CT	Lonstr	LTR	ERVL	TguLTRL2b2	NC_042595.1:69718993-69720403-	NW_021818816.1:204-1149+	33	72	0	249,254,255,256,281,290,293,305,381,382,409,410,422,425,426,433	266,271,272,273,298,307,310,319,395,396,420,421,433,436,437,444	2	10,11,12,13,14,15,16,17,18,19,20,21,22,23,24,25	180	179	722	9|33|2|1|3|0|7|5|4|3|2|3
CT	Lonstr	LTR	ERVL	TguLTRL2b2	NW_021818657.1:14808-15576-	NW_021818816.1:204-1149+	34	63	0	249,254,255,256,281,290,406,407,434,447,450,451,473,476,505,516	266,271,272,273,298,307,395,396,420,433,436,437,459,462,491,502	2	11,12,13,14,15,16,19,20,21,22,23,24,25,26,27,28	150	237	761	10|34|2|1|1|0|7|2|1|2|2|1
