exon_1  NW_009970725.1  43  22  17  38  5222693   5222672   0.008  41.0  44  51  51  100.000  22  0  0  minus
exon_1  NW_009970724.1  43  22  17  38  2992542   2992521   0.008  41.0  44  51  51  100.000  22  0  0  minus
exon_1  NW_009970724.1  43  22  17  38  4518504   4518483   0.008  41.0  44  51  51  100.000  22  0  0  minus
exon_1  NW_009970720.1  43  22  17  38  4153099   4153078   0.008  41.0  44  51  51  100.000  22  0  0  minus
exon_1  NW_009970718.1  43  22  17  38  4334119   4334098   0.008  41.0  44  51  51  100.000  22  0  0  minus
exon_1  NW_009970716.1  43  22  17  38  603446    603425    0.008  41.0  44  51  51  100.000  22  0  0  minus
exon_1  NW_009970716.1  43  22  17  38  5076258   5076279   0.008  41.0  44  51  51  100.000  22  0  0  plus
exon_1  NW_009969339.1  43  22  17  38  5953863   5953884   0.008  41.0  44  51  51  100.000  22  0  0  plus
exon_1  NW_009954492.1  43  22  17  38  1567032   1567011   0.008  41.0  44  51  51  100.000  22  0  0  minus
exon_1  NW_009954442.1  43  22  17  38  3790500   3790521   0.008  41.0  44  51  51  100.000  22  0  0  plus
exon_1  NW_009954222.1  43  22  17  38  1230218   1230197   0.008  41.0  44  51  51  100.000  22  0  0  minus
exon_1  NW_009954194.1  43  22  17  38  2922708   2922729   0.008  41.0  44  51  51  100.000  22  0  0  plus
exon_1  NW_009954107.1  43  22  17  38  3420851   3420830   0.008  41.0  44  51  51  100.000  22  0  0  minus
exon_1  NW_009953962.1  43  22  17  38  1459222   1459243   0.008  41.0  44  51  51  100.000  22  0  0  plus
exon_1  NW_009953947.1  43  22  17  38  313201    313222    0.008  41.0  44  51  51  100.000  22  0  0  plus
exon_1  NW_009953911.1  43  22  17  38  222364    222343    0.008  41.0  44  51  51  100.000  22  0  0  minus
exon_1  NW_009953911.1  43  22  17  38  325067    325088    0.008  41.0  44  51  51  100.000  22  0  0  plus
exon_1  NW_009953905.1  43  22  17  38  694170    694149    0.008  41.0  44  51  51  100.000  22  0  0  minus
exon_1  NW_009953864.1  43  22  17  38  157243    157222    0.008  41.0  44  51  51  100.000  22  0  0  minus
exon_1  NW_009953761.1  43  22  17  38  3681639   3681660   0.008  41.0  44  51  51  100.000  22  0  0  plus
exon_1  NW_009953722.1  43  22  17  38  1164864   1164843   0.008  41.0  44  51  51  100.000  22  0  0  minus
exon_1  NW_009953722.1  43  22  17  38  1253634   1253655   0.008  41.0  44  51  51  100.000  22  0  0  plus
exon_1  NW_009953647.1  43  22  17  38  3177960   3177939   0.008  41.0  44  51  51  100.000  22  0  0  minus
exon_1  NW_009953564.1  43  22  17  38  472771    472750    0.008  41.0  44  51  51  100.000  22  0  0  minus
exon_1  NW_009953507.1  43  22  17  38  3856997   3857018   0.008  41.0  44  51  51  100.000  22  0  0  plus
exon_1  NW_009953496.1  43  22  17  38  3763951   3763972   0.008  41.0  44  51  51  100.000  22  0  0  plus
exon_1  NW_009953496.1  43  22  17  38  4865590   4865569   0.008  41.0  44  51  51  100.000  22  0  0  minus
exon_1  NW_009953496.1  43  22  17  38  19473827  19473806  0.008  41.0  44  51  51  100.000  22  0  0  minus
exon_1  NW_009953490.1  43  22  17  38  557277    557298    0.008  41.0  44  51  51  100.000  22  0  0  plus
exon_1  NW_009953481.1  43  22  17  38  890867    890846    0.008  41.0  44  51  51  100.000  22  0  0  minus
exon_1  NW_009953481.1  43  22  17  38  1386669   1386648   0.008  41.0  44  51  51  100.000  22  0  0  minus
exon_1  NW_009953449.1  43  22  17  38  1530866   1530887   0.008  41.0  44  51  51  100.000  22  0  0  plus
exon_1  NW_009953415.1  43  22  17  38  32416     32437     0.008  41.0  44  51  51  100.000  22  0  0  plus
exon_1  NW_009953299.1  43  22  17  38  2578031   2578010   0.008  41.0  44  51  51  100.000  22  0  0  minus
exon_1  NW_009953295.1  43  22  17  38  9401847   9401868   0.008  41.0  44  51  51  100.000  22  0  0  plus
exon_1  NW_009953295.1  43  22  17  38  10328069  10328090  0.008  41.0  44  51  51  100.000  22  0  0  plus
exon_1  NW_009953218.1  43  22  17  38  4144842   4144863   0.008  41.0  44  51  51  100.000  22  0  0  plus
exon_1  NW_009953202.1  43  22  17  38  518325    518304    0.008  41.0  44  51  51  100.000  22  0  0  minus
exon_1  NW_009953004.1  43  22  17  38  406221    406242    0.008  41.0  44  51  51  100.000  22  0  0  plus
exon_1  NW_009952990.1  43  22  17  38  2272596   2272575   0.008  41.0  44  51  51  100.000  22  0  0  minus
exon_1  NW_009952978.1  43  22  17  38  64629     64608     0.008  41.0  44  51  51  100.000  22  0  0  minus
exon_1  NW_009952974.1  43  22  17  38  9017507   9017486   0.008  41.0  44  51  51  100.000  22  0  0  minus
exon_1  NW_009952974.1  43  22  17  38  10676727  10676748  0.008  41.0  44  51  51  100.000  22  0  0  plus
exon_1  NW_009952973.1  43  22  17  38  11114904  11114925  0.008  41.0  44  51  51  100.000  22  0  0  plus
exon_1  NW_009952973.1  43  22  17  38  11700822  11700801  0.008  41.0  44  51  51  100.000  22  0  0  minus
exon_1  NW_009952973.1  43  22  17  38  12763965  12763944  0.008  41.0  44  51  51  100.000  22  0  0  minus
exon_1  NW_009952893.1  43  22  17  38  162538    162517    0.008  41.0  44  51  51  100.000  22  0  0  minus
exon_1  NW_009952893.1  43  22  17  38  941481    941460    0.008  41.0  44  51  51  100.000  22  0  0  minus
exon_1  NW_009952883.1  43  22  17  38  184190    184211    0.008  41.0  44  51  51  100.000  22  0  0  plus
exon_1  NW_009952798.1  43  22  17  38  1885839   1885818   0.008  41.0  44  51  51  100.000  22  0  0  minus
exon_1  NW_009952711.1  43  22  17  38  7500212   7500191   0.008  41.0  44  51  51  100.000  22  0  0  minus
exon_1  NW_009952533.1  43  22  17  38  7730747   7730768   0.008  41.0  44  51  51  100.000  22  0  0  plus
exon_1  NW_009952481.1  43  22  17  38  271769    271748    0.008  41.0  44  51  51  100.000  22  0  0  minus
exon_1  NW_009952435.1  43  22  17  38  2778817   2778838   0.008  41.0  44  51  51  100.000  22  0  0  plus
exon_1  NW_009952366.1  43  22  17  38  3071011   3071032   0.008  41.0  44  51  51  100.000  22  0  0  plus
exon_1  NW_009952265.1  43  22  17  38  7127820   7127799   0.008  41.0  44  51  51  100.000  22  0  0  minus
exon_1  NW_009952154.1  43  22  17  38  42743     42764     0.008  41.0  44  51  51  100.000  22  0  0  plus
exon_1  NW_009952052.1  43  22  17  38  255103    255124    0.008  41.0  44  51  51  100.000  22  0  0  plus
exon_1  NW_009951982.1  43  22  17  38  91451     91430     0.008  41.0  44  51  51  100.000  22  0  0  minus
exon_1  NW_009951917.1  43  22  17  38  340164    340143    0.008  41.0  44  51  51  100.000  22  0  0  minus
exon_1  NW_009951810.1  43  22  17  38  4548      4527      0.008  41.0  44  51  51  100.000  22  0  0  minus
