Location        #_hits  %_query_cov  %_identity  Lowest_evalue
NW_009970726.1  1       17           33.3333     0.008
NW_009970725.1  1       17           33.3333     0.008
NW_009970724.1  1       17           33.3333     0.008
NW_009970720.1  1       17           33.3333     0.008
NW_009970718.1  1       17           33.3333     0.008
NW_009970716.1  1       17           33.3333     0.008
NW_009969339.1  1       17           33.3333     0.008
NW_009954492.1  1       17           33.3333     0.008
NW_009954442.1  1       17           33.3333     0.008
NW_009954222.1  1       17           33.3333     0.008
NW_009954194.1  1       17           33.3333     0.008
NW_009954107.1  1       17           33.3333     0.008
NW_009953962.1  1       17           33.3333     0.008
NW_009953947.1  1       17           33.3333     0.008
NW_009953911.1  1       17           33.3333     0.008
NW_009953905.1  1       17           33.3333     0.008
NW_009953864.1  1       17           33.3333     0.008
NW_009953761.1  1       17           33.3333     0.008
NW_009953722.1  1       17           33.3333     0.008
NW_009953647.1  1       17           33.3333     0.008
NW_009953564.1  1       17           33.3333     0.008
NW_009953507.1  1       17           33.3333     0.008
NW_009953496.1  1       17           33.3333     0.008
NW_009953490.1  1       17           33.3333     0.008
NW_009953481.1  1       17           33.3333     0.008
NW_009953449.1  1       17           33.3333     0.008
NW_009953415.1  1       17           33.3333     0.008
NW_009953299.1  1       17           33.3333     0.008
NW_009953295.1  1       17           33.3333     0.008
NW_009953218.1  1       17           33.3333     0.008
NW_009953202.1  1       17           33.3333     0.008
NW_009953004.1  1       17           33.3333     0.008
NW_009952990.1  1       17           33.3333     0.008
NW_009952978.1  1       17           33.3333     0.008
NW_009952974.1  1       17           33.3333     0.008
NW_009952973.1  1       17           33.3333     0.008
NW_009952893.1  1       17           33.3333     0.008
NW_009952883.1  1       17           33.3333     0.008
NW_009952798.1  1       17           33.3333     0.008
NW_009952711.1  1       17           33.3333     0.008
NW_009952533.1  1       17           33.3333     0.008
NW_009952481.1  1       17           33.3333     0.008
NW_009952435.1  1       17           33.3333     0.008
NW_009952366.1  1       17           33.3333     0.008
NW_009952265.1  1       17           33.3333     0.008
NW_009952154.1  1       17           33.3333     0.008
NW_009952052.1  1       17           33.3333     0.008
NW_009951982.1  1       17           33.3333     0.008
NW_009951917.1  1       17           33.3333     0.008
NW_009951810.1  1       17           33.3333     0.008
