Query   Subject      %_Query_covered_per_hsp  Query_length  Alignment_length  Q_start  Q_end  S_start   S_end     E_value   Bit_score
exon_3  NC_064455.1  20                       544           109               340      448    4476053   4475948   2.63e-07  60.8
exon_3  NC_064455.1  21                       544           113               340      452    4476062   4475953   9.17e-07  59.0
exon_3  NC_064455.1  21                       544           113               340      452    4476071   4475962   9.17e-07  59.0
exon_3  NC_064455.1  21                       544           113               340      452    4476080   4475971   9.17e-07  59.0
exon_3  NC_064455.1  21                       544           113               340      452    4476089   4475980   9.17e-07  59.0
exon_3  NC_064455.1  21                       544           113               340      452    4476098   4475989   9.17e-07  59.0
exon_3  NC_064455.1  21                       544           113               340      452    4476107   4475998   9.17e-07  59.0
exon_3  NC_064455.1  21                       544           113               340      452    4476116   4476007   9.17e-07  59.0
exon_3  NC_064455.1  21                       544           113               340      452    4476125   4476016   9.17e-07  59.0
exon_3  NC_064455.1  21                       544           113               340      452    4476134   4476025   9.17e-07  59.0
exon_3  NC_064455.1  21                       544           113               340      452    4476143   4476034   9.17e-07  59.0
exon_3  NC_064455.1  21                       544           113               340      452    4476152   4476043   9.17e-07  59.0
exon_3  NC_064455.1  21                       544           113               340      452    4476161   4476052   9.17e-07  59.0
exon_3  NC_064455.1  21                       544           113               340      452    4476170   4476061   9.17e-07  59.0
exon_3  NC_064455.1  21                       544           113               340      452    4476179   4476070   9.17e-07  59.0
exon_3  NC_064455.1  21                       544           113               340      452    4476188   4476079   9.17e-07  59.0
exon_3  NC_064455.1  21                       544           113               340      452    4476197   4476088   9.17e-07  59.0
exon_3  NC_064455.1  21                       544           113               340      452    4476206   4476097   9.17e-07  59.0
exon_3  NC_064455.1  21                       544           113               340      452    4476215   4476106   9.17e-07  59.0
exon_3  NC_064455.1  21                       544           113               340      452    4476224   4476115   9.17e-07  59.0
exon_3  NC_064455.1  21                       544           113               340      452    4476233   4476124   9.17e-07  59.0
exon_3  NC_064455.1  21                       544           113               340      452    4476242   4476133   9.17e-07  59.0
exon_3  NC_064455.1  21                       544           113               340      452    4476251   4476142   9.17e-07  59.0
exon_3  NC_064455.1  21                       544           113               340      452    4476260   4476151   9.17e-07  59.0
exon_3  NC_064455.1  21                       544           113               340      452    4476269   4476160   9.17e-07  59.0
exon_3  NC_064455.1  21                       544           113               340      452    4476278   4476169   9.17e-07  59.0
exon_3  NC_064455.1  21                       544           113               340      452    4476287   4476178   9.17e-07  59.0
exon_3  NC_064442.1  23                       544           129               322      445    16230996  16231116  2.63e-07  60.8
exon_3  NC_064436.1  19                       544           108               275      378    70849948  70850048  3.20e-06  57.2
exon_3  NC_064450.1  15                       544           80                359      437    2593580   2593508   0.002     49.1
