Query   Subject     %_Query_covered_per_hsp  Query_length  Alignment_length  Q_start  Q_end  S_start   S_end     E_value   Bit_score
exon_3  CM020222.1  17                       544           99                337      431    19741834  19741739  5.77e-04  50.9
exon_3  CM020218.1  15                       544           82                357      437    81368128  81368200  5.77e-04  50.0
exon_3  CM020231.1  13                       544           70                367      436    1129001   1128935   0.002     49.1
exon_3  CM020228.1  8                        544           51                368      413    12395139  12395188  0.002     49.1
exon_3  CM020229.1  28                       544           162               301      452    18418698  18418851  0.002     48.2
exon_3  CM020246.1  21                       544           118               321      436    1577359   1577468   0.007     47.3
exon_3  CM020246.1  21                       544           118               319      431    10859768  10859655  0.007     46.4
exon_3  CM020225.1  23                       544           128               319      442    4821913   4821792   0.007     47.3
exon_3  CM020216.1  10                       544           59                396      452    31020829  31020882  0.007     46.4
