Location    #_hits  %_query_cov  %_identity  Lowest_evalue
CM020246.1  1       7            24.2937     0.007
CM020242.1  1       2.33333      28.9473     0.007
CM020231.1  1       4.33333      25.7143     0.002
CM020229.1  1       9.33333      23.0453     0.002
CM020228.1  1       2.66667      27.451      0.002
CM020225.1  1       7.66667      23.4373     0.007
CM020222.1  1       5.66667      24.9157     5.77e-04
CM020218.1  1       5            25.2033     5.77e-04
CM020216.1  1       3.33333      27.1187     0.007
