Query   Subject         %_Query_covered_per_hsp  Query_length  Alignment_length  Q_start  Q_end  S_start    S_end      E_value   Bit_score
exon_3  NW_024010208.1  20                       544           108               21       127    3425       3319       4.52e-05  53.6
exon_3  NC_051774.1     26                       544           143               288      428    76314651   76314519   4.52e-05  53.6
exon_3  NC_051774.1     24                       544           132               313      440    91681643   91681520   0.007     47.3
exon_3  NC_051774.1     24                       544           132               313      440    91752946   91752823   0.007     47.3
exon_3  NC_051794.1     11                       544           62                252      313    797580     797641     5.50e-04  50.0
exon_3  NC_051773.1     18                       544           102               76       174    99111081   99110982   5.50e-04  50.0
exon_3  NC_051804.1     13                       544           69                123      191    83357592   83357528   0.002     48.2
exon_3  NC_051776.1     10                       544           57                217      271    31120899   31120951   0.007     46.4
exon_3  NW_024009866.1  11                       544           61                376      435    61773      61830      0.007     47.3
exon_3  NC_051775.1     10                       544           54                388      440    76054682   76054733   0.007     47.3
exon_3  NC_051772.1     18                       544           102               338      436    128072535  128072437  0.007     46.4
