Location        #_hits  %_query_cov  %_identity  Lowest_evalue
NW_024010208.1  1       6.66667      24.074      4.52e-05
NW_024009866.1  1       3.66667      26.776      0.007
NW_024009718.1  1       2.66667      28.4553     0.007
NC_051804.1     1       4.33333      26.087      0.002
NC_051794.1     1       3.66667      25.8063     5.50e-04
NC_051777.1     1       2.66667      27.4073     0.007
NC_051776.1     1       3            28          0.002
NC_051775.1     1       3.33333      27.7777     0.007
NC_051774.1     1       8.66667      23.543      4.52e-05
NC_051773.1     1       6            23.8563     5.50e-04
NC_051772.1     1       6            24.8367     0.007
