CT	Galgal	LTR	ERVL	GGERV22_LTR	NC_052532.1:33768533-33768883-	NC_052536.1:39678433-39678777+	20	51	0	274,275,278,282,283,316,317,322,330,343	271,272,275,279,280,310,311,316,324,337	2	6,7,8,9,10,16,17,18,19,20	38	67	347	4|20|1|2|2|3|9|1|2|3|2|2
CT	Galgal	LTR	ERVL	GGLTR12A	NC_052532.1:191389084-191389811-	NC_052535.1:19159222-19160006-	17	35	0	429,432,459,462,469,497,504,512,529,534	484,487,514,517,524,552,559,567,584,589	1	4,5,6,7,8,9,10,11,12,13	106	106	377	4|17|1|2|1|1|2|3|0|3|0|1
CT	Galgal	LTR	ERVL	GGLTR3B3	NC_052532.1:95531261-95531767+	NC_052533.1:82278378-82278700+	16	39	0	279,286,316,327,335,349,389,414,416,423,424	102,132,143,151,165,205,231,233,239,240,95	2	2,3,4,5,6,7,9,10,11,12,13	107	146	312	3|16|1|0|0|0|3|6|2|3|3|2
CT	Galgal	LTR	ERVL	GGLTR3B3	NC_052532.1:161494124-161494635-	NC_052533.1:82278378-82278700+	19	57	0	285,292,325,327,340,413,420,422,429,430	102,135,137,150,223,231,233,239,240,95	2	5,6,7,8,9,12,13,14,15,16	74	146	311	5|19|1|3|0|2|9|9|1|2|3|3
CT	Galgal	LTR	ERVL	GGLTR3A	NC_052532.1:18710023-18710550+	NC_052532.1:159135126-159135653+	11	17	0	332,336,372,437,465,478,480,490,492,503	332,336,372,437,465,478,480,490,492,503	1	2,3,4,5,6,7,8,9,10,11	172	172	527	0|11|1|0|0|0|1|3|0|1|0|0
CT	Galgal	LTR	ERVL	ENS1B-LTR	NC_052532.1:36814151-36814965-	NC_052572.1:5501752-5502591-	19	51	0	521,535,541,570,576,592,667,669,679,686,727	539,553,559,588,594,610,686,688,698,705,746	2	5,6,7,8,9,10,12,13,14,15,16	133	208	825	7|19|4|0|1|2|6|7|3|1|1|0
CT	Galgal	LTR	ERVL	GGLTR3F2	NC_052532.1:180031375-180031849-	NC_052571.1:2736447-2736950-	18	34	0	372,383,385,386,397,398,400,418,420,431,432,433	393,411,413,414,426,427,429,447,449,460,461,462	1	5,6,7,8,9,10,11,12,13,14,15,16	70	70	486	4|18|1|1|0|0|5|3|0|1|0|1
CT	Galgal	LTR	ERVL	GGLTR3F2	NC_052532.1:180031375-180031849-	NC_052571.1:2715414-2715916+	17	33	0	372,383,385,386,397,398,418,420,431,432,433	393,411,413,414,426,427,446,448,459,460,461	1	5,6,7,8,9,10,11,12,13,14,15	69	69	485	4|17|1|1|0|0|5|3|0|1|0|1
CT	Galgal	LTR	ERVL	GGERV30_LTR	NC_052533.1:54482218-54482523-	NC_052536.1:32514945-32515251-	14	28	0	105,106,141,159,210,212,225,45,56,58	105,106,141,159,210,212,225,45,56,58	2	3,4,5,6,7,8,9,10,11,12	182	181	305	2|14|0|0|1|0|6|1|1|2|1|0
CT	Galgal	LTR	ERVL	GGERV22_LTR	NC_052535.1:5840597-5840943+	NC_052538.1:17201425-17201751-	22	44	0	165,168,170,179,180,184,186,197,198,199,200,259,264,265,270,273	170,173,175,184,185,189,191,202,203,204,205,259,264,265,270,273	2	4,5,6,7,8,9,10,11,12,13,14,18,19,20,21,22	51	104	284	1|22|1|1|1|1|7|2|2|2|3|1
CT	Galgal	LTR	ERVL	GGERVL18-LTR	NC_052534.1:75150523-75150818-	NC_052571.1:6164533-6164815+	21	37	0	14,243,244,249,250,258,259,53,59,69,71	14,242,243,248,249,257,258,52,58,68,70	2	1,2,3,4,5,15,16,17,18,19,20	74	245	282	3|21|0|2|2|0|4|1|2|2|0|0
CT	Galgal	LTR	ERVL	GGERV22_LTR	NC_052537.1:30593157-30593503-	NC_052541.1:17354504-17354837-	17	44	0	172,173,176,185,189,239,243,249,251,256,257	172,173,176,185,189,239,243,249,251,256,257	2	3,4,5,6,7,8,9,10,11,12,13	87	86	288	6|17|2|1|4|0|8|3|0|2|0|1
CT	Galgal	LTR	ERVL	GGERV22_LTR	NC_052537.1:30593157-30593503-	NC_052539.1:18412391-18412740-	19	52	0	171,172,173,176,185,186,239,250,251,256,274	176,177,178,181,190,191,242,253,254,259,277	2	2,3,4,5,6,7,11,12,13,14,15	52	102	314	11|19|2|1|2|1|6|5|2|0|1|2
CT	Galgal	LTR	ERVL	ENS1-LTR	NC_052535.1:72243847-72244762+	NC_052539.1:8293491-8294288-	13	23	0	514,563,564,579,606,687,712,770,788,789	396,445,446,461,488,569,594,652,670,671	2	2,3,4,5,6,7,8,9,10,11	277	276	451	2|13|0|0|1|0|3|2|0|0|1|1
CT	Galgal	LTR	ERVL	ENS1B-LTR	NC_052533.1:132186335-132187183-	NC_052534.1:89914648-89915453+	15	38	0	633,650,664,668,695,721,722,756,773,791	590,607,621,625,652,678,679,713,730,748	2	6,7,8,9,10,11,12,13,14,15	160	159	455	9|15|0|0|0|0|5|5|0|2|2|0
CT	Galgal	LTR	ERVL	ENS1B-LTR	NC_052533.1:132228096-132228927+	NC_052534.1:89914648-89915453+	15	32	0	616,633,647,651,678,704,705,739,756,774	590,607,621,625,652,678,679,713,730,748	2	6,7,8,9,10,11,12,13,14,15	160	159	335	8|15|0|0|0|0|3|4|0|1|1|0
CT	Galgal	LTR	ERVL	ENS1-LTR	NC_052571.1:8503357-8504251-	NC_052572.1:43408027-43408991+	18	40	0	654,658,746,749,756,767,768,802,822,846	715,719,816,819,826,837,838,872,892,916	1	8,9,10,11,12,13,14,15,16,17	202	202	544	3|18|0|2|2|2|2|2|1|0|1|7
CT	Galgal	LTR	ERVL	GGERV22_LTR	NC_052542.1:4738585-4738930-	NC_052571.1:5488530-5488879+	16	41	0	171,186,189,204,209,262,267,273,277,283	171,190,193,208,214,267,274,281,285,291	2	4,5,6,7,8,10,11,12,13,14	69	121	338	8|16|2|1|1|1|5|3|1|2|0|1
CT	Galgal	LTR	ERVL	GGERVL18-LTR	NC_052543.1:163836-164184+	NC_052571.1:4305430-4305782-	26	60	0	174,179,180,181,188,255,257,258,261,262	175,180,181,182,189,256,258,259,262,263	2	10,11,12,13,14,20,21,22,23,24	23	89	311	8|26|2|4|0|0|5|3|6|1|2|3
CT	Galgal	LTR	ERVL	GGLTR3A	NC_052571.1:1003479-1004037-	NC_052572.1:70715631-70716185-	17	35	0	183,194,198,222,228,465,481,489,511,531	167,178,182,217,223,458,474,482,505,525	2	3,4,5,6,7,13,14,15,16,17	125	359	549	7|17|0|1|1|1|3|3|0|0|2|0
