CT	Erygou	LTR	ERV1	DR0045553	QUSF01000001.1:16229035-16229664+	QUSF01000005.1:41631289-41631914+	51	97	0	295,303,304,307,313,333,335,338,340,341,372,397,409,411,415,424,426,445	294,302,303,306,312,332,334,337,339,340,371,396,408,410,414,423,425,444	3	25,26,27,28,29,30,31,32,33,34,38,39,40,41,42,43,44,45	122	151	625	14|51|0|4|1|4|11|5|1|2|2|2
CT	Erygou	LTR	ERV1	DR0045553	QUSF01000001.1:16229035-16229664+	QUSF01000008.1:11725513-11726142-	38	92	0	292,295,303,304,310,313,332,333,335,338,341,354,355,363	295,298,306,307,313,317,336,337,339,342,345,358,359,367	2	24,25,26,27,28,29,30,31,32,33,34,35,36,37	74	73	597	16|38|2|4|2|2|11|7|3|2|3|2
CT	Erygou	LTR	ERV1	DR0045553	QUSF01000001.1:31537675-31538299+	QUSF01000005.1:41631289-41631914+	46	88	0	100,104,407,409,413,422,424,93,94,95	102,408,410,414,423,425,91,92,93,98	2	5,6,7,8,9,34,35,36,37,38	30	335	622	12|46|1|1|0|2|14|4|0|5|2|1
CT	Erygou	LTR	ERV1	DR0045553	QUSF01000002.1:8382154-8382778+	QUSF01000005.1:41631289-41631914+	52	96	0	103,111,328,330,333,335,336,93,94,99	102,110,332,334,337,339,340,92,93,98	2	5,6,7,8,9,30,31,32,33,34	28	249	623	16|52|1|2|2|2|12|2|2|2|2|1
CT	Erygou	LTR	ERV1	DR0045553	QUSF01000002.1:8382154-8382778+	QUSF01000008.1:11725513-11726142-	44	91	0	102,103,327,328,330,333,336,349,351,358,93,94,98,99	100,101,104,105,336,337,339,342,345,358,360,367,95,96	2	4,5,6,7,8,9,33,34,35,36,37,38,39,40	43	273	595	15|44|3|0|5|1|11|7|2|0|2|1
CT	Erygou	LTR	ERV1	DR0045553	QUSF01000002.1:34377422-34378040+	QUSF01000008.1:11725513-11726142-	42	84	0	102,103,106,107,121,288,295,298,326,329,332,335,348,357,75,77,97,98	100,101,104,105,119,288,295,298,336,339,342,345,358,367,77,79,95,96	2	1,2,3,4,5,6,7,8,9,29,30,31,32,33,34,35,36,37	123	291	572	12|42|1|2|2|1|9|5|2|3|4|1
CT	Erygou	LTR	ERV1	DR0045553	QUSF01000004.1:42061681-42062223+	QUSF01000005.1:41631289-41631914+	58	95	0	286,292,301,304,310,330,332,335,337,338,406,408,412,421,423	288,294,303,306,312,332,334,337,339,340,408,410,414,423,425	3	31,32,33,34,35,36,37,38,39,40,46,47,48,49,50	72	138	542	17|58|2|3|0|1|7|2|2|0|2|1
CT	Erygou	LTR	ERV1	DR0045553	QUSF01000004.1:42061681-42062223+	QUSF01000008.1:11725513-11726142-	45	81	0	101,102,286,289,292,301,307,310,329,330,332,335,338,351,352,353,360,62,75,77,94	104,105,292,295,298,307,313,317,336,337,339,342,345,358,359,360,367,67,77,79,95	3	2,3,4,5,6,7,29,30,31,32,33,34,35,36,37,38,39,40,41,42,43	116	301	512	14|45|3|1|2|1|4|4|3|0|4|0
CT	Erygou	LTR	ERV1	DR0045553	QUSF01000004.1:42062323-42062811+	QUSF01000008.1:11725513-11726142-	34	65	0	113,114,116,126,136,139,151,154,157,166,172,175,194,195,197,200,203,216,217,218,225	254,255,257,267,277,280,292,295,298,307,313,317,336,337,339,342,345,358,359,360,367	3	8,9,10,11,12,13,17,18,19,20,21,22,23,24,25,26,27,28,29,30,31	104	114	489	10|34|3|1|2|1|3|5|2|0|4|0
CT	Erygou	LTR	ERV1	DR0045553	QUSF01000004.1:45268670-45269292-	QUSF01000008.1:11725513-11726142-	38	86	0	101,102,287,290,293,302,308,330,331,333,336,339,93,97,98	100,101,104,105,292,295,298,307,313,336,337,339,342,345,96	3	4,5,6,7,8,24,25,26,27,28,29,30,31,32,33	65	250	584	16|38|1|4|2|1|7|6|3|1|5|2
CT	Erygou	LTR	ERV1	DR0045553	QUSF01000004.1:45806251-45806864+	QUSF01000008.1:11725513-11726142-	36	80	0	102,103,279,282,291,297,300,319,320,322,325,328,62,75,77,93,94,98,99	100,101,104,105,295,298,307,313,317,336,337,339,342,345,67,77,79,95,96	3	2,3,4,5,6,7,8,9,10,23,24,25,26,27,28,29,30,31,32	91	279	589	17|36|2|1|2|0|4|6|2|1|5|4
CT	Erygou	LTR	ERV1	DR0045553	QUSF01000004.1:46875404-46875998+	QUSF01000008.1:11725513-11726142-	27	51	0	218,219,221,231,241,244,256,259,262,271,277,280,299,300,302,305,308	254,255,257,267,277,280,292,295,298,307,313,317,336,337,339,342,345	3	1,2,3,4,5,6,10,11,12,13,14,15,16,17,18,19,20	82	92	408	9|27|0|2|2|2|3|4|1|0|1|0
CT	Erygou	LTR	ERV1	DR0045553	QUSF01000005.1:30198764-30199380-	QUSF01000005.1:41631289-41631914+	51	93	0	331,333,336,338,339,370,397,399,403,412,414,433	332,334,337,339,340,371,408,410,414,423,425,444	2	30,31,32,33,34,38,39,40,41,42,43,44	83	113	619	16|51|1|3|2|3|6|3|2|2|3|1
CT	Erygou	LTR	ERV1	DR0045553	QUSF01000005.1:30198764-30199380-	QUSF01000008.1:11725513-11726142-	41	86	0	101,102,330,331,333,336,339,93,97,98	100,101,104,105,336,337,339,342,345,96	2	5,6,7,8,9,31,32,33,34,35	20	250	591	16|41|3|4|3|2|4|4|2|2|4|1
CT	Erygou	LTR	ERV1	DR0045553	QUSF01000006.1:1198526-1199152+	QUSF01000008.1:11725513-11726142-	42	88	0	102,103,288,291,294,303,309,312,331,332,334,337,340,353,362,73,75,77,93,94,98	100,104,105,292,295,298,307,313,317,336,337,339,342,345,358,367,75,77,79,95,96	3	2,3,4,5,6,7,8,9,29,30,31,32,33,34,35,36,37,38,39,40,41	108	293	594	14|42|1|3|4|1|7|6|2|0|6|2
CT	Erygou	LTR	ERV1	DR0045553	QUSF01000008.1:8554862-8555488+	QUSF01000008.1:11725513-11726142-	41	89	0	102,103,261,274,278,279,280,289,292,301,307,329,330,332,335,338,92,94,98,99	100,101,104,105,267,280,284,285,286,295,298,307,313,336,337,339,342,345,94,96	3	5,6,7,8,9,10,23,24,25,26,27,28,29,30,31,32,33,34,35,36	92	252	596	15|41|2|5|1|2|7|6|1|1|5|3
