CT	Erygou	LTR	ERVL	DR0045723	QUSF01000001.1:15562606-15563297+	QUSF01000002.1:18995199-18995888+	47	112	0	122,124,127,129,130,131,133,248,256,258,263,267	127,129,132,134,135,136,138,260,268,270,275,279	2	11,12,13,14,15,16,17,22,23,24,25,26	32	153	683	30|47|3|5|2|1|3|9|5|5|2|0
CT	Erygou	LTR	ERVL	DR0045624	QUSF01000007.1:11973457-11974824+	QUSF01000071.1:1482004-1483396+	78	173	0	1066,1068,1070,1073,1074,1075,530,532,533,535,555,558,559,705,708,714,717,720,721,765,766,767,769,773,776,802,804,809,810,811,886,891,894,895,905,906,907,914,924,925,981,982,984,986,987	1055,1057,1059,1062,1063,1064,521,523,524,526,543,546,547,687,690,696,699,702,703,755,756,757,759,763,766,791,793,798,799,800,877,882,885,886,896,897,898,905,913,914,969,970,972,974,975	7	2,3,4,5,6,7,8,19,20,21,22,23,24,26,27,28,29,30,31,32,33,34,35,36,44,45,46,47,48,49,50,51,52,53,59,60,61,62,63,69,70,71,72,73,74	146	544	863	59|78|2|6|2|2|10|7|2|2|1|2
CT	Erygou	LTR	ERVL	DR0045624	QUSF01000009.1:15653206-15654117+	QUSF01000071.1:1482004-1483396+	74	167	0	250,253,262,265,266,269,271,315,316,317,319,323,326,455,456,457,464,472,473	687,690,699,702,703,706,708,755,756,757,759,763,766,896,897,898,905,913,914	3	16,17,18,19,20,21,22,23,24,25,26,27,28,46,47,48,49,50,51	100	228	867	55|74|2|4|2|2|13|5|0|1|2|7
CT	Erygou	LTR	ERVL	DR0045624	QUSF01000029.1:6685157-6686464+	QUSF01000071.1:1482004-1483396+	60	133	0	1012,1014,1016,1019,1021,604,613,615,616,628,662,665,671,674,677,678,683,730,731,733,737,740	1055,1057,1059,1062,1064,636,643,645,646,658,687,690,696,699,702,703,708,756,757,759,763,766	4	2,3,4,5,6,9,10,11,12,13,14,15,17,18,19,20,21,51,52,53,54,55	66	429	708	45|60|1|3|3|3|7|5|2|2|2|0
CT	Erygou	LTR	ERVL	DR0045761	QUSF01000006.1:27634890-27635582+	QUSF01000053.1:1305620-1306302+	43	118	0	100,104,105,108,314,315,316,325,328,335,336,339,90,96	310,311,312,321,324,331,332,335,80,87,91,95,96,99	2	2,3,4,5,6,7,24,25,26,27,28,29,30,31	46	256	639	35|43|2|9|7|3|3|8|3|2|0|3
CT	Erygou	LTR	ERVL	DR0045624	QUSF01000049.1:1133122-1133827+	QUSF01000071.1:1482004-1483396+	68	143	0	110,111,112,114,118,121,231,236,239,240,250,251,252,259,267,268,408,409,411,415,416	1056,1057,1059,1064,1065,755,756,757,759,763,766,877,882,885,886,896,897,898,905,913,914	3	12,13,14,15,16,17,32,33,34,35,36,37,38,39,40,41,54,55,56,57,58	60	311	704	36|68|1|3|7|4|12|4|5|2|1|0
CT	Erygou	LTR	ERVL	DR0045624	QUSF01000050.1:1132506-1133210+	QUSF01000071.1:1482004-1483396+	67	142	0	110,111,112,114,118,121,154,155,156,181,189,230,235,238,239,249,250,251,258,266,267	755,756,757,759,763,766,798,799,800,826,834,877,882,885,886,896,897,898,905,913,914	3	12,13,14,15,16,17,22,23,24,25,26,32,33,34,35,36,37,38,39,40,41	87	160	704	34|67|0|3|8|5|13|4|4|2|2|0
CT	Erygou	LTR	ERVL	DR0045624	QUSF01000064.1:604812-606025-	QUSF01000071.1:1482004-1483396+	97	193	0	1000,1002,1004,1007,1008,1009,387,388,393,394,402,405,406,409,410,418,419,433,437,641,644,650,653,656,657,660,662,707,708,709,715,718,823,828,831,832,841,842,910,918,920,921,925	1055,1057,1059,1062,1063,1064,441,442,447,448,456,459,460,463,464,472,473,485,489,687,690,696,699,702,703,706,708,755,756,757,763,766,877,882,885,886,896,897,963,972,974,975,979	7	10,11,12,13,14,15,16,17,18,19,20,21,22,45,46,47,48,49,50,51,52,53,54,55,56,57,68,69,70,71,72,73,80,81,82,83,84,88,89,90,91,92,93	179	624	912	49|97|3|6|2|1|17|2|8|4|1|3
CT	Erygou	LTR	ERVL	DR0045761	QUSF01000013.1:18370410-18371106-	QUSF01000053.1:1305620-1306302+	44	126	0	106,112,116,121,122,123,214,222,223,226,227	196,204,205,208,209,80,87,91,95,96,97	2	3,4,5,6,7,8,12,13,14,15,16	32	130	672	36|44|5|6|5|3|7|8|3|4|1|4
CT	Erygou	LTR	ERVL	DR0045761	QUSF01000021.1:2300914-2301625+	QUSF01001445.1:589-1317+	29	76	0	240,248,249,250,253,314,321,325,326,327	218,226,227,228,231,295,303,307,308,309	2	9,10,11,12,13,22,23,24,25,26	29	92	373	6|29|4|8|9|0|3|4|9|1|2|1
CT	Erygou	LTR	ERVL	DR0045761	QUSF01000021.1:2300914-2301625+	QUSF01001444.1:10467-11195-	29	76	0	240,248,249,250,253,314,321,325,326,327	218,226,227,228,231,295,303,307,308,309	2	9,10,11,12,13,22,23,24,25,26	29	92	373	6|29|4|8|9|0|3|4|9|1|2|1
CT	Erygou	LTR	ERVL	DR0045761	QUSF01000022.1:11009035-11009707+	QUSF01001440.1:588-1312+	41	116	0	192,200,201,205,212,269,276,280,281,291	218,226,227,231,238,295,303,308,309,319	2	15,16,17,18,19,26,27,28,29,30	46	102	655	10|41|4|13|7|1|9|7|9|4|3|8
CT	Erygou	LTR	ERVL	DR0045761	QUSF01000022.1:11009035-11009707+	QUSF01001439.1:10512-11236-	41	116	0	192,200,201,205,212,269,276,280,281,291	218,226,227,231,238,295,303,308,309,319	2	15,16,17,18,19,26,27,28,29,30	46	102	655	10|41|4|13|7|1|9|7|9|4|3|8
CT	Erygou	LTR	ERVL	DR0045761	QUSF01000093.1:119322-120017+	QUSF01001445.1:589-1317+	46	124	0	212,220,221,225,232,288,293,297,298,299,309	218,226,227,231,238,295,303,307,308,309,319	2	20,21,22,23,24,33,34,35,36,37,38	46	102	689	14|46|5|8|10|1|7|10|10|3|2|8
CT	Erygou	LTR	ERVL	DR0045761	QUSF01000093.1:119322-120017+	QUSF01001444.1:10467-11195-	46	124	0	212,220,221,225,232,288,293,297,298,299,309	218,226,227,231,238,295,303,307,308,309,319	2	20,21,22,23,24,33,34,35,36,37,38	46	102	689	14|46|5|8|10|1|7|10|10|3|2|8
CT	Erygou	LTR	ERVL	DR0045761	QUSF01000093.1:119322-120017+	QUSF01001440.1:588-1312+	49	128	0	212,220,221,225,232,288,293,297,298,299,309	218,226,227,231,238,295,303,307,308,309,319	2	20,21,22,23,24,33,34,35,36,37,38	46	102	687	12|49|5|8|11|1|7|10|11|4|3|7
CT	Erygou	LTR	ERVL	DR0045761	QUSF01000093.1:119322-120017+	QUSF01001439.1:10512-11236-	49	128	0	212,220,221,225,232,288,293,297,298,299,309	218,226,227,231,238,295,303,307,308,309,319	2	20,21,22,23,24,33,34,35,36,37,38	46	102	687	12|49|5|8|11|1|7|10|11|4|3|7
CT	Erygou	LTR	ERVL	DR0045683	QUSF01000111.1:809255-809768-	QUSF01000192.1:263593-264493+	10	10	0	151,154,182,185,24,243,38,55,7,86	278,295,310,327,358,423,426,453,456,514	1	1,2,3,4,5,6,7,8,9,10	237	237	265	0|10|0|0|0|0|0|0|0|0|0|0
