GA	Calsqu	LTR	Copia	DR0012993	MCFN01000072.1:13862-14732+	MCFN01003632.1:1290-5453-	14	60	0	759,795,796,827,860	2839,2875,2876,2907,2940	1	10,11,12,13,14	102	102	866	14|5|3|4|4|3|6|9|0|6|3|3
GA	Calsqu	LTR	Copia	DR0012993	MCFN01000072.1:127533-128315+	MCFN01000212.1:635086-637433-	19	120	0	371,372,375,378,384	387,388,391,394,400	1	8,9,10,11,12	14	14	737	19|10|7|7|5|7|15|22|5|6|9|8
GA	Calsqu	LTR	Copia	DR0012993	MCFN01000072.1:184224-186674-	MCFN01011168.1:170-2566+	27	177	0	1191,1210,1238,1239,1244	1269,1288,1316,1317,1322	1	15,16,17,18,19	54	54	2311	27|17|13|12|17|14|16|18|9|7|10|17
GA	Calsqu	LTR	Copia	DR0012993	MCFN01000072.1:184224-186674-	MCFN01024795.1:0-1276+	11	69	0	1167,1178,1180,1191,1238,1245	815,826,828,838,885,892	1	5,6,7,8,9,10	78	78	1274	11|9|2|4|2|6|9|9|2|6|4|5
GA	Calsqu	LTR	Copia	DR0012993	MCFN01000072.1:184224-186674-	MCFN01003588.1:6334-7606+	10	30	0	1947,1949,1951,1962,1965	17,19,21,32,35	1	1,2,3,4,5	19	19	519	10|3|0|1|3|3|2|5|0|0|0|3
GA	Calsqu	LTR	Copia	DR0012993	MCFN01000072.1:258384-260672+	MCFN01003588.1:6334-7606+	11	60	0	1027,1029,1031,1042,1045	17,19,21,32,35	1	1,2,3,4,5	19	19	1275	11|6|0|1|5|3|13|7|1|5|2|6
GA	Calsqu	LTR	Copia	DR0012993	MCFN01000072.1:339997-343278-	MCFN01002159.1:4289-9507+	34	277	0	1252,1254,1270,1328,1332	3101,3103,3119,3177,3181	1	7,8,9,10,11	81	81	3124	34|29|21|20|20|35|28|26|16|16|15|17
GA	Calsqu	LTR	Copia	DR0012993	MCFN01000072.1:339997-343278-	MCFN01000212.1:635086-637433-	39	281	0	1459,1463,1466,1469,1472	387,391,394,397,400	1	8,9,10,11,12	14	14	1958	39|27|22|17|10|24|34|42|11|17|13|25
GA	Calsqu	LTR	Copia	DR0012993	MCFN01000072.1:378040-380211+	MCFN01003588.1:6334-7606+	9	33	0	1536,1538,1540,1551,1554	17,19,21,32,35	1	1,2,3,4,5	19	19	650	9|1|0|2|3|3|3|7|0|2|0|3
GA	Calsqu	LTR	Copia	DR0012993	MCFN01000072.1:384253-388208+	MCFN01000212.1:635086-637433-	39	303	0	1251,1252,1255,1258,1264	387,388,391,394,400	1	9,10,11,12,13	14	14	1947	39|29|16|14|15|23|37|41|17|25|19|28
GA	Calsqu	LTR	Copia	DR0012993	MCFN01000072.1:1748632-1753279+	MCFN01003588.1:6334-7606+	14	62	0	3383,3385,3387,3398,3401	17,19,21,32,35	1	1,2,3,4,5	19	19	1277	14|8|3|3|5|3|8|8|1|3|1|5
GA	Calsqu	LTR	Copia	DR0012993	MCFN01000072.1:1768586-1771761+	MCFN01002473.1:4670-8578+	40	244	0	297,306,345,350,353	153,162,201,206,209	1	2,3,4,5,6	57	57	2956	40|22|10|22|13|16|28|24|19|11|14|25
GA	Calsqu	LTR	Copia	DR0012993	MCFN01000072.1:1768586-1771761+	MCFN01005357.1:3743-6298+	16	78	0	434,437,438,446,451	2264,2267,2268,2276,2281	1	12,13,14,15,16	18	18	678	16|5|8|3|5|6|15|6|2|2|4|6
GA	Calsqu	LTR	Copia	DR0012993	MCFN01000072.1:2141315-2142503-	MCFN01003588.1:6334-7606+	10	37	0	617,619,621,632,635	17,19,21,32,35	1	1,2,3,4,5	19	19	584	10|4|0|1|3|4|4|6|2|0|0|3
GA	Calsqu	LTR	Copia	DR0012993	MCFN01000212.1:635086-637433-	MCFN01011937.1:0-1120+	20	138	0	1191,1197,1226,1231,1232	884,890,936,941,942	1	12,13,14,15,16	59	59	1095	20|18|4|13|6|10|19|9|12|7|7|13
GA	Calsqu	LTR	Copia	DR0012993	MCFN01001594.1:3276-7211+	MCFN01003588.1:6334-7606+	14	61	0	2677,2679,2681,2692,2695	17,19,21,32,35	1	1,2,3,4,5	19	19	1274	14|7|1|1|7|5|5|10|1|3|4|3
GA	Calsqu	LTR	Copia	DR0012993	MCFN01002535.1:3080-6688+	MCFN01003588.1:6334-7606+	15	70	0	2350,2352,2354,2365,2368	17,19,21,32,35	1	1,2,3,4,5	19	19	1274	15|6|4|3|6|4|11|10|0|2|4|5
GA	Calsqu	LTR	Copia	DR0012993	MCFN01002732.1:0-1513+	MCFN01003588.1:6334-7606+	10	39	0	918,920,922,932,933,936	17,19,21,31,32,35	1	1,2,3,4,5,6	19	19	610	10|2|2|1|3|3|5|7|1|0|2|3
GA	Calsqu	LTR	Copia	DR0012993	MCFN01002776.1:4266-5610-	MCFN01003588.1:6334-7606+	11	62	0	245,247,249,260,263	17,19,21,32,35	1	1,2,3,4,5	19	19	1110	11|5|1|4|6|4|7|10|1|4|5|4
GA	Calsqu	LTR	Copia	DR0012993	MCFN01002837.1:5596-9656+	MCFN01022736.1:107-1279-	9	35	0	3702,3728,3771,3787,3788	118,161,177,178,92	1	2,3,4,5,6	87	87	432	9|3|5|0|2|2|5|3|0|4|2|0
GA	Calsqu	LTR	Copia	DR0012993	MCFN01002998.1:8008-9846-	MCFN01003588.1:6334-7606+	11	65	0	577,579,581,592,595	17,19,21,32,35	1	1,2,3,4,5	19	19	1275	11|5|2|3|6|5|8|13|1|3|5|3
GA	Calsqu	LTR	Copia	DR0012993	MCFN01003207.1:2950-4816+	MCFN01004457.1:6170-7256-	8	58	0	1333,1344,1346,1393,1397	628,639,641,691,698	1	2,3,4,5,6	71	71	1080	8|7|2|3|4|2|9|8|3|2|7|3
GA	Calsqu	LTR	Copia	DR0012993	MCFN01003207.1:2950-4816+	MCFN01003588.1:6334-7606+	11	40	0	1282,1284,1286,1297,1300	17,19,21,32,35	1	1,2,3,4,5	19	19	605	11|1|2|1|3|1|5|9|2|0|3|2
