GA	Calsqu	LTR	ERVK	DR0012977	MCFN01000001.1:2468281-2470161+	MCFN01001048.1:12051-17534-	56	208	0	1147,1152,1165,1170,1171	1532,1537,1550,1555,1556	1	24,25,26,27,28	25	25	1261	56|32|9|9|14|7|27|30|6|6|7|5
GA	Calsqu	LTR	ERVK	DR0012960	MCFN01000072.1:2088896-2091008+	MCFN01001535.1:18027-21187+	49	214	0	1185,1202,1212,1234,1241	1540,1557,1567,1589,1596	1	22,23,24,25,26	57	57	2040	49|44|4|6|8|5|48|27|5|6|3|9
GA	Calsqu	LTR	ERVK	DR0012960	MCFN01000072.1:2094206-2096250+	MCFN01005199.1:371-2436-	20	56	0	800,825,834,849,982	801,826,835,850,983	1	9,10,11,12,13	183	183	1586	20|8|0|0|1|1|12|12|1|0|0|1
GA	Calsqu	LTR	ERVK	DR0012960	MCFN01000072.1:2094206-2096250+	MCFN01001851.1:13900-15965+	20	56	0	800,825,834,849,982	801,826,835,850,983	1	9,10,11,12,13	183	183	1586	20|8|0|0|1|1|12|12|1|0|0|1
GA	Calsqu	LTR	ERVK	DR0012977	MCFN01000072.1:279217-280034-	MCFN01005478.1:0-831+	16	75	0	146,147,156,164,168	144,145,154,162,166	1	4,5,6,7,8	23	23	811	16|19|2|7|3|3|7|9|2|2|3|2
GA	Calsqu	LTR	ERVK	DR0012977	MCFN01000072.1:345577-346522-	MCFN01000142.1:1550797-1553012-	25	68	0	630,634,643,666,671	797,801,810,833,838	1	17,18,19,20,21	42	42	943	25|16|1|7|9|2|2|1|1|0|1|3
GA	Calsqu	LTR	ERVK	DR0012977	MCFN01000072.1:345577-346522-	MCFN01025161.1:0-1129-	25	73	0	359,374,381,395,404	522,537,544,558,567	1	9,10,11,12,13	46	46	943	25|23|1|7|10|1|0|2|1|0|0|3
GA	Calsqu	LTR	ERVK	DR0012977	MCFN01000072.1:345577-346522-	MCFN01013003.1:210-1782-	32	112	0	630,634,652,666,668,675	1117,1121,1139,1153,1155,1162	1	22,23,24,25,26,27	46	46	864	32|33|2|9|11|1|5|7|4|2|2|4
GA	Calsqu	LTR	ERVK	DR0012960	MCFN01000075.1:1130933-1131571-	MCFN01001403.1:14592-16237+	42	96	0	188,195,204,217,222	192,199,208,221,226	1	10,11,12,13,14	35	35	637	42|16|2|2|4|1|9|10|3|0|5|2
GA	Calsqu	LTR	ERVK	DR0012877	MCFN01000066.1:1083656-1084944-	MCFN01004412.1:1-2118-	25	118	0	128,130,150,168,179	111,113,133,151,166	1	1,2,3,4,5	56	56	1280	25|24|3|2|4|10|19|14|3|2|4|8
GA	Calsqu	LTR	ERVK	DR0012895	MCFN01000072.1:164947-169538-	MCFN01004582.1:3818-7121-	78	230	0	2602,2630,2634,2643,2646	1534,1560,1564,1573,1576	1	32,33,34,35,36	43	43	3301	78|78|3|16|16|5|13|11|2|1|0|7
GA	Calsqu	LTR	ERVK	DR0012895	MCFN01000072.1:164947-169538-	MCFN01003181.1:7553-8945-	31	103	0	4219,4256,4299,4330,4345	1044,1080,1123,1153,1168	1	21,22,23,24,25	125	125	1382	31|27|4|8|7|2|8|6|4|1|0|5
GA	Calsqu	LTR	ERVK	DR0012895	MCFN01000072.1:164947-169538-	MCFN01000751.1:38401-40125-	81	322	0	1327,1328,1342,1347,1348	393,394,408,413,414	1	11,12,13,14,15	22	22	1736	81|85|6|20|17|13|33|24|13|3|11|16
GA	Calsqu	LTR	ERVK	DR0012895	MCFN01000072.1:164947-169538-	MCFN01002989.1:9457-9857-	10	32	0	4219,4256,4310,4339,4345	119,148,154,30,66	1	1,2,3,4,5	125	125	401	10|7|1|3|2|0|4|1|2|0|1|1
GA	Calsqu	LTR	ERVK	DR0012877	MCFN01000072.1:224636-225289-	MCFN01000160.1:504409-505688+	11	26	0	176,188,189,218,224	553,565,566,595,601	1	3,4,5,6,7	49	49	654	11|5|0|3|0|1|4|0|1|0|0|1
GA	Calsqu	LTR	ERVK	DR0012895	MCFN01000072.1:164947-169538-	MCFN01012674.1:1117-1609+	26	69	0	2423,2432,2435,2438,2441	426,435,438,441,444	1	22,23,24,25,26	19	19	439	26|20|0|4|0|2|8|5|0|2|2|0
GA	Calsqu	LTR	ERVK	DR0012895	MCFN01000072.1:164947-169538-	MCFN01001987.1:10135-10627+	26	69	0	2423,2432,2435,2438,2441	426,435,438,441,444	1	22,23,24,25,26	19	19	439	26|20|0|4|0|2|8|5|0|2|2|0
GA	Calsqu	LTR	ERVK	DR0012825	MCFN01002192.1:428-2878-	MCFN01016500.1:0-1711+	13	81	0	1509,1541,1542,1564,1569	937,969,970,992,997	1	2,3,4,5,6	61	61	1291	13|17|4|4|1|3|18|11|1|6|0|3
GA	Calsqu	LTR	ERVK	DR0012877	MCFN01000072.1:2139804-2140171-	MCFN01000160.1:504409-505688+	7	22	0	14,26,27,56,62	553,565,566,595,601	1	1,2,3,4,5	49	49	366	7|4|1|1|0|2|1|2|0|2|0|2
GA	Calsqu	LTR	ERVK	DR0012960	MCFN01000157.1:1413447-1413845+	MCFN01000163.1:906868-907118-	11	26	0	273,292,295,302,314	125,144,147,154,166	1	4,5,6,7,8	42	42	251	11|5|1|1|4|2|0|2|0|0|0|0
GA	Calsqu	LTR	ERVK	DR0012895	MCFN01000072.1:410552-413860-	MCFN01000142.1:39637-40145-	11	24	0	2552,2563,2569,2613,2619,2633	112,118,132,51,62,68	1	2,3,4,5,6,7	82	82	481	11|4|0|1|0|1|3|3|0|0|0|1
GA	Calsqu	LTR	ERVK	DR0012895	MCFN01000072.1:410552-413860-	MCFN01012674.1:1117-1609+	20	58	0	1465,1474,1477,1480,1483	426,435,438,441,444	1	16,17,18,19,20	19	19	441	20|14|0|2|0|2|9|6|0|3|2|0
GA	Calsqu	LTR	ERVK	DR0012895	MCFN01000072.1:410552-413860-	MCFN01001987.1:10135-10627+	20	58	0	1465,1474,1477,1480,1483	426,435,438,441,444	1	16,17,18,19,20	19	19	441	20|14|0|2|0|2|9|6|0|3|2|0
GA	Calsqu	LTR	ERVK	DR0012877	MCFN01000072.1:2142523-2144106-	MCFN01000160.1:504409-505688+	13	53	0	213,225,226,255,261	553,565,566,595,601	1	3,4,5,6,7	49	49	943	13|8|0|6|1|3|10|5|1|2|1|3
GA	Calsqu	LTR	ERVK	DR0012960	MCFN01000157.1:1414840-1416915+	MCFN01001403.1:14592-16237+	14	31	0	1985,1992,2001,2014,2019	192,199,208,221,226	1	9,10,11,12,13	35	35	244	14|5|0|2|1|0|3|4|1|0|0|1
GA	Calsqu	LTR	ERVK	DR0012911	MCFN01000197.1:210502-210931-	MCFN01026987.1:0-890+	8	29	0	269,271,282,291,303	572,574,585,594,606	1	4,5,6,7,8	35	35	316	8|5|1|0|1|0|5|6|0|1|2|0
GA	Calsqu	LTR	ERVK	DR0012985	MCFN01000120.1:9023-9320+	MCFN01001043.1:26507-26808-	7	16	0	214,222,243,248,282	218,226,247,252,286	1	3,4,5,6,7	69	69	297	7|2|0|0|0|0|1|3|0|1|0|2
GA	Calsqu	LTR	ERVK	DR0012985	MCFN01000120.1:9023-9320+	MCFN01002335.1:5774-6041-	12	36	0	117,125,126,127,136	104,105,106,115,96	1	2,3,4,5,6	20	20	218	12|3|1|3|0|3|3|4|2|1|0|4
GA	Calsqu	LTR	ERVK	DR0012960	MCFN01000275.1:802088-804144-	MCFN01001535.1:18027-21187+	78	232	0	1591,1634,1639,1661,1668	1546,1589,1594,1616,1623	1	66,67,68,69,70	78	78	1877	78|66|12|9|12|4|19|9|10|2|6|5
GA	Calsqu	LTR	ERVK	DR0012960	MCFN01000275.1:802088-804144-	MCFN01000508.1:78807-82040-	84	256	0	1007,1019,1029,1036,1062	1027,1039,1049,1056,1082	1	49,50,51,52,53	56	56	2037	84|71|13|10|10|5|18|19|10|2|5|9
GA	Calsqu	LTR	ERVK	DR0012960	MCFN01000275.1:802088-804144-	MCFN01000459.1:668930-671790+	80	268	0	1245,1249,1259,1269,1273,1277	1237,1241,1251,1261,1265,1269	1	42,43,44,45,46,47	33	33	1985	80|67|14|10|9|8|34|14|14|5|5|8
GA	Calsqu	LTR	ERVK	DR0012960	MCFN01000275.1:802088-804144-	MCFN01000814.1:149336-151107+	66	232	0	1245,1247,1259,1269,1273,1277	1001,1005,1009,976,978,991	1	30,31,32,33,34,35	34	34	1746	66|39|16|8|13|8|39|13|13|5|8|4
GA	Calsqu	LTR	ERVK	DR0012960	MCFN01000275.1:802088-804144-	MCFN01000356.1:19877-22602+	60	179	0	1644,1651,1661,1716,1718	1040,1042,972,979,989	1	39,40,41,42,43	71	71	1339	60|32|10|7|7|7|23|12|5|3|8|5
GA	Calsqu	LTR	ERVK	DR0012960	MCFN01000275.1:802088-804144-	MCFN01002845.1:3553-5862+	56	153	0	910,912,918,920,928,929	48,50,56,58,66,67	1	4,5,6,7,8,9	20	20	1177	56|42|6|7|8|3|11|8|5|1|2|4
GA	Calsqu	LTR	ERVK	DR0012960	MCFN01000275.1:802088-804144-	MCFN01001004.1:23278-25204+	48	141	0	1245,1249,1259,1269,1277	207,211,221,231,239	1	11,12,13,14,15	33	33	1022	48|33|6|6|6|4|13|10|5|1|3|6
GA	Calsqu	LTR	ERVK	DR0012960	MCFN01000275.1:802088-804144-	MCFN01001107.1:14339-16426+	38	123	0	1245,1249,1259,1269,1277	109,119,127,95,99	1	5,6,7,8,9	33	33	906	38|31|6|9|7|5|13|7|1|2|2|2
GA	Calsqu	LTR	ERVK	DR0012960	MCFN01000275.1:802088-804144-	MCFN01001403.1:14592-16237+	41	95	0	1245,1249,1259,1269,1273,1277	1209,1213,1223,1233,1237,1241	1	23,24,25,26,27,28	33	33	791	41|24|6|7|1|3|7|4|1|0|1|0
GA	Calsqu	LTR	ERVK	DR0012960	MCFN01000275.1:802088-804144-	MCFN01032179.1:0-816-	45	94	0	1029,1036,1062,993,998	239,244,275,282,308	1	18,19,20,21,22	70	70	807	45|17|3|5|3|2|5|1|4|1|6|2
GA	Calsqu	LTR	ERVK	DR0012960	MCFN01000275.1:802088-804144-	MCFN01010059.1:2757-3539+	44	93	0	1029,1036,1062,993,998	239,244,275,282,308	1	18,19,20,21,22	70	70	774	44|16|3|5|3|2|5|1|4|1|7|2
GA	Calsqu	LTR	ERVK	DR0012960	MCFN01000275.1:802088-804144-	MCFN01004673.1:4044-4922-	35	127	0	753,767,783,789,792	755,769,785,791,794	1	26,27,28,29,30	40	40	841	35|32|7|7|6|4|10|7|8|3|4|4
GA	Calsqu	LTR	ERVK	DR0012960	MCFN01000275.1:802088-804144-	MCFN01004779.1:0-494-	29	54	0	1029,1036,1062,993,998	239,244,275,282,308	1	18,19,20,21,22	70	70	483	29|7|2|3|2|0|3|1|3|0|4|0
GA	Calsqu	LTR	ERVK	DR0012977	MCFN01000142.1:34111-34485-	MCFN01005478.1:0-831+	6	16	0	146,147,164,168,169	144,145,162,166,167	1	1,2,3,4,5	24	24	352	6|3|0|1|1|1|3|0|0|0|1|0
GA	Calsqu	LTR	ERVK	DR0012960	MCFN01000356.1:19877-22602+	MCFN01001535.1:18027-21187+	67	297	0	389,395,404,419,422	1010,1019,1034,1037,994	1	15,16,17,18,19	44	44	2531	67|55|7|14|16|11|61|34|9|8|5|10
GA	Calsqu	LTR	ERVK	DR0012960	MCFN01000356.1:19877-22602+	MCFN01002845.1:3553-5862+	47	188	0	228,243,245,251,262	33,48,50,56,66	1	2,3,4,5,6	34	34	1434	47|34|4|6|11|8|32|24|6|4|2|10
GA	Calsqu	LTR	ERVK	DR0012960	MCFN01000356.1:19877-22602+	MCFN01001067.1:7707-8488-	17	55	0	238,261,262,266,275	437,460,461,465,474	1	6,7,8,9,10	38	38	533	17|9|6|2|4|1|4|4|3|1|0|4
GA	Calsqu	LTR	ERVK	DR0012977	MCFN01000142.1:40563-44469-	MCFN01010320.1:523-3191-	23	122	0	3293,3306,3312,3315,3344	2482,2495,2501,2504,2533	1	17,18,19,20,21	52	52	2666	23|24|4|7|5|8|9|27|4|5|5|1
GA	Calsqu	LTR	ERVK	DR0012977	MCFN01000142.1:40563-44469-	MCFN01002309.1:523-3152-	24	122	0	3293,3306,3312,3315,3344	2443,2456,2462,2465,2494	1	18,19,20,21,22	52	52	2627	24|24|4|6|4|8|9|28|4|5|5|1
GA	Calsqu	LTR	ERVK	DR0012977	MCFN01000142.1:40563-44469-	MCFN01010823.1:0-2202+	20	111	0	3293,3306,3312,3315,3344	2016,2029,2035,2038,2067	1	14,15,16,17,18	52	52	2206	20|23|4|4|5|7|7|27|3|5|4|2
GA	Calsqu	LTR	ERVK	DR0012977	MCFN01000142.1:40563-44469-	MCFN01002805.1:0-1707+	19	65	0	1774,1779,1868,1897,2014,2060	1019,1065,779,784,873,902	1	3,4,5,6,7,8	287	287	1717	19|11|2|5|1|3|8|6|2|0|3|5
GA	Calsqu	LTR	ERVK	DR0012985	MCFN01000160.1:166485-168423-	MCFN01000692.1:37447-42079+	11	29	0	1134,1358,1443,1496,1520,1716	3845,4069,4154,4207,4231,4424	1	5,6,7,8,9,10	580	580	1923	11|1|2|0|1|3|2|7|0|0|2|0
GA	Calsqu	LTR	ERVK	DR0012895	MCFN01000142.1:27872-29609-	MCFN01000142.1:39637-40145-	10	22	0	632,643,649,693,699	112,118,51,62,68	1	1,2,3,4,5	68	68	481	10|4|0|1|0|1|4|2|0|0|0|0
GA	Calsqu	LTR	ERVK	DR0012985	MCFN01000160.1:166485-168423-	MCFN01001394.1:11541-12261+	21	70	0	1412,1429,1443,1468,1479	232,249,263,288,299	1	8,9,10,11,12	68	68	714	21|7|2|3|3|4|13|11|0|1|1|4
GA	Calsqu	LTR	ERVK	DR0012985	MCFN01000166.1:473258-473709-	MCFN01003366.1:7163-7940-	5	9	0	108,115,119,133,171	592,599,603,617,655	1	1,2,3,4,5	64	64	293	5|0|0|0|0|0|0|2|1|0|1|0
GA	Calsqu	LTR	ERVK	DR0012985	MCFN01000166.1:473258-473709-	MCFN01001127.1:82658-84291-	7	12	0	115,119,133,152,178,184	1453,1457,1471,1490,1516,1522	1	2,3,4,5,6,7	70	70	294	7|1|0|0|0|0|1|1|1|0|1|0
GA	Calsqu	LTR	ERVK	DR0012911	MCFN01000276.1:665406-665885-	MCFN01002646.1:6330-6836+	17	52	0	108,109,134,138,155,159,163	108,109,134,138,155,159,163	1	3,4,5,6,7,8,9	56	56	479	17|7|0|2|1|2|8|13|0|0|0|2
GA	Calsqu	LTR	ERVK	DR0012977	MCFN01000142.1:50768-51803-	MCFN01001438.1:3664-4632-	5	8	0	156,163,173,203,310	156,163,173,203,310	1	1,2,3,4,5	155	155	365	5|2|0|0|0|0|1|0|0|0|0|0
GA	Calsqu	LTR	ERVK	DR0012977	MCFN01000142.1:50768-51803-	MCFN01002142.1:10314-11324+	9	20	0	133,156,173,201,203	133,156,173,201,203	1	2,3,4,5,6	71	71	327	9|3|1|1|2|1|1|1|1|0|0|0
GA	Calsqu	LTR	ERVK	DR0012877	MCFN01000166.1:1384239-1386383-	MCFN01004412.1:1-2118-	38	170	0	128,130,150,168,179	111,113,133,151,166	1	1,2,3,4,5	56	56	2122	38|40|3|1|4|9|31|27|2|2|3|10
GA	Calsqu	LTR	ERVK	DR0012977	MCFN01000142.1:50768-51803-	MCFN01005478.1:0-831+	10	19	0	146,147,156,164,168	144,145,154,162,166	1	2,3,4,5,6	23	23	373	10|3|0|1|0|0|3|1|0|0|1|0
GA	Calsqu	LTR	ERVK	DR0012977	MCFN01000142.1:50768-51803-	MCFN01000302.1:64722-65097-	5	5	0	156,173,203,310,338	156,173,203,310,338	1	1,2,3,4,5	183	183	369	5|0|0|0|0|0|0|0|0|0|0|0
GA	Calsqu	LTR	ERVK	DR0012877	MCFN01000166.1:1384239-1386383-	MCFN01000177.1:165130-166384-	13	49	0	1072,1091,1094,1171,1240,1326	212,231,234,311,380,466	1	2,3,4,5,6,7	255	255	1254	13|11|1|1|1|0|11|7|0|0|2|2
GA	Calsqu	LTR	ERVK	DR0012977	MCFN01000142.1:50768-51803-	MCFN01001103.1:28647-29002-	6	7	0	156,173,203,256,310,311	156,173,203,256,310,311	1	1,2,3,4,5,6	156	156	355	6|1|0|0|0|0|0|0|0|0|0|0
GA	Calsqu	LTR	ERVK	DR0012977	MCFN01000142.1:50768-51803-	MCFN01004676.1:6251-7008+	7	12	0	156,173,197,203,270	154,171,195,201,268	1	2,3,4,5,6	115	115	364	7|0|1|1|1|0|0|1|1|0|0|0
GA	Calsqu	LTR	ERVK	DR0012977	MCFN01000142.1:50768-51803-	MCFN01001507.1:14969-15324-	8	14	0	156,173,203,250,62	156,173,203,250,62	1	1,2,3,4,5	189	189	355	8|2|1|0|0|2|0|1|0|0|0|0
GA	Calsqu	LTR	ERVK	DR0012977	MCFN01000142.1:50768-51803-	MCFN01001334.1:12313-12661-	7	12	0	156,173,203,251,270	144,161,191,239,258	1	2,3,4,5,6	115	115	320	7|0|1|0|1|0|1|2|0|0|0|0
GA	Calsqu	LTR	ERVK	DR0012960	MCFN01000448.1:323802-324914+	MCFN01001004.1:23278-25204+	48	136	0	300,304,314,324,332	207,211,221,231,239	1	11,12,13,14,15	33	33	1006	48|32|6|5|5|4|11|10|5|0|4|6
GA	Calsqu	LTR	ERVK	DR0012960	MCFN01000448.1:323802-324914+	MCFN01000814.1:149336-151107+	48	155	0	300,302,314,324,328,332	1001,1005,1009,976,978,991	1	10,11,12,13,14,15	34	34	1081	48|27|8|5|8|8|25|9|6|3|6|2
GA	Calsqu	LTR	ERVK	DR0012960	MCFN01000448.1:323802-324914+	MCFN01000459.1:668930-671790+	53	152	0	300,304,314,324,328,332	1237,1241,1251,1261,1265,1269	1	12,13,14,15,16,17	33	33	1039	53|35|6|9|6|6|17|11|3|1|3|2
GA	Calsqu	LTR	ERVK	DR0012960	MCFN01000448.1:323802-324914+	MCFN01001107.1:14339-16426+	39	120	0	300,304,314,324,332	109,119,127,95,99	1	5,6,7,8,9	33	33	896	39|30|6|8|6|5|12|7|1|1|3|2
GA	Calsqu	LTR	ERVK	DR0012960	MCFN01000448.1:323802-324914+	MCFN01001403.1:14592-16237+	36	85	0	300,304,314,324,328,332	1209,1213,1223,1233,1237,1241	1	17,18,19,20,21,22	33	33	718	36|22|6|6|1|3|5|4|1|0|1|0
GA	Calsqu	LTR	ERVK	DR0012977	MCFN01000142.1:50768-51803-	MCFN01000302.1:62441-62695-	5	5	0	156,173,203,310,338	103,210,238,56,73	1	1,2,3,4,5	183	183	254	5|0|0|0|0|0|0|0|0|0|0|0
GA	Calsqu	LTR	ERVK	DR0012877	MCFN01000166.1:1384239-1386383-	MCFN01003452.1:3144-5577+	8	34	0	1948,2009,2071,2091,2101	486,547,609,629,639	1	4,5,6,7,8	154	154	671	8|8|1|0|1|0|7|8|1|0|0|0
GA	Calsqu	LTR	ERVK	DR0012895	MCFN01000142.1:36978-39617-	MCFN01000142.1:39637-40145-	9	20	0	1545,1551,1595,1601,1615	112,118,132,62,68	1	2,3,4,5,6	71	71	481	9|3|0|1|0|1|4|1|0|1|0|0
GA	Calsqu	LTR	ERVK	DR0012960	MCFN01000448.1:324958-325857+	MCFN01000508.1:78807-82040-	12	37	0	568,573,583,585,609,629	2653,2658,2668,2670,2694,2714	1	2,3,4,5,6,7	62	62	543	12|7|1|1|2|0|3|7|0|0|1|3
GA	Calsqu	LTR	ERVK	DR0012895	MCFN01000142.1:36978-39617-	MCFN01012674.1:1117-1609+	20	59	0	454,463,466,469,472	426,435,438,441,444	1	16,17,18,19,20	19	19	443	20|13|0|2|1|2|7|10|0|2|2|0
GA	Calsqu	LTR	ERVK	DR0012895	MCFN01000142.1:36978-39617-	MCFN01001987.1:10135-10627+	20	59	0	454,463,466,469,472	426,435,438,441,444	1	16,17,18,19,20	19	19	443	20|13|0|2|1|2|7|10|0|2|2|0
GA	Calsqu	LTR	ERVK	DR0012960	MCFN01000459.1:668930-671790+	MCFN01001535.1:18027-21187+	47	196	0	1054,1063,1076,1081,1127	1000,1015,1032,1037,1083	1	26,27,28,29,30	84	84	1809	47|36|2|9|8|4|34|33|2|6|6|9
GA	Calsqu	LTR	ERVK	DR0012960	MCFN01000459.1:668930-671790+	MCFN01001535.1:18027-21187+	15	67	0	2284,2308,2316,2331,2341	2302,2326,2334,2349,2359	1	6,7,8,9,10	58	58	828	15|14|2|4|0|3|17|10|1|0|1|0
GA	Calsqu	LTR	ERVK	DR0012877	MCFN01000177.1:165130-166384-	MCFN01003452.1:3144-5577+	10	37	0	1149,1154,1186,1190,1231,1234	547,552,584,588,629,632	1	5,6,7,8,9,10	86	86	652	10|7|0|0|2|0|5|11|1|1|0|0
GA	Calsqu	LTR	ERVK	DR0012960	MCFN01000503.1:411975-413749+	MCFN01001535.1:18027-21187+	37	154	0	1023,1026,1085,992,999	1589,1596,1620,1623,1682	1	20,21,22,23,24	94	94	1738	37|29|4|8|10|4|30|16|3|3|1|9
GA	Calsqu	LTR	ERVK	DR0012960	MCFN01000503.1:411975-413749+	MCFN01002845.1:3553-5862+	38	150	0	252,269,275,285,286	33,50,56,66,67	1	2,3,4,5,6	35	35	1440	38|32|3|4|12|3|26|19|2|2|0|9
GA	Calsqu	LTR	ERVK	DR0012960	MCFN01000503.1:411975-413749+	MCFN01004564.1:3839-5752+	13	108	0	1002,1009,1023,1027,999	270,273,280,294,298	1	4,5,6,7,8	29	29	1042	13|11|3|0|4|1|41|22|6|4|0|3
GA	Calsqu	LTR	ERVK	DR0012911	MCFN01000552.1:583789-585677-	MCFN01026987.1:0-890+	14	72	0	1580,1582,1602,1620,1629	572,574,594,612,622	1	7,8,9,10,11	51	51	893	14|12|2|1|5|7|8|14|2|2|1|4
GA	Calsqu	LTR	ERVK	DR0012985	MCFN01000212.1:1261590-1262319+	MCFN01004860.1:1172-1966+	13	46	0	562,565,567,577,578,580,604,606	621,624,626,637,638,640,669,671	1	5,6,7,8,9,10,11,12	51	51	669	13|5|1|1|1|3|11|5|3|1|2|0
GA	Calsqu	LTR	ERVK	DR0012985	MCFN01000212.1:1261590-1262319+	MCFN01002760.1:3114-4721+	13	65	0	562,563,564,565,566	563,564,565,566,567	1	7,8,9,10,11	5	5	736	13|13|3|2|1|0|14|7|3|1|7|1
GA	Calsqu	LTR	ERVK	DR0012985	MCFN01000212.1:1261590-1262319+	MCFN01001494.1:384-1129-	16	49	0	561,562,563,564,565,566,567,568	612,613,614,615,616,617,618,619	1	7,8,9,10,11,12,13,14	8	8	628	16|4|2|2|2|3|11|5|2|1|1|0
GA	Calsqu	LTR	ERVK	DR0012895	MCFN01000142.1:1543855-1544916+	MCFN01003005.1:2338-3784-	26	129	0	333,337,338,349,356	766,770,771,782,789	1	8,9,10,11,12	24	24	999	26|26|2|4|3|9|21|20|1|1|6|10
GA	Calsqu	LTR	ERVK	DR0012895	MCFN01000142.1:1543855-1544916+	MCFN01000715.1:239079-240519+	22	126	0	333,337,338,349,356	774,778,779,790,797	1	8,9,10,11,12	24	24	1004	22|32|1|6|3|10|16|20|2|1|4|9
GA	Calsqu	LTR	ERVK	DR0012977	MCFN01000142.1:66398-67405-	MCFN01005478.1:0-831+	10	44	0	146,147,156,164,168	144,145,154,162,166	1	3,4,5,6,7	23	23	835	10|7|3|3|1|1|5|8|3|1|2|0
GA	Calsqu	LTR	ERVK	DR0012960	MCFN01000603.1:477014-477275-	MCFN01001403.1:14592-16237+	10	24	0	163,197,206,219,224	165,199,208,221,226	1	5,6,7,8,9	62	62	262	10|2|0|0|2|2|3|2|2|0|1|0
GA	Calsqu	LTR	ERVK	DR0012985	MCFN01000390.1:1839-2067-	MCFN01001891.1:14731-15032+	5	9	0	145,151,165,174,208	218,224,238,247,281	1	1,2,3,4,5	64	64	228	5|0|0|1|0|0|1|2|0|0|0|0
GA	Calsqu	LTR	ERVK	DR0012985	MCFN01000390.1:1839-2067-	MCFN01001043.1:26507-26808-	6	12	0	145,153,174,179,208	218,226,247,252,281	1	2,3,4,5,6	64	64	228	6|2|0|0|0|0|1|2|0|0|0|1
GA	Calsqu	LTR	ERVK	DR0012960	MCFN01000814.1:149336-151107+	MCFN01000845.1:126590-129833-	55	206	0	112,125,129,135,140,170,182,197	431,444,448,454,459,489,501,516	1	3,4,5,6,7,8,9,10	86	86	1750	55|33|6|13|10|3|34|24|12|2|6|8
GA	Calsqu	LTR	ERVK	DR0012960	MCFN01000814.1:149336-151107+	MCFN01002845.1:3553-5862+	42	157	0	640,642,648,658,659	48,50,56,66,67	1	3,4,5,6,7	20	20	1178	42|27|6|9|8|4|24|17|5|1|2|12
GA	Calsqu	LTR	ERVK	DR0012960	MCFN01000845.1:126590-129833-	MCFN01001004.1:23278-25204+	43	176	0	1199,1211,1229,1265,1268	142,154,172,208,211	1	5,6,7,8,9	70	70	1868	43|37|6|2|5|5|32|24|6|5|5|6
GA	Calsqu	LTR	ERVK	DR0012960	MCFN01000845.1:126590-129833-	MCFN01001107.1:12519-13692+	29	141	0	819,842,843,847,850	821,844,845,849,852	1	16,17,18,19,20	32	32	1172	29|32|5|9|3|2|21|19|6|5|3|7
GA	Calsqu	LTR	ERVK	DR0012977	MCFN01000142.1:1493464-1494970-	MCFN01010823.1:0-2202+	15	58	0	883,885,898,904,907	2014,2016,2029,2035,2038	1	8,9,10,11,12	25	25	1066	15|9|1|1|2|4|6|10|1|5|2|2
GA	Calsqu	LTR	ERVK	DR0012977	MCFN01000142.1:1493464-1494970-	MCFN01010320.1:523-3191-	15	58	0	883,885,898,904,907	2480,2482,2495,2501,2504	1	8,9,10,11,12	25	25	1066	15|9|1|1|2|4|6|10|1|5|2|2
GA	Calsqu	LTR	ERVK	DR0012977	MCFN01000142.1:1493464-1494970-	MCFN01002309.1:523-3152-	15	58	0	883,885,898,904,907	2441,2443,2456,2462,2465	1	8,9,10,11,12	25	25	1066	15|9|1|1|2|4|6|10|1|5|2|2
GA	Calsqu	LTR	ERVK	DR0012960	MCFN01000845.1:126590-129833-	MCFN01001330.1:17868-18130-	8	20	0	12,23,26,36,71	12,23,26,36,71	1	1,2,3,4,5	60	60	262	8|2|1|0|0|2|1|2|0|1|3|0
GA	Calsqu	LTR	ERVK	DR0012977	MCFN01000142.1:1494976-1495857-	MCFN01005478.1:0-831+	9	44	0	146,147,164,168,83	144,145,162,166,81	1	2,3,4,5,6	86	86	833	9|5|0|5|1|2|7|6|1|1|4|3
GA	Calsqu	LTR	ERVK	DR0012977	MCFN01000142.1:1494976-1495857-	MCFN01000508.1:75566-75925-	11	42	0	193,201,247,251,282,288	195,203,249,253,287,293	1	5,6,7,8,9,10	99	99	356	11|7|1|3|1|1|8|4|0|2|2|2
GA	Calsqu	LTR	ERVK	DR0012985	MCFN01000445.1:266908-268506+	MCFN01001043.1:24041-25649-	10	40	0	330,331,355,358,368	274,275,299,302,313	1	3,4,5,6,7	40	40	486	10|7|0|1|0|2|9|8|0|1|2|0
GA	Calsqu	LTR	ERVK	DR0012877	MCFN01000274.1:339975-341037+	MCFN01000868.1:277736-279018-	11	56	0	536,661,668,698,716	756,881,888,918,936	1	4,5,6,7,8	181	181	1060	11|7|2|2|0|0|12|14|1|1|3|3
GA	Calsqu	LTR	ERVK	DR0012977	MCFN01000142.1:1548447-1549738-	MCFN01002805.1:0-1707+	13	46	0	641,646,735,764,881	1019,779,784,873,902	1	3,4,5,6,7	241	241	1287	13|11|1|4|0|2|3|4|1|0|3|4
GA	Calsqu	LTR	ERVK	DR0012911	MCFN01001910.1:6735-8608+	MCFN01026987.1:0-890+	13	65	0	1564,1566,1586,1604,1613	572,574,594,612,622	1	6,7,8,9,10	51	51	885	13|16|1|0|6|5|10|8|2|1|0|3
GA	Calsqu	LTR	ERVK	DR0012985	MCFN01000670.1:0-3575+	MCFN01000692.1:37447-42079+	22	101	0	2964,3007,3028,3033,3042	4026,4069,4090,4095,4104	1	14,15,16,17,18	79	79	2724	22|19|1|5|1|9|20|10|3|2|4|5
GA	Calsqu	LTR	ERVK	DR0012985	MCFN01000670.1:0-3575+	MCFN01001699.1:15351-18504-	23	41	0	226,264,265,267,271,276,286,319,323,328,329,331,332	578,616,617,619,623,628,638,671,675,680,681,683,684	2	5,6,7,8,9,10,11,12,13,14,15,16,17	108	107	649	23|4|0|4|0|1|4|1|1|0|2|1
GA	Calsqu	LTR	ERVK	DR0012985	MCFN01000670.1:0-3575+	MCFN01002056.1:7663-10820-	20	35	0	264,267,271,276,286,328,329,331,332,335,356,360,381	630,633,637,642,652,694,695,697,698,701,722,726,747	2	5,6,7,8,9,11,12,13,14,15,16,17,18	77	118	648	20|4|0|2|0|1|2|3|2|0|1|0
GA	Calsqu	LTR	ERVK	DR0012985	MCFN01000670.1:0-3575+	MCFN01011385.1:0-2476-	14	19	0	264,267,271,276,286,319,323,328,329,331,332,356,360,381	102,123,13,18,28,6,61,65,70,71,73,74,9,98	1	1,2,3,4,5,6,7,8,9,10,11,12,13,14	118	118	390	14|1|0|1|0|0|2|1|0|0|0|0
GA	Calsqu	LTR	ERVK	DR0012985	MCFN01000670.1:0-3575+	MCFN01001381.1:22992-25768+	18	45	0	319,323,328,329,331	262,266,271,272,274	1	9,10,11,12,13	13	13	590	18|3|2|6|1|3|4|5|1|0|0|2
GA	Calsqu	LTR	ERVK	DR0012985	MCFN01000670.1:0-3575+	MCFN01001460.1:10702-14210+	17	31	0	264,267,271,276,286,319,323,328,329,331,332,356,360,381,400	216,219,223,228,238,271,275,280,281,283,284,308,312,333,352	2	2,3,4,5,6,7,8,9,10,11,12,13,14,15,16	138	137	602	17|3|0|1|1|2|3|2|1|0|1|0
GA	Calsqu	LTR	ERVK	DR0012985	MCFN01000670.1:0-3575+	MCFN01001788.1:4820-7537-	21	42	0	247,264,267,271,276,286,319,323,328,329,332,334	728,745,748,752,757,767,800,804,809,810,812,814	2	3,4,5,6,7,8,9,10,11,12,13,14	88	87	647	21|5|1|2|1|1|4|4|1|0|2|0
GA	Calsqu	LTR	ERVK	DR0012985	MCFN01000670.1:0-3575+	MCFN01011927.1:0-2309-	17	29	0	264,267,271,276,286,328,329,331,332,356,360,381	340,343,347,352,362,404,405,407,408,432,436,457	2	4,5,6,7,8,10,11,12,13,14,15,16	77	118	648	17|2|0|2|1|0|3|3|1|0|0|0
GA	Calsqu	LTR	ERVK	DR0012985	MCFN01000670.1:0-3575+	MCFN01001127.1:82658-84291-	16	50	0	319,320,329,331,332	139,140,149,151,152	1	5,6,7,8,9	14	14	457	16|9|1|3|1|1|3|10|2|0|1|3
GA	Calsqu	LTR	ERVK	DR0012985	MCFN01000670.1:0-3575+	MCFN01000884.1:255318-256925-	16	41	0	319,323,329,331,332,341,356,360	100,109,124,128,87,91,97,99	1	1,2,3,4,5,6,7,8	42	42	347	16|7|2|3|0|1|4|3|0|0|3|2
GA	Calsqu	LTR	ERVK	DR0012985	MCFN01000670.1:0-3575+	MCFN01010781.1:1016-2755+	15	24	0	264,267,271,276,286,319,323,328,329,331,332,356,360,381	1312,1315,1319,1324,1334,1367,1371,1376,1377,1379,1380,1404,1408,1429	1	2,3,4,5,6,7,8,9,10,11,12,13,14,15	118	118	648	15|1|0|1|0|0|2|4|1|0|0|0
GA	Calsqu	LTR	ERVK	DR0012985	MCFN01000670.1:0-3575+	MCFN01001043.1:24041-25649-	16	38	0	319,323,329,331,332,356,360	100,124,128,87,91,97,99	1	1,2,3,4,5,6,7	42	42	345	16|4|1|1|0|2|4|5|0|0|2|3
GA	Calsqu	LTR	ERVK	DR0012985	MCFN01000670.1:0-3575+	MCFN01006141.1:2822-4461-	14	41	0	319,323,328,329,331,332,335	131,135,140,141,143,144,147	1	1,2,3,4,5,6,7	17	17	456	14|7|0|2|0|1|7|6|1|0|2|1
GA	Calsqu	LTR	ERVK	DR0012985	MCFN01000670.1:0-3575+	MCFN01001774.1:14502-16426-	15	30	0	264,267,271,276,286,319,323,328,329,331,332	623,626,630,635,645,678,682,687,688,690,691	2	2,3,4,5,6,7,8,9,10,11,12	70	69	647	15|2|0|0|0|1|6|4|2|0|0|0
GA	Calsqu	LTR	ERVK	DR0012985	MCFN01000670.1:0-3575+	MCFN01003777.1:1472-2463-	16	29	0	264,267,271,276,286,319,323,328,329,331,332	623,626,630,635,645,678,682,687,688,690,691	2	3,4,5,6,7,8,9,10,11,12,13	70	69	634	16|4|1|1|1|0|3|0|1|1|1|0
GA	Calsqu	LTR	ERVK	DR0012985	MCFN01000670.1:0-3575+	MCFN01005446.1:4818-6194+	16	32	0	319,323,328,329,332,356,360,381	685,689,694,695,701,725,729,750	1	9,10,11,12,13,14,15,16	66	66	650	16|4|0|3|0|1|2|2|1|1|1|1
GA	Calsqu	LTR	ERVK	DR0012985	MCFN01000670.1:0-3575+	MCFN01000833.1:305174-306591+	22	34	0	264,267,271,276,286,319,323,328,329,331,332	617,620,624,629,639,672,676,681,682,684,685	2	5,6,7,8,9,10,11,12,13,14,15	70	69	650	22|3|0|0|0|1|4|1|1|0|1|1
GA	Calsqu	LTR	ERVK	DR0012985	MCFN01000670.1:0-3575+	MCFN01030081.1:0-1106-	16	25	0	264,267,271,276,286,319,323,328,329,331,332,356,360,381	770,773,777,782,792,825,829,834,835,837,838,862,866,887	1	2,3,4,5,6,7,8,9,10,11,12,13,14,15	118	118	602	16|2|0|1|0|0|3|2|1|0|0|0
GA	Calsqu	LTR	ERVK	DR0012985	MCFN01000670.1:0-3575+	MCFN01005838.1:794-2336-	18	35	0	319,323,328,329,331,332,356,360,381,400	687,691,696,697,699,700,722,726,747,766	1	8,9,10,11,12,13,14,15,16,17	80	80	649	18|4|1|1|0|2|4|2|1|0|1|1
GA	Calsqu	LTR	ERVK	DR0012985	MCFN01000670.1:0-3575+	MCFN01026519.1:0-1216-	20	33	0	264,267,271,276,286,319,323,328,329,331,332,356,360,381,382,400	1007,871,874,878,883,893,926,930,935,936,938,939,963,967,988,989	2	3,4,5,6,7,8,9,10,11,12,13,14,15,16,17,18	138	137	611	20|3|0|1|0|1|4|3|1|0|0|0
GA	Calsqu	LTR	ERVK	DR0012985	MCFN01000670.1:0-3575+	MCFN01002101.1:11978-13627-	21	34	0	264,267,271,276,286,319,323,328,329,331,332,356,360,381,382,400	1304,1307,1311,1316,1326,1359,1363,1368,1369,1371,1372,1396,1400,1421,1422,1440	2	4,5,6,7,8,9,10,11,12,13,14,15,16,17,18,19	138	137	611	21|3|0|1|0|1|4|2|1|0|1|0
GA	Calsqu	LTR	ERVK	DR0012985	MCFN01000670.1:0-3575+	MCFN01028358.1:0-1157-	14	25	0	264,267,271,276,286,319,323,328,331,332	21,24,28,33,43,76,80,85,88,89	1	1,2,3,4,5,6,7,8,9,10	69	69	405	14|1|0|0|0|1|6|2|1|0|0|0
GA	Calsqu	LTR	ERVK	DR0012985	MCFN01000670.1:0-3575+	MCFN01002832.1:123-1720-	17	28	0	264,267,271,276,286,319,323,328,329,331,332,356,360,363,381	1363,1366,1370,1375,1385,1418,1422,1427,1428,1430,1431,1455,1459,1462,1480	2	3,4,5,6,7,8,9,10,11,12,13,14,15,16,17	119	118	498	17|3|0|2|0|0|1|2|1|2|0|0
GA	Calsqu	LTR	ERVK	DR0012985	MCFN01000670.1:0-3575+	MCFN01000924.1:23537-25112+	18	27	0	264,267,271,276,286,319,323,328,329,331,332	1333,1336,1340,1345,1355,1388,1392,1397,1398,1400,1401	1	3,4,5,6,7,8,9,10,11,12,13	69	69	504	18|2|0|0|0|1|2|2|1|1|0|0
GA	Calsqu	LTR	ERVK	DR0012985	MCFN01000670.1:0-3575+	MCFN01023765.1:0-1303-	13	40	0	319,323,329,331,332,356,360	100,124,128,87,91,97,99	1	1,2,3,4,5,6,7	42	42	348	13|6|4|1|0|1|5|5|0|0|3|2
GA	Calsqu	LTR	ERVK	DR0012985	MCFN01000670.1:0-3575+	MCFN01004860.1:1172-1966+	21	49	0	286,319,323,328,329,331,332,356,360,367,381,382	106,139,143,148,149,151,152,176,180,187,201,202	1	6,7,8,9,10,11,12,13,14,15,16,17	97	97	462	21|4|1|3|0|2|4|9|0|1|0|4
GA	Calsqu	LTR	ERVK	DR0012985	MCFN01000670.1:0-3575+	MCFN01026474.1:0-639-	19	55	0	319,320,323,328,329,331,332	139,140,143,148,149,151,152	1	6,7,8,9,10,11,12	14	14	462	19|7|2|5|0|1|6|12|0|0|2|1
GA	Calsqu	LTR	ERVK	DR0012985	MCFN01000670.1:0-3575+	MCFN01005582.1:2158-2739-	20	44	0	319,320,323,328,329,331,332	125,126,129,134,135,137,138	1	5,6,7,8,9,10,11	14	14	450	20|5|1|4|1|1|3|6|0|0|1|2
GA	Calsqu	LTR	ERVK	DR0012985	MCFN01000670.1:0-3575+	MCFN01004380.1:6744-7326+	18	48	0	319,323,328,329,331,332,356,360,367,381,400	125,129,134,135,137,138,162,166,173,187,206	1	3,4,5,6,7,8,9,10,11,12,13	82	82	450	18|6|2|5|2|2|1|6|1|1|2|2
GA	Calsqu	LTR	ERVK	DR0012985	MCFN01000670.1:0-3575+	MCFN01001611.1:21129-21666+	18	50	0	319,320,323,328,329,331,332,356,360	135,136,139,144,145,147,148,172,176	1	4,5,6,7,8,9,10,11,12	42	42	459	18|7|4|4|0|2|3|8|0|0|2|2
GA	Calsqu	LTR	ERVK	DR0012985	MCFN01000670.1:0-3575+	MCFN01008046.1:3977-4345+	19	33	0	282,319,320,323,328,329,331,332,356,360,367,381,400	125,126,129,134,135,137,138,162,166,173,187,206,88	2	4,5,6,7,8,9,10,11,12,13,14,15,16	120	119	371	19|2|0|2|1|1|1|4|1|0|0|2
GA	Calsqu	LTR	ERVK	DR0012985	MCFN01000670.1:0-3575+	MCFN01005658.1:0-568-	21	54	0	319,320,323,328,329,331,332	135,136,139,144,145,147,148	1	6,7,8,9,10,11,12	14	14	462	21|7|3|3|1|1|5|7|2|0|2|2
GA	Calsqu	LTR	ERVK	DR0012985	MCFN01000670.1:0-3575+	MCFN01012572.1:500-952-	12	37	0	323,329,331,332,356,360	123,127,90,96,98,99	1	2,3,4,5,6,7	38	38	347	12|6|5|2|0|1|1|4|1|0|3|2
GA	Calsqu	LTR	ERVK	DR0012985	MCFN01000670.1:0-3575+	MCFN01004087.1:22-679-	20	52	0	319,320,323,328,329,331,332,356,360	187,188,191,196,197,199,200,224,228	1	5,6,7,8,9,10,11,12,13	42	42	471	20|5|1|3|2|1|6|6|1|1|3|3
GA	Calsqu	LTR	ERVK	DR0012985	MCFN01000670.1:0-3575+	MCFN01004882.1:5803-6787+	12	39	0	319,323,329,331,332	100,87,91,97,99	1	1,2,3,4,5	14	14	347	12|7|5|3|0|1|2|4|0|0|3|2
GA	Calsqu	LTR	ERVK	DR0012985	MCFN01000670.1:0-3575+	MCFN01004333.1:2235-2947+	13	39	0	319,323,329,331,332,356,360	100,124,128,87,91,97,99	1	1,2,3,4,5,6,7	42	42	347	13|7|2|3|1|1|1|5|0|0|4|2
GA	Calsqu	LTR	ERVK	DR0012985	MCFN01000670.1:0-3575+	MCFN01001515.1:25112-26094+	13	40	0	319,323,329,331,332,356,360	100,124,128,87,91,97,99	1	1,2,3,4,5,6,7	42	42	347	13|6|4|4|0|1|3|3|0|0|4|2
GA	Calsqu	LTR	ERVK	DR0012985	MCFN01000670.1:0-3575+	MCFN01008024.1:290-549+	16	24	0	282,319,320,323,328,329,331,332,356,360,367,381,400	122,123,126,131,132,134,135,159,163,170,184,203,85	2	4,5,6,7,8,9,10,11,12,13,14,15,16	120	119	259	16|1|0|1|1|1|1|2|0|0|1|0
GA	Calsqu	LTR	ERVK	DR0012985	MCFN01000670.1:0-3575+	MCFN01019382.1:516-994+	13	44	0	319,323,329,331,332,356,360	100,124,128,87,91,97,99	1	1,2,3,4,5,6,7	42	42	347	13|6|5|4|0|2|4|3|0|0|3|4
GA	Calsqu	LTR	ERVK	DR0012985	MCFN01000670.1:0-3575+	MCFN01001067.1:49933-50263-	12	23	0	319,323,329,331,332,356,360	100,124,128,87,91,97,99	1	1,2,3,4,5,6,7	42	42	267	12|4|0|1|0|1|1|2|0|0|1|1
GA	Calsqu	LTR	ERVK	DR0012985	MCFN01000670.1:0-3575+	MCFN01003121.1:8190-8732-	14	44	0	319,323,329,331,332,356,360	122,126,85,89,95,97,98	1	1,2,3,4,5,6,7	42	42	344	14|10|3|3|0|1|3|5|0|1|3|1
GA	Calsqu	LTR	ERVK	DR0012985	MCFN01000670.1:0-3575+	MCFN01003013.1:4346-4664-	11	32	0	319,323,328,329,331,332,335	131,135,140,141,143,144,147	1	1,2,3,4,5,6,7	17	17	314	11|6|0|1|0|1|5|6|1|0|0|1
GA	Calsqu	LTR	ERVK	DR0012985	MCFN01000692.1:37447-42079+	MCFN01002056.1:7663-10820-	42	155	0	1278,1356,1359,1363,1368,1378,1420,1421,1423,1424,1427	552,630,633,637,642,652,694,695,697,698,701	2	11,12,13,14,15,16,18,19,20,21,22	109	150	3165	42|22|6|5|4|4|25|24|5|5|4|9
GA	Calsqu	LTR	ERVK	DR0012985	MCFN01000692.1:37447-42079+	MCFN01001699.1:15351-18504-	57	199	0	1278,1318,1356,1357,1359,1363,1368,1378,1411,1415,1420,1421,1423,1424,1448,1452,1473,1482,1483,1485,1492	538,578,616,617,619,623,628,638,671,675,680,681,683,684,708,712,733,742,743,745,752	3	11,12,13,14,15,16,17,18,19,20,21,22,23,24,25,26,27,28,29,30,31	217	215	3163	57|18|2|10|4|7|30|41|3|7|10|10
GA	Calsqu	LTR	ERVK	DR0012985	MCFN01000692.1:37447-42079+	MCFN01001788.1:4820-7537-	48	158	0	1339,1356,1359,1363,1368,1378,1411,1415,1420,1421,1424,1426,1448,1452,1458,1473,1482,1483	728,745,748,752,757,767,800,804,809,810,812,814,835,839,845,860,869,870	3	10,11,12,13,14,15,16,17,18,19,20,21,22,23,24,25,26,27	145	143	2686	48|22|5|10|8|4|19|28|2|2|6|4
GA	Calsqu	LTR	ERVK	DR0012985	MCFN01000692.1:37447-42079+	MCFN01001460.1:10702-14210+	28	77	0	1278,1356,1359,1363,1368,1378,1411,1415,1420,1421,1423,1424,1448,1452,1473,1482,1483,1485,1492	138,216,219,223,228,238,271,275,280,281,283,284,308,312,333,342,343,345,352	3	2,3,4,5,6,7,8,9,10,11,12,13,14,15,16,17,18,19,20	217	215	2193	28|6|3|2|3|4|9|13|2|2|1|4
GA	Calsqu	LTR	ERVK	DR0012985	MCFN01000692.1:37447-42079+	MCFN01011385.1:0-2476-	18	33	0	1356,1359,1363,1368,1378,1411,1415,1420,1421,1423,1424,1448,1452,1473,1482,1483,1485	102,123,13,132,133,135,18,28,6,61,65,70,71,73,74,9,98	2	1,2,3,4,5,6,7,8,9,10,11,12,13,14,15,16,17	131	130	616	18|5|0|1|0|1|5|2|0|1|0|0
GA	Calsqu	LTR	ERVK	DR0012985	MCFN01000692.1:37447-42079+	MCFN01001381.1:22992-25768+	28	74	0	1202,1222,1245,1278,1324,1411,1415,1420,1421,1423	129,175,262,266,271,272,274,53,73,96	2	1,2,3,4,5,10,11,12,13,14	136	222	948	28|8|4|6|2|5|7|8|1|0|0|5
GA	Calsqu	LTR	ERVK	DR0012985	MCFN01000692.1:37447-42079+	MCFN01002101.1:11978-13627-	33	69	0	1356,1359,1363,1368,1378,1411,1415,1420,1421,1423,1424,1448,1452,1473,1474,1482,1483,1485,1492	1304,1307,1311,1316,1326,1359,1363,1368,1369,1371,1372,1396,1400,1421,1422,1430,1431,1433,1440	3	13,14,15,16,17,18,19,20,21,22,23,24,25,26,27,28,29,30,31	139	137	1645	33|8|1|5|1|2|9|5|2|0|3|0
GA	Calsqu	LTR	ERVK	DR0012985	MCFN01000692.1:37447-42079+	MCFN01002832.1:123-1720-	27	61	0	1356,1359,1363,1368,1378,1411,1415,1420,1421,1423,1424,1448,1452,1455,1473,1482,1483,1485	1363,1366,1370,1375,1385,1418,1422,1427,1428,1430,1431,1455,1459,1462,1480,1489,1490,1492	3	10,11,12,13,14,15,16,17,18,19,20,21,22,23,24,25,26,27	132	130	1593	27|10|1|4|1|2|6|4|2|2|1|1
GA	Calsqu	LTR	ERVK	DR0012985	MCFN01000692.1:37447-42079+	MCFN01005838.1:794-2336-	30	87	0	1411,1415,1420,1421,1424,1426,1448,1452,1473,1482,1483,1485,1492	687,691,696,697,699,701,722,726,747,756,757,759,766	2	14,15,16,17,18,19,20,21,22,23,24,25,26	81	80	1539	30|12|3|1|0|5|15|7|2|4|4|4
GA	Calsqu	LTR	ERVK	DR0012985	MCFN01000692.1:37447-42079+	MCFN01000833.1:305174-306591+	36	81	0	1278,1356,1359,1363,1368,1378,1411,1415,1420,1421,1423,1424,1448,1452,1473,1482,1483,1485,1492	539,617,620,624,629,639,672,676,681,682,684,685,709,713,734,743,744,746,753	3	11,12,13,14,15,16,17,18,19,20,21,22,23,24,25,26,27,28,29	217	215	1421	36|9|1|2|2|2|11|8|2|1|4|3
GA	Calsqu	LTR	ERVK	DR0012985	MCFN01000692.1:37447-42079+	MCFN01005446.1:4818-6194+	26	80	0	1411,1415,1420,1421,1424,1448,1452,1473,1482,1483,1485	685,689,694,695,701,725,729,750,759,760,762	2	13,14,15,16,17,18,19,20,21,22,23	79	78	1372	26|10|3|3|1|5|15|9|2|2|1|3
GA	Calsqu	LTR	ERVK	DR0012985	MCFN01000692.1:37447-42079+	MCFN01011927.1:0-2309-	25	55	0	1356,1359,1363,1368,1378,1448,1452,1473,1482,1483,1485	340,343,347,352,362,432,436,457,466,467,469	2	7,8,9,10,11,17,18,19,20,21,22	61	130	950	25|8|1|2|1|2|6|7|1|1|1|0
GA	Calsqu	LTR	ERVK	DR0012985	MCFN01000692.1:37447-42079+	MCFN01010781.1:1016-2755+	26	77	0	1356,1359,1363,1368,1378,1411,1415,1420,1421,1423,1424,1448,1452,1473,1482,1483,1485	1312,1315,1319,1324,1334,1367,1371,1376,1377,1379,1380,1404,1408,1429,1438,1439,1441	2	10,11,12,13,14,15,16,17,18,19,20,21,22,23,24,25,26	131	130	1379	26|5|5|4|0|3|9|13|5|3|2|2
GA	Calsqu	LTR	ERVK	DR0012985	MCFN01000692.1:37447-42079+	MCFN01001774.1:14502-16426-	22	74	0	1356,1359,1363,1368,1378,1411,1415,1420,1421,1423,1424,1448,1452,1473,1482,1483,1485	623,626,630,635,645,678,682,687,688,690,691,715,719,740,749,750,752	3	5,6,7,8,9,10,11,12,13,14,15,16,17,18,19,20,21	132	130	1236	22|9|1|0|0|3|19|12|3|2|3|0
GA	Calsqu	LTR	ERVK	DR0012985	MCFN01000692.1:37447-42079+	MCFN01026519.1:0-1216-	30	57	0	1356,1359,1363,1368,1378,1411,1415,1420,1421,1423,1424,1448,1452,1473,1474,1482,1483,1485,1492	1000,1007,871,874,878,883,893,926,930,935,936,938,939,963,967,988,989,997,998	3	10,11,12,13,14,15,16,17,18,19,20,21,22,23,24,25,26,27,28	139	137	1206	30|5|1|3|0|2|8|4|2|0|1|1
GA	Calsqu	LTR	ERVK	DR0012985	MCFN01000692.1:37447-42079+	MCFN01030081.1:0-1106-	24	48	0	1278,1356,1359,1363,1368,1378,1411,1415,1420,1421,1423,1424,1448,1452,1473,1482,1483,1485	692,770,773,777,782,792,825,829,834,835,837,838,862,866,887,896,897,899	2	6,7,8,9,10,11,12,13,14,15,16,17,18,19,20,21,22,23	209	208	1106	24|3|1|1|0|1|7|6|2|1|2|0
GA	Calsqu	LTR	ERVK	DR0012985	MCFN01000692.1:37447-42079+	MCFN01000924.1:23537-25112+	31	65	0	1278,1356,1359,1363,1368,1378,1411,1415,1420,1421,1423,1424,1448,1452,1473,1482,1483,1485,1492	1255,1333,1336,1340,1345,1355,1388,1392,1397,1398,1400,1401,1425,1429,1450,1459,1460,1462,1469	2	12,13,14,15,16,17,18,19,20,21,22,23,24,25,26,27,28,29,30	216	215	1217	31|5|2|1|1|2|7|7|4|3|2|0
GA	Calsqu	LTR	ERVK	DR0012985	MCFN01000692.1:37447-42079+	MCFN01028358.1:0-1157-	21	65	0	1356,1359,1363,1368,1378,1411,1415,1420,1423,1424,1448,1452,1473,1482,1483,1485,1492	113,117,138,147,148,150,157,21,24,28,33,43,76,80,85,88,89	2	1,2,3,4,5,6,7,8,9,10,11,12,13,14,15,16,17	138	137	1154	21|9|0|2|0|4|13|7|3|3|1|2
GA	Calsqu	LTR	ERVK	DR0012985	MCFN01000692.1:37447-42079+	MCFN01003777.1:1472-2463-	23	57	0	1356,1359,1363,1368,1378,1411,1415,1420,1421,1423,1424,1448,1452,1473,1482,1483,1485	623,626,630,635,645,678,682,687,688,690,691,715,719,740,749,750,752	3	7,8,9,10,11,12,13,14,15,16,17,18,19,20,21,22,23	132	130	994	23|6|1|2|1|1|10|5|2|2|4|0
GA	Calsqu	LTR	ERVK	DR0012985	MCFN01000692.1:37447-42079+	MCFN01000884.1:255318-256925-	21	61	0	1411,1415,1421,1423,1424,1433,1473,1482,1483,1485,1492	100,109,149,158,159,161,168,87,91,97,99	2	1,2,3,4,5,6,9,10,11,12,13	43	82	474	21|13|3|3|1|2|7|6|0|0|3|2
GA	Calsqu	LTR	ERVK	DR0012985	MCFN01000692.1:37447-42079+	MCFN01001248.1:53767-55354+	24	85	0	1411,1415,1421,1423,1424,1473,1482,1483,1485,1492	100,149,158,159,161,168,87,91,97,99	2	1,2,3,4,5,9,10,11,12,13	34	82	710	24|17|3|4|2|10|7|8|0|1|3|6
GA	Calsqu	LTR	ERVK	DR0012985	MCFN01000692.1:37447-42079+	MCFN01001043.1:24041-25649-	21	62	0	1411,1415,1421,1423,1424,1473,1482,1483,1485,1492	100,149,158,159,161,168,87,91,97,99	2	1,2,3,4,5,8,9,10,11,12	34	82	488	21|11|2|2|1|4|6|8|0|1|3|3
GA	Calsqu	LTR	ERVK	DR0012985	MCFN01000692.1:37447-42079+	MCFN01001127.1:82658-84291-	26	88	0	1411,1412,1421,1423,1424	139,140,149,151,152	1	5,6,7,8,9	14	14	818	26|17|1|2|2|3|11|16|2|0|1|7
GA	Calsqu	LTR	ERVK	DR0012985	MCFN01000692.1:37447-42079+	MCFN01006141.1:2822-4461-	22	74	0	1411,1415,1420,1421,1423,1424,1427,1448,1452,1473,1482,1483,1485,1492	131,135,140,141,143,144,147,168,172,193,202,203,205,212	2	1,2,3,4,5,6,7,8,9,10,11,12,13,14	83	82	816	22|13|1|3|1|6|11|11|1|0|1|4
GA	Calsqu	LTR	ERVK	DR0012911	MCFN01004073.1:4473-7738-	MCFN01005906.1:1433-4710+	96	415	0	1036,1037,1040,1064,1068	1036,1037,1040,1064,1068	1	41,42,43,44,45	33	33	2887	96|85|8|3|7|15|68|76|4|8|19|26
GA	Calsqu	LTR	ERVK	DR0012911	MCFN01004073.1:4473-7738-	MCFN01005759.1:840-4117-	96	415	0	1036,1037,1040,1064,1068	1036,1037,1040,1064,1068	1	41,42,43,44,45	33	33	2887	96|85|8|3|7|15|68|76|4|8|19|26
GA	Calsqu	LTR	ERVK	DR0012877	MCFN01000552.1:585724-586409-	MCFN01010975.1:0-2652-	8	28	0	584,616,620,664,669	1216,1248,1252,1296,1301	1	4,5,6,7,8	86	86	685	8|5|0|1|0|0|6|6|0|1|0|1
GA	Calsqu	LTR	ERVK	DR0012911	MCFN01004073.1:4473-7738-	MCFN01007950.1:2647-4376+	62	270	0	1036,1037,1040,1064,1068	1036,1037,1040,1064,1068	1	34,35,36,37,38	33	33	1729	62|47|5|6|6|11|42|52|3|6|10|20
GA	Calsqu	LTR	ERVK	DR0012911	MCFN01004073.1:4473-7738-	MCFN01005517.1:0-1729-	62	272	0	1036,1037,1040,1064,1068	1036,1037,1040,1064,1068	1	34,35,36,37,38	33	33	1729	62|49|5|6|6|11|42|52|3|6|10|20
GA	Calsqu	LTR	ERVK	DR0012985	MCFN01000692.1:37447-42079+	MCFN01023765.1:0-1303-	18	58	0	1411,1415,1421,1423,1424	100,87,91,97,99	1	1,2,3,4,5	14	14	475	18|11|5|1|0|2|8|7|1|0|3|2
GA	Calsqu	LTR	ERVK	DR0012985	MCFN01000692.1:37447-42079+	MCFN01001702.1:1883-2660-	23	85	0	1411,1412,1415,1421,1423,1424	143,144,147,153,155,156	1	5,6,7,8,9,10	14	14	761	23|11|1|5|3|9|6|17|0|3|2|5
GA	Calsqu	LTR	ERVK	DR0012985	MCFN01000692.1:37447-42079+	MCFN01004860.1:1172-1966+	27	72	0	1378,1411,1415,1420,1421,1423,1424,1448,1452,1459,1473,1474	106,139,143,148,149,151,152,176,180,187,201,202	2	6,7,8,9,10,11,12,13,14,15,16,17	98	97	595	27|9|2|4|1|4|8|12|0|2|0|3
GA	Calsqu	LTR	ERVK	DR0012985	MCFN01000692.1:37447-42079+	MCFN01004333.1:2235-2947+	22	80	0	1411,1415,1421,1423,1424	100,87,91,97,99	1	1,2,3,4,5	14	14	645	22|14|3|3|2|9|7|9|0|3|4|4
GA	Calsqu	LTR	ERVK	DR0012985	MCFN01000692.1:37447-42079+	MCFN01005582.1:2158-2739-	25	67	0	1411,1412,1415,1420,1421,1423,1424,1452,1459,1473,1482,1483,1485,1492	125,126,129,134,135,137,138,166,173,187,196,197,199,206	2	5,6,7,8,9,10,11,14,15,16,17,18,19,20	55	82	582	25|10|2|4|3|2|7|9|0|1|1|3
GA	Calsqu	LTR	ERVK	DR0012985	MCFN01000692.1:37447-42079+	MCFN01004380.1:6744-7326+	24	67	0	1411,1415,1420,1421,1423,1424,1448,1452,1459,1473,1482,1483,1485,1492	125,129,134,135,137,138,162,166,173,187,196,197,199,206	2	3,4,5,6,7,8,9,10,11,12,13,14,15,16	83	82	575	24|11|3|5|3|3|3|9|1|1|2|2
GA	Calsqu	LTR	ERVK	DR0012985	MCFN01000692.1:37447-42079+	MCFN01026474.1:0-639-	23	70	0	1411,1412,1415,1420,1421,1423,1424	139,140,143,148,149,151,152	1	6,7,8,9,10,11,12	14	14	547	23|10|3|5|1|2|8|15|0|0|2|1
GA	Calsqu	LTR	ERVK	DR0012985	MCFN01000692.1:37447-42079+	MCFN01001494.1:384-1129-	27	75	0	1411,1412,1415,1420,1421,1423,1424,1427,1473,1482,1483,1485,1492	135,136,139,144,145,147,148,151,197,206,207,209,216	2	5,6,7,8,9,10,11,12,15,16,17,18,19	37	82	581	27|13|1|3|1|7|5|13|0|0|3|2
GA	Calsqu	LTR	ERVK	DR0012985	MCFN01000692.1:37447-42079+	MCFN01005658.1:0-568-	26	68	0	1411,1412,1415,1420,1421,1423,1424,1473,1482,1483,1485,1492	135,136,139,144,145,147,148,197,206,207,209,216	2	6,7,8,9,10,11,12,15,16,17,18,19	34	82	563	26|11|4|3|0|2|6|9|2|0|2|3
GA	Calsqu	LTR	ERVK	DR0012985	MCFN01000692.1:37447-42079+	MCFN01001611.1:21129-21666+	22	64	0	1411,1412,1415,1420,1421,1423,1424,1473,1482,1483,1485,1492	135,136,139,144,145,147,148,197,206,207,209,216	2	4,5,6,7,8,9,10,13,14,15,16,17	34	82	532	22|9|5|4|1|3|5|11|0|0|2|2
GA	Calsqu	LTR	ERVK	DR0012985	MCFN01000692.1:37447-42079+	MCFN01004087.1:22-679-	25	66	0	1411,1412,1415,1420,1421,1423,1424,1473,1482,1483,1485,1492	187,188,191,196,197,199,200,249,258,259,261,268	2	5,6,7,8,9,10,11,14,15,16,17,18	34	82	590	25|9|2|3|2|2|6|9|1|1|3|3
GA	Calsqu	LTR	ERVK	DR0012985	MCFN01000692.1:37447-42079+	MCFN01004882.1:5803-6787+	17	60	0	1411,1415,1421,1423,1424,1473,1482,1483,1485,1492	100,149,158,159,161,168,87,91,97,99	2	1,2,3,4,5,8,9,10,11,12	34	82	474	17|13|6|3|1|2|5|7|0|0|4|2
GA	Calsqu	LTR	ERVK	DR0012985	MCFN01000692.1:37447-42079+	MCFN01001515.1:25112-26094+	17	57	0	1411,1415,1421,1423,1424	100,87,91,97,99	1	1,2,3,4,5	14	14	473	17|10|5|4|2|2|5|6|0|0|4|2
GA	Calsqu	LTR	ERVK	DR0012985	MCFN01000692.1:37447-42079+	MCFN01003121.1:8190-8732-	19	64	0	1411,1415,1421,1423,1424	85,89,95,97,98	1	1,2,3,4,5	14	14	474	19|15|4|3|1|2|6|8|0|2|3|1
GA	Calsqu	LTR	ERVK	DR0012985	MCFN01000692.1:37447-42079+	MCFN01005413.1:14-647+	12	57	0	1473,1482,1483,1485,1492	55,64,65,67,74	1	3,4,5,6,7	20	20	446	12|9|4|2|2|6|7|8|0|1|5|1
GA	Calsqu	LTR	ERVK	DR0012985	MCFN01000692.1:37447-42079+	MCFN01008046.1:3977-4345+	22	36	0	1374,1411,1412,1415,1420,1421,1423,1424,1448,1452,1459,1473,1482,1483,1485,1492	125,126,129,134,135,137,138,162,166,173,187,196,197,199,206,88	2	4,5,6,7,8,9,10,11,12,13,14,15,16,17,18,19	120	119	369	22|2|0|2|1|1|1|4|1|0|0|2
GA	Calsqu	LTR	ERVK	DR0012985	MCFN01000692.1:37447-42079+	MCFN01012572.1:500-952-	15	46	0	1473,1482,1483,1485,1492	148,157,158,160,167	1	8,9,10,11,12	20	20	380	15|8|5|2|0|1|4|5|1|0|3|2
GA	Calsqu	LTR	ERVK	DR0012977	MCFN01000210.1:9847-10789+	MCFN01013003.1:210-1782-	15	70	0	213,216,221,225,243	538,541,546,550,568	1	3,4,5,6,7	31	31	865	15|19|1|2|3|1|11|11|2|3|1|1
GA	Calsqu	LTR	ERVK	DR0012985	MCFN01000692.1:37447-42079+	MCFN01019382.1:516-994+	15	51	0	1411,1415,1421,1423,1424	100,87,91,97,99	1	1,2,3,4,5	14	14	378	15|9|5|4|0|2|5|4|0|0|3|4
GA	Calsqu	LTR	ERVK	DR0012985	MCFN01000692.1:37447-42079+	MCFN01008024.1:290-549+	19	27	0	1374,1411,1412,1415,1420,1421,1423,1424,1448,1452,1459,1473,1482,1483,1485,1492	122,123,126,131,132,134,135,159,163,170,184,193,194,196,203,85	2	4,5,6,7,8,9,10,11,12,13,14,15,16,17,18,19	120	119	259	19|1|0|1|1|1|1|2|0|0|1|0
GA	Calsqu	LTR	ERVK	DR0012985	MCFN01000692.1:37447-42079+	MCFN01001067.1:49933-50263-	15	26	0	1411,1415,1421,1423,1424,1473,1482,1483,1485,1492	100,149,158,159,161,168,87,91,97,99	2	1,2,3,4,5,8,9,10,11,12	34	82	267	15|4|0|1|0|1|1|2|0|0|1|1
GA	Calsqu	LTR	ERVK	DR0012985	MCFN01000692.1:37447-42079+	MCFN01003013.1:4346-4664-	14	33	0	1411,1415,1420,1421,1423,1424,1427,1448,1452,1473,1482,1483,1485,1492	131,135,140,141,143,144,147,168,172,193,202,203,205,212	2	1,2,3,4,5,6,7,8,9,10,11,12,13,14	83	82	310	14|5|0|1|0|1|4|6|1|0|0|1
GA	Calsqu	LTR	ERVK	DR0012911	MCFN01005646.1:596-3861+	MCFN01005906.1:1433-4710+	96	415	0	1036,1037,1040,1064,1068	1036,1037,1040,1064,1068	1	41,42,43,44,45	33	33	2887	96|85|8|3|7|15|68|76|4|8|19|26
GA	Calsqu	LTR	ERVK	DR0012911	MCFN01005646.1:596-3861+	MCFN01005759.1:840-4117-	96	415	0	1036,1037,1040,1064,1068	1036,1037,1040,1064,1068	1	41,42,43,44,45	33	33	2887	96|85|8|3|7|15|68|76|4|8|19|26
GA	Calsqu	LTR	ERVK	DR0012911	MCFN01005646.1:596-3861+	MCFN01007950.1:2647-4376+	62	270	0	1036,1037,1040,1064,1068	1036,1037,1040,1064,1068	1	34,35,36,37,38	33	33	1729	62|47|5|6|6|11|42|52|3|6|10|20
GA	Calsqu	LTR	ERVK	DR0012911	MCFN01005693.1:542-3807+	MCFN01005906.1:1433-4710+	96	415	0	1036,1037,1040,1064,1068	1036,1037,1040,1064,1068	1	41,42,43,44,45	33	33	2887	96|85|8|3|7|15|68|76|4|8|19|26
GA	Calsqu	LTR	ERVK	DR0012911	MCFN01005693.1:542-3807+	MCFN01005759.1:840-4117-	96	415	0	1036,1037,1040,1064,1068	1036,1037,1040,1064,1068	1	41,42,43,44,45	33	33	2887	96|85|8|3|7|15|68|76|4|8|19|26
GA	Calsqu	LTR	ERVK	DR0012911	MCFN01005693.1:542-3807+	MCFN01007950.1:2647-4376+	62	270	0	1036,1037,1040,1064,1068	1036,1037,1040,1064,1068	1	34,35,36,37,38	33	33	1729	62|47|5|6|6|11|42|52|3|6|10|20
GA	Calsqu	LTR	ERVK	DR0012895	MCFN01000884.1:94925-96986-	MCFN01000978.1:98499-100935+	55	328	0	1147,1155,1173,1190,1198	1539,1547,1565,1582,1590	1	27,28,29,30,31	52	52	2059	55|42|15|13|17|17|55|55|9|18|15|17
GA	Calsqu	LTR	ERVK	DR0012977	MCFN01000390.1:732186-733543+	MCFN01009044.1:118-950-	12	67	0	247,266,273,274,296	426,445,452,453,479	1	3,4,5,6,7	54	54	596	12|10|3|4|6|0|4|12|5|4|4|3
GA	Calsqu	LTR	ERVK	DR0012977	MCFN01000390.1:732186-733543+	MCFN01001438.1:3664-4632-	12	57	0	247,266,273,274,296	609,628,635,636,662	1	3,4,5,6,7	54	54	539	12|9|3|2|7|0|2|8|4|5|3|2
GA	Calsqu	LTR	ERVK	DR0012977	MCFN01000390.1:732186-733543+	MCFN01002403.1:1176-1972-	10	35	0	247,266,273,274,296	608,627,634,635,661	1	3,4,5,6,7	54	54	390	10|7|1|1|5|0|0|3|3|2|1|2
GA	Calsqu	LTR	ERVK	DR0012977	MCFN01000390.1:732186-733543+	MCFN01000438.1:755548-756255+	8	28	0	247,266,273,274,296	609,628,635,636,662	1	4,5,6,7,8	54	54	283	8|4|1|1|3|0|0|3|4|1|1|2
GA	Calsqu	LTR	ERVK	DR0012960	MCFN01005199.1:3131-6135-	MCFN01013311.1:0-1754-	32	129	0	555,562,589,627,653	210,217,244,282,308	1	12,13,14,15,16	99	99	1737	32|25|1|3|6|4|23|21|5|3|6|0
GA	Calsqu	LTR	ERVK	DR0012960	MCFN01005199.1:3131-6135-	MCFN01032179.1:0-816-	22	71	0	555,562,584,589,627,653	210,217,239,244,282,308	1	12,13,14,15,16,17	99	99	816	22|10|0|2|6|5|7|12|3|1|3|0
GA	Calsqu	LTR	ERVK	DR0012960	MCFN01005199.1:3131-6135-	MCFN01010059.1:2757-3539+	21	69	0	555,562,584,589,627,653	210,217,239,244,282,308	1	12,13,14,15,16,17	99	99	782	21|9|0|2|6|4|7|12|3|1|4|0
GA	Calsqu	LTR	ERVK	DR0012977	MCFN01000420.1:785665-786020-	MCFN01005478.1:0-831+	7	18	0	146,147,156,164,168	144,145,154,162,166	1	2,3,4,5,6	23	23	353	7|2|2|1|0|0|3|1|0|2|0|0
GA	Calsqu	LTR	ERVK	DR0012911	MCFN01005764.1:0-3265+	MCFN01005906.1:1433-4710+	96	415	0	1036,1037,1040,1064,1068	1036,1037,1040,1064,1068	1	41,42,43,44,45	33	33	2887	96|85|8|3|7|15|68|76|4|8|19|26
GA	Calsqu	LTR	ERVK	DR0012911	MCFN01005764.1:0-3265+	MCFN01007950.1:2647-4376+	62	270	0	1036,1037,1040,1064,1068	1036,1037,1040,1064,1068	1	34,35,36,37,38	33	33	1729	62|47|5|6|6|11|42|52|3|6|10|20
GA	Calsqu	LTR	ERVK	DR0012985	MCFN01000924.1:29234-29610+	MCFN01001862.1:13798-14458+	11	29	0	106,122,138,141,146	390,406,422,425,430	1	1,2,3,4,5	41	41	303	11|3|3|2|2|3|2|2|0|1|0|0
GA	Calsqu	LTR	ERVK	DR0012985	MCFN01001043.1:24041-25649-	MCFN01002760.1:3114-4721+	19	75	0	569,571,572,574,575,615	574,576,577,579,580,620	1	6,7,8,9,10,11	47	47	1607	19|13|1|0|1|5|15|12|0|1|2|6
GA	Calsqu	LTR	ERVK	DR0012985	MCFN01001043.1:24041-25649-	MCFN01004860.1:1172-1966+	16	51	0	572,581,583,584,586,587,589	626,635,637,638,640,641,643	1	8,9,10,11,12,13,14	18	18	672	16|4|0|0|3|4|11|9|0|1|1|2
GA	Calsqu	LTR	ERVK	DR0012977	MCFN01000881.1:208749-209899-	MCFN01008102.1:3038-4192-	8	28	0	677,810,821,857,884	677,810,821,860,887	1	4,5,6,7,8	211	211	1152	8|7|3|1|2|1|0|1|3|1|0|1
GA	Calsqu	LTR	ERVK	DR0012977	MCFN01000881.1:208749-209899-	MCFN01005478.1:0-831+	26	100	0	129,134,146,147,156	127,132,144,145,154	1	4,5,6,7,8	28	28	817	26|35|2|10|12|2|4|3|4|1|1|0
GA	Calsqu	LTR	ERVK	DR0012977	MCFN01001048.1:12051-17534-	MCFN01013003.1:210-1782-	22	113	0	1103,1106,1111,1133,1137	538,541,546,568,572	1	8,9,10,11,12	35	35	1330	22|21|4|1|2|2|24|20|5|6|3|3
GA	Calsqu	LTR	ERVK	DR0012977	MCFN01001048.1:12051-17534-	MCFN01005478.1:0-831+	13	49	0	146,147,164,166,168	144,145,162,164,166	1	2,3,4,5,6	23	23	832	13|5|0|1|1|1|14|7|1|3|2|1
GA	Calsqu	LTR	ERVK	DR0012977	MCFN01001257.1:16696-18602+	MCFN01002142.1:11420-13277+	35	115	0	1224,1233,1253,1254,1263	344,352,372,373,382	1	14,15,16,17,18	39	39	976	35|18|5|4|3|5|9|19|6|5|3|3
GA	Calsqu	LTR	ERVK	DR0012977	MCFN01001307.1:27752-28862-	MCFN01013003.1:210-1782-	20	101	0	666,668,676,682,695	916,918,926,932,945	1	6,7,8,9,10	30	30	760	20|12|1|4|6|4|16|20|5|5|2|6
GA	Calsqu	LTR	ERVK	DR0012977	MCFN01001307.1:27752-28862-	MCFN01002142.1:11420-13277+	23	115	0	666,668,676,682,695	584,586,594,600,613	1	7,8,9,10,11	30	30	781	23|12|2|3|5|6|17|29|4|4|5|5
GA	Calsqu	LTR	ERVK	DR0012985	MCFN01001394.1:4609-6381+	MCFN01003282.1:2254-4045-	44	186	0	1599,1605,1606,1614,1619,1636	1617,1623,1624,1632,1637,1654	1	33,34,35,36,37,38	38	38	1781	44|35|4|5|6|6|41|19|3|6|9|8
GA	Calsqu	LTR	ERVK	DR0012985	MCFN01001394.1:4609-6381+	MCFN01017780.1:1-1628-	42	181	0	1599,1605,1614,1619,1636	1453,1459,1468,1473,1490	1	32,33,34,35,36	38	38	1618	42|32|2|4|5|7|43|20|4|5|10|7
GA	Calsqu	LTR	ERVK	DR0012985	MCFN01001394.1:4609-6381+	MCFN01027540.1:279-1182-	25	99	0	1599,1605,1614,1619,1636	729,735,744,749,766	1	16,17,18,19,20	38	38	900	25|17|2|1|5|3|28|9|1|2|2|4
GA	Calsqu	LTR	ERVK	DR0012985	MCFN01001394.1:4609-6381+	MCFN01005106.1:3388-4215-	11	58	0	104,11,19,35,39	223,231,247,251,316	1	1,2,3,4,5	94	94	599	11|7|1|1|0|3|10|11|1|3|4|6
GA	Calsqu	LTR	ERVK	DR0012985	MCFN01001394.1:4609-6381+	MCFN01004157.1:734-1429-	22	89	0	1599,1605,1614,1619,1636	521,527,536,541,558	1	12,13,14,15,16	38	38	692	22|17|0|1|4|2|27|9|2|1|1|3
GA	Calsqu	LTR	ERVK	DR0012985	MCFN01001394.1:4609-6381+	MCFN01014722.1:1182-1849-	22	80	0	1599,1605,1614,1619,1636	493,499,508,513,530	1	12,13,14,15,16	38	38	665	22|15|0|1|3|2|23|9|0|1|1|3
GA	Calsqu	LTR	ERVK	DR0012985	MCFN01001394.1:4609-6381+	MCFN01014964.1:0-644+	20	76	0	1599,1605,1614,1619,1636	470,476,485,490,507	1	11,12,13,14,15	38	38	641	20|13|0|1|4|2|21|9|1|1|1|3
GA	Calsqu	LTR	ERVK	DR0012985	MCFN01001394.1:4609-6381+	MCFN01006340.1:2135-2779-	20	76	0	1599,1605,1614,1619,1636	470,476,485,490,507	1	11,12,13,14,15	38	38	641	20|13|0|1|4|2|21|9|1|1|1|3
GA	Calsqu	LTR	ERVK	DR0012985	MCFN01001394.1:4609-6381+	MCFN01032582.1:0-644+	20	79	0	1599,1605,1614,1619,1636	470,476,485,490,507	1	11,12,13,14,15	38	38	641	20|14|0|1|4|2|22|9|1|2|1|3
GA	Calsqu	LTR	ERVK	DR0012985	MCFN01001394.1:11541-12261+	MCFN01005106.1:3388-4215-	9	54	0	364,372,388,392,457	223,231,247,251,316	1	3,4,5,6,7	94	94	554	9|8|4|0|2|3|15|5|2|2|1|3
GA	Calsqu	LTR	ERVK	DR0012985	MCFN01001460.1:10702-14210+	MCFN01018732.1:0-1562+	8	46	0	1776,1823,1855,1866,1933	833,880,912,923,991	1	3,4,5,6,7	159	159	1240	8|12|0|1|2|3|8|3|2|1|2|4
GA	Calsqu	LTR	ERVK	DR0012985	MCFN01001460.1:10702-14210+	MCFN01028389.1:0-1156-	6	15	0	1776,1823,1855,1866,1933	227,274,306,317,385	1	1,2,3,4,5	159	159	640	6|3|0|1|0|1|1|1|0|0|2|0
GA	Calsqu	LTR	ERVK	DR0012985	MCFN01001494.1:384-1129-	MCFN01004860.1:1172-1966+	17	60	0	627,628,630,631,633,634,658,667	637,638,640,641,643,644,669,678	1	10,11,12,13,14,15,16,17	42	42	749	17|6|0|1|1|2|16|9|0|2|1|5
GA	Calsqu	LTR	ERVK	DR0012985	MCFN01001494.1:1961-2258-	MCFN01002335.1:5774-6041-	10	36	0	117,125,126,127,136	104,105,106,115,96	1	3,4,5,6,7	20	20	218	10|3|1|3|0|2|6|4|2|2|0|3
GA	Calsqu	LTR	ERVK	DR0012977	MCFN01001700.1:9006-9379-	MCFN01005478.1:0-831+	6	21	0	145,146,155,163,167	144,145,154,162,166	1	1,2,3,4,5	23	23	372	6|4|1|2|1|0|5|0|0|0|2|0
GA	Calsqu	LTR	ERVK	DR0012977	MCFN01001764.1:0-1346-	MCFN01002805.1:0-1707+	16	42	0	144,173,336,50,55	1065,779,784,873,902	1	1,2,3,4,5	287	287	987	16|6|0|3|0|3|1|5|3|0|2|3
GA	Calsqu	LTR	ERVK	DR0012977	MCFN01002309.1:523-3152-	MCFN01006346.1:2943-4368-	26	116	0	2370,2380,2392,2393,2396	1096,1106,1118,1119,1122	1	15,16,17,18,19	27	27	1353	26|23|3|9|4|4|16|19|2|3|2|5
GA	Calsqu	LTR	ERVK	DR0012895	MCFN01004582.1:3818-7121-	MCFN01012674.1:1117-1609+	18	55	0	1355,1364,1367,1370,1373	426,435,438,441,444	1	14,15,16,17,18	19	19	441	18|13|0|2|0|2|8|8|0|2|2|0
GA	Calsqu	LTR	ERVK	DR0012977	MCFN01002403.1:1176-1972-	MCFN01005478.1:0-831+	11	36	0	145,146,155,163,167	144,145,154,162,166	1	2,3,4,5,6	23	23	793	11|7|1|1|1|1|4|8|0|1|1|0
GA	Calsqu	LTR	ERVK	DR0012977	MCFN01002403.1:1176-1972-	MCFN01002800.1:1152-1507+	12	32	0	308,309,310,321,337	309,310,311,323,339	1	8,9,10,11,12	31	31	353	12|6|2|1|0|1|7|2|0|0|0|1
GA	Calsqu	LTR	ERVK	DR0012895	MCFN01010632.1:194-2838-	MCFN01012674.1:1117-1609+	20	58	0	454,463,466,469,472	426,435,438,441,444	1	16,17,18,19,20	19	19	443	20|13|0|2|0|2|7|10|0|2|2|0
GA	Calsqu	LTR	ERVK	DR0012977	MCFN01004020.1:2526-2880-	MCFN01005478.1:0-831+	7	19	0	146,147,156,164,168	144,145,154,162,166	1	2,3,4,5,6	23	23	352	7|3|1|1|0|0|3|2|1|0|1|0
GA	Calsqu	LTR	ERVK	DR0012977	MCFN01004020.1:4406-4760+	MCFN01005478.1:0-831+	7	19	0	146,147,156,164,168	144,145,154,162,166	1	2,3,4,5,6	23	23	352	7|3|1|1|0|0|3|2|1|0|1|0
GA	Calsqu	LTR	ERVK	DR0012977	MCFN01004225.1:1062-1436-	MCFN01005478.1:0-831+	7	24	0	146,147,156,164,168	144,145,154,162,166	1	1,2,3,4,5	23	23	373	7|4|0|3|2|0|4|1|0|0|3|0
GA	Calsqu	LTR	ERVK	DR0012977	MCFN01004225.1:5185-5454+	MCFN01005478.1:0-831+	7	22	0	41,42,51,59,63	144,145,154,162,166	1	1,2,3,4,5	23	23	270	7|3|1|3|2|0|4|0|0|0|2|0
GA	Calsqu	LTR	ERVK	DR0012977	MCFN01004515.1:0-273+	MCFN01005478.1:0-831+	6	20	0	45,46,55,63,67	144,145,154,162,166	1	1,2,3,4,5	23	23	274	6|4|2|2|2|0|2|0|0|0|2|0
GA	Calsqu	LTR	ERVK	DR0012977	MCFN01004673.1:0-3071-	MCFN01019516.1:148-1514+	15	69	0	2116,2144,2149,2152,2197	844,873,878,881,921	1	9,10,11,12,13	78	78	1344	15|6|1|2|0|3|9|13|2|1|3|4
GA	Calsqu	LTR	ERVK	DR0012985	MCFN01003366.1:8364-8946-	MCFN01004860.1:1172-1966+	13	41	0	425,427,428,430,431,433	635,637,638,640,641,643	1	6,7,8,9,10,11	9	9	583	13|4|1|0|1|4|8|8|1|0|0|1
GA	Calsqu	LTR	ERVK	DR0012985	MCFN01017198.1:1-1666+	MCFN01028389.1:0-1156-	5	21	0	214,257,397,401,426	274,317,457,461,486	1	1,2,3,4,5	213	213	1096	5|2|0|0|0|3|6|3|1|0|0|1
GA	Calsqu	LTR	ERVK	DR0012985	MCFN01017198.1:1-1666+	MCFN01018732.1:0-1562+	6	22	0	214,257,397,401,426	1063,1067,1092,880,923	1	1,2,3,4,5	213	213	896	6|2|0|0|0|3|4|5|1|0|0|1
