Query   Subject         %_Query_covered_per_hsp  Query_length  Alignment_length  Q_start  Q_end  S_start   S_end     E_value   Bit_score
exon_3  QUSF01016419.1  30                       556           167               124      289    331       166       5.41e-10  69.8
exon_3  QUSF01010719.1  16                       556           94                412      499    1216      1303      1.19e-05  55.4
exon_3  QUSF01010719.1  16                       556           102               412      501    1270      1370      1.45e-04  52.7
exon_3  QUSF01010719.1  16                       556           92                412      501    1361      1446      1.45e-04  52.7
exon_3  QUSF01010719.1  16                       556           90                412      501    1198      1278      5.07e-04  50.0
exon_3  QUSF01010719.1  14                       556           80                424      501    1346      1417      0.006     46.4
exon_3  QUSF01000001.1  10                       556           59                412      469    46905857  46905800  5.07e-04  50.9
exon_3  QUSF01000089.1  12                       556           66                267      331    571871    571935    5.07e-04  50.0
exon_3  QUSF01000213.1  12                       556           66                476      539    22402     22463     0.002     49.1
exon_3  QUSF01000212.1  12                       556           66                476      539    22409     22470     0.002     49.1
