Location        #_hits  %_query_cov  %_identity  Lowest_evalue
QUSF01016419.1  1       10           23.3533     5.41e-10
QUSF01010719.1  1       5.33333      25.532      1.19e-05
QUSF01005746.1  1       2            30.303      0.006
QUSF01000281.1  1       2.33333      28.4553     0.006
QUSF01000213.1  1       4            27.2727     0.002
QUSF01000212.1  1       4            27.2727     0.002
QUSF01000165.1  1       7.66667      29.4117     0.005
QUSF01000093.1  1       2            31.4287     1.19e-05
QUSF01000089.1  1       4            26.2627     5.07e-04
QUSF01000001.1  1       3.33333      27.1187     5.07e-04
