Location        #_hits  %_query_cov  %_identity  Lowest_evalue
NW_020451817.1  2       24.3333      57.531      0.009
NW_020453908.1  1       2.66667      27.7777     0.007
NW_020453664.1  1       7.33333      30.2083     0.005
NW_020453641.1  1       9.66667      28.0303     0.005
NW_020453560.1  1       2.66667      29.2683     0.002
NW_020453392.1  1       6.33333      24.159      0.002
NW_020453328.1  1       5.33333      24.468      5.52e-04
NW_020452538.1  1       4            26.5627     5.52e-04
NW_020452350.1  1       7            24.518      1.58e-04
NW_020452250.1  1       3.33333      26.5537     0.007
NW_020451639.1  1       9.66667      23.9263     5.52e-04
