GA	Allmis	LTR	Gypsy	Gypsy-13B_AMi-LTR	JH732242:237429-238347-	JH734241:107617-108533-	43	113	0	239,253,258,264,266,721,727,740,750,752	236,250,255,261,263,719,725,738,748,750	2	7,8,9,10,11,32,33,34,35,36	60	515	915	43|12|2|4|4|2|12|12|6|4|5|5
GA	Allmis	LTR	Gypsy	Gypsy-13B_AMi-LTR	JH732441:1108280-1109191+	JH734241:107617-108533-	42	109	0	253,258,264,266,274,714,720,733,743,745	250,255,261,263,271,719,725,738,748,750	2	8,9,10,11,12,33,34,35,36,37	54	501	893	42|11|1|3|2|4|12|11|6|3|6|7
GA	Allmis	LTR	Gypsy	Gypsy-13B_AMi-LTR	JH732542:709767-710685-	JH734241:107617-108533-	32	80	0	253,264,266,274,295,721,727,734,740,752	250,261,263,271,292,719,725,732,738,750	2	7,8,9,10,11,25,26,27,28,29	75	501	915	32|6|0|1|1|0|15|13|1|5|3|3
GA	Allmis	LTR	Gypsy	Gypsy-18_AMi-LTR	JH731828:2242-3189-	JH738146:66202-67503+	24	61	0	250,253,255,260,275,560,574,579,590,598,604,609	251,254,256,261,276,561,575,580,591,599,605,610	2	6,7,8,9,10,17,18,19,20,21,22,23	76	360	660	24|9|0|1|0|0|10|10|2|3|1|1
GA	Allmis	LTR	Gypsy	Gypsy-19_AMi-LTR	JH731178:266740-268019+	JH738145:462201-463459-	26	74	0	246,250,256,261,269,358,370,371,377,379	246,250,256,261,269,382,394,395,401,403	2	8,9,10,11,12,17,18,19,20,21	46	158	525	26|12|5|3|2|4|11|7|1|2|0|1
GA	Allmis	LTR	Gypsy	Gypsy-1_AMi-LTR	JH731000:276188-277172-	JH738457:76500-77500+	29	72	0	692,697,729,730,733,883,884,902,908,910,913	706,711,743,744,747,899,900,918,924,926,929	2	8,9,10,11,12,19,20,21,22,23,24	73	224	470	29|11|1|2|4|3|2|6|3|3|3|4
GA	Allmis	LTR	Gypsy	Gypsy-1B_AMi-LTR	JH730991:65746-66683-	JH738801:1022129-1023062+	49	128	0	238,239,244,248,262,263,273,579,583,592,600,604,607,608,609	238,239,244,248,262,263,273,575,579,588,596,600,603,604,605	2	9,10,11,12,13,14,15,23,24,25,26,27,28,29,30	67	368	935	49|16|1|4|5|3|17|16|1|7|4|5
GA	Allmis	LTR	Gypsy	Gypsy-21_AMi-LTR	JH731194:101587-102356+	JH735110:268485-269367+	25	62	0	229,261,267,272,274,52,63,68,90,94	217,249,255,261,263,52,63,68,90,94	2	1,2,3,4,5,9,10,11,12,13	90	212	746	25|13|0|2|0|3|7|8|2|0|0|1
GA	Allmis	LTR	Gypsy	Gypsy-1B_AMi-LTR	JH731060:66687-67620-	JH738801:1022129-1023062+	50	120	0	261,262,272,277,292,293,576,580,589,597,601,604,605,606	262,263,273,278,292,293,575,579,588,596,600,603,604,605	2	15,16,17,18,19,20,24,25,26,27,28,29,30,31	63	344	931	50|14|4|4|5|1|10|18|1|3|4|5
GA	Allmis	LTR	Gypsy	Gypsy-1B_AMi-LTR	AKHW01001132:21255-22184+	JH738801:1022129-1023062+	50	121	0	237,238,243,247,261,262,272,277,291,292,806,808,813,820,821,847	238,239,244,248,262,263,273,278,292,293,810,812,817,824,825,851	2	11,12,13,14,15,16,17,18,19,20,40,41,42,43,44,45	98	614	931	50|18|1|4|3|2|16|11|1|5|4|6
GA	Allmis	LTR	Gypsy	Gypsy-1B_AMi-LTR	JH731108:191723-192651+	JH738801:1022129-1023062+	48	117	0	233,234,239,243,257,258,268,273,289,585,593,597,600,601,602,768,770,793,794,805,807,819,820	238,239,244,248,262,263,273,278,293,588,596,600,603,604,605,771,773,798,799,810,812,824,825	3	11,12,13,14,15,16,17,18,19,26,27,28,29,30,31,37,38,39,40,41,42,43,44	129	588	930	48|14|4|6|6|2|10|13|4|3|3|4
GA	Allmis	LTR	Gypsy	Gypsy-1B_AMi-LTR	JH731352:2898-3836+	JH738801:1022129-1023062+	50	113	0	238,239,244,248,262,263,580,584,593,601,605,608,609,610,803,804,815,817,822,829,830	238,239,244,248,262,263,575,579,588,596,600,603,604,605,798,799,810,812,817,824,825	3	12,13,14,15,16,17,25,26,27,28,29,30,31,32,38,39,40,41,42,43,44	85	588	935	50|14|0|2|3|1|19|9|2|7|2|4
GA	Allmis	LTR	Gypsy	Gypsy-13B_AMi-LTR	JH734730:0-442-	JH735698:98851-99761-	16	35	0	118,15,270,273,281,307,314,43,85,94,99	118,15,270,273,281,307,314,43,85,94,99	2	1,2,3,4,5,6,9,10,11,12,13	149	300	442	16|3|1|2|0|0|3|6|0|2|1|1
GA	Allmis	LTR	Gypsy	Gypsy-2_AMi-LTR	JH730991:419024-420033-	JH739485:7244-8244-	44	132	0	34,37,39,41,48,655,665,682,686,690	34,37,39,41,48,636,646,663,667,671	2	1,2,3,4,5,32,33,34,35,36	51	638	998	44|13|7|11|4|4|16|18|5|4|1|4
GA	Allmis	LTR	Gypsy	Gypsy-2_Gav-I	JH733756:125081-127398+	JH738977:901242-902338+	28	81	0	1001,1486,1500,1502,1508,1517,959,971,974,983,989	32,44,47,554,56,568,570,576,586,62,74	2	2,3,4,5,6,7,24,25,26,27,28	76	555	593	28|11|0|2|2|6|10|14|0|2|2|3
GA	Allmis	LTR	Gypsy	Gypsy-1B_AMi-LTR	JH731908:8680-9073-	JH738801:1022129-1023062+	22	46	0	259,260,271,273,278,285,286,45,49,57,61,64,65,66	584,588,596,600,603,604,605,798,799,810,812,817,824,825	2	1,2,3,4,5,6,7,12,13,14,15,16,17,18	50	242	377	22|3|1|1|2|2|8|4|0|1|0|2
GA	Allmis	LTR	Gypsy	Gypsy-1B_AMi-LTR	JH731978:211249-212181+	JH738801:1022129-1023062+	56	121	0	235,236,241,245,259,260,58,589,597,601,604,605,606,66,76,77,809,811,816,823,824,90,98	100,238,239,244,248,262,263,588,596,60,600,603,604,605,68,78,79,810,812,817,824,825,92	4	2,3,4,5,6,7,13,14,15,16,17,18,32,33,34,35,36,37,46,47,48,49,50	101	766	932	56|17|4|7|4|1|13|8|2|2|2|5
GA	Allmis	LTR	Gypsy	Gypsy-1B_AMi-LTR	JH732089:61884-62778+	JH738801:1022129-1023062+	35	86	0	237,238,243,247,261,262,594,598,601,602,603	238,239,244,248,262,263,596,600,603,604,605	2	15,16,17,18,19,20,31,32,33,34,35	36	368	667	35|16|1|5|4|2|2|5|3|6|3|4
GA	Allmis	LTR	Gypsy	Gypsy-1B_AMi-LTR	JH732089:61884-62778+	JH738801:1022129-1023062+	16	26	0	760,771,773,778,785,786,812,822,823,829,830	799,810,812,817,824,825,851,861,862,868,869	2	4,5,6,7,8,9,10,11,12,13,14	72	71	207	16|1|1|0|2|0|3|1|0|0|2|0
GA	Allmis	LTR	Gypsy	Gypsy-1B_AMi-LTR	JH732120:618796-619620+	JH738801:1022129-1023062+	47	106	0	597,601,604,605,606,797,798,799,809,811	596,600,603,604,605,798,799,800,810,812	2	31,32,33,34,35,43,44,45,46,47	25	217	823	47|15|0|4|3|1|11|10|2|3|3|7
GA	Allmis	LTR	Gypsy	Gypsy-1B_AMi-LTR	JH732326:1577461-1577895-	JH738801:1022129-1023062+	24	62	0	103,106,107,108,311,313,318,325,326,352,91,99	588,596,600,603,604,605,810,812,817,824,825,851	2	2,3,4,5,6,7,16,17,18,19,20,21	60	264	435	24|5|0|2|2|1|11|7|1|5|1|2
GA	Allmis	LTR	Gypsy	Gypsy-1B_AMi-LTR	JH732326:1578674-1579178-	JH738801:1022129-1023062+	25	58	0	213,238,239,244,248,262,263,273,278,286,292,293	213,238,239,244,248,262,263,273,278,286,292,293	1	10,11,12,13,14,15,16,17,18,19,20,21	81	81	502	25|9|0|3|1|0|6|6|0|4|1|3
GA	Allmis	LTR	Gypsy	Gypsy-1B_AMi-LTR	JH732436:470093-471028+	JH738801:1022129-1023062+	44	96	0	238,239,244,248,262,263,273,599,603,606,607,608	238,239,244,248,262,263,273,596,600,603,604,605	2	11,12,13,14,15,16,17,26,27,28,29,30	46	368	933	44|9|3|2|3|3|10|12|1|6|1|2
GA	Allmis	LTR	Gypsy	Gypsy-1B_AMi-LTR	JH732470:162279-163218-	JH738801:1022129-1023062+	45	85	0	242,243,248,252,266,267,277,282,296,581,585,594,602,606,609,610,611	238,239,244,248,262,263,273,278,292,575,579,588,596,600,603,604,605	2	10,11,12,13,14,15,16,17,18,24,25,26,27,28,29,30,31	86	368	936	45|8|3|2|1|1|11|8|1|3|1|1
GA	Allmis	LTR	Gypsy	Gypsy-6_AMi-LTR	JH733277:729313-729563+	JH734157:320622-320878-	14	30	0	10,194,195,197,203,21,232,29,30,32,34	16,200,201,203,209,238,27,35,36,38,40	2	1,2,3,4,5,6,10,11,12,13,14	64	223	250	14|1|0|0|1|3|1|6|1|1|1|1
GA	Allmis	LTR	Gypsy	Gypsy-1B_AMi-LTR	JH732614:237509-238443-	JH738801:1022129-1023062+	48	116	0	237,238,247,261,262,272,591,599,603,606,607,799,800,811,813,818,825,826	238,239,248,262,263,273,588,596,600,603,604,798,799,810,812,817,824,825	3	11,12,13,14,15,16,27,28,29,30,31,37,38,39,40,41,42,43	81	588	933	48|20|4|7|4|1|16|3|3|4|0|6
GA	Allmis	LTR	Gypsy	Gypsy-1B_AMi-LTR	JH732639:798319-798861-	JH738801:1022129-1023062+	25	54	0	199,207,211,214,215,216,382,384,408,419,421,426,433,434,471,477,478	588,596,600,603,604,605,771,773,799,810,812,817,824,825,861,868,869	3	7,8,9,10,11,12,15,16,17,18,19,20,21,22,23,24,25	118	282	543	25|7|0|1|1|1|5|9|1|1|0|3
GA	Allmis	LTR	Gypsy	Gypsy-1B_AMi-LTR	JH732778:9337-10247-	JH738801:1022129-1023062+	44	109	0	552,556,565,573,577,580,581,582,787,789,794,801,802,809,816	575,579,588,596,600,603,604,605,810,812,817,824,825,832,839	2	19,20,21,22,23,24,25,26,31,32,33,34,35,36,37	61	265	921	44|13|4|2|3|1|8|10|4|4|3|2
GA	Allmis	LTR	Gypsy	Gypsy-1B_AMi-LTR	JH732797:638811-639750-	JH738801:1022129-1023062+	46	106	0	250,264,265,275,280,294,295,816,818,823,830,831	248,262,263,273,278,292,293,810,812,817,824,825	2	14,15,16,17,18,19,20,36,37,38,39,40	62	578	936	46|15|2|1|2|2|16|15|1|4|0|2
GA	Allmis	LTR	Gypsy	Gypsy-30_AMi-LTR	JH731788:398301-399411-	JH739712:148943-150059+	34	83	0	686,687,706,707,709,719,744,745,756,762,784	690,691,710,711,713,723,748,749,760,766,788	1	16,17,18,19,20,21,22,23,24,25,26	99	99	1105	34|10|7|3|3|2|13|5|1|1|1|1
GA	Allmis	LTR	Gypsy	Gypsy-1B_AMi-LTR	JH732860:148695-149628+	JH738801:1022129-1023062+	51	114	0	213,238,239,244,248,257,262,263,273,278,286,292,798,799,810,812,817,824,825,851	213,238,239,244,248,257,262,263,273,278,286,292,798,799,810,812,817,824,825,851	2	9,10,11,12,13,14,15,16,17,18,19,20,41,42,43,44,45,46,47,48	134	639	933	51|13|1|4|3|2|13|8|2|7|4|6
GA	Allmis	LTR	Gypsy	Gypsy-1B_AMi-LTR	JH732867:259967-260900-	JH738801:1022129-1023062+	50	96	0	100,213,238,239,244,248,259,260,262,263,588,596,60,600,603,604,605,78,79,92	100,213,238,239,244,248,259,260,262,263,588,596,60,600,603,604,605,78,79,92	3	2,3,4,5,6,11,12,13,14,15,16,17,18,19,31,32,33,34,35,36	110	546	933	50|9|0|2|2|2|11|10|1|4|1|4
GA	Allmis	LTR	Gypsy	Gypsy-30_AMi-LTR	JH731834:150106-151220-	JH739712:148943-150059+	32	86	0	648,688,689,711,721,741,746,747,758,764,786,911,955,957,966,979	650,690,691,713,723,743,748,749,760,766,788,913,957,959,968,981	3	13,14,15,16,17,18,19,20,21,22,23,25,26,27,28,29	209	332	1115	32|6|4|5|2|3|15|9|2|1|2|2
GA	Allmis	LTR	Gypsy	Gypsy-1B_AMi-LTR	JH732897:345872-346798-	JH738801:1022129-1023062+	47	116	0	272,277,287,290,293,585,593,597,600,601,602	273,278,287,290,293,588,596,600,603,604,605	2	16,17,18,19,20,26,27,28,29,30,31	39	333	929	47|19|2|7|4|2|10|4|2|7|3|9
GA	Allmis	LTR	Gypsy	Gypsy-1B_AMi-LTR	JH732936:1010033-1010967-	JH738801:1022129-1023062+	53	132	0	261,262,272,277,292,590,598,602,605,606,607	262,263,273,278,293,588,596,600,603,604,605	2	17,18,19,20,21,27,28,29,30,31,32	50	344	933	53|23|2|3|5|2|16|9|3|3|6|7
GA	Allmis	LTR	Gypsy	Gypsy-1B_AMi-LTR	JH733123:6656-7471+	JH738801:1022129-1023062+	39	79	0	124,125,130,134,148,149,485,489,492,493,494	238,239,244,248,262,263,596,600,603,604,605	2	6,7,8,9,10,11,22,23,24,25,26	36	368	814	39|7|2|5|2|3|10|5|0|2|2|2
GA	Allmis	LTR	Gypsy	Gypsy-6_AMi-I	AKHW01089029:3240-5044-	JH737783:201154-202523+	58	165	0	1371,1372,1374,1395,1404,1678,1684,1685,1693,1697,1704	1003,1272,1278,1279,1287,1291,1298,970,971,973,994	2	37,38,39,40,41,50,51,52,53,54,55	61	329	1292	58|33|4|12|5|2|16|16|6|3|4|6
GA	Allmis	LTR	Gypsy	Gypsy-1B_AMi-LTR	JH733427:378174-379098-	JH738801:1022129-1023062+	49	120	0	261,262,272,277,293,574,578,587,595,599,602,603,604,68,78,79,92,96	262,263,273,278,293,575,579,588,596,600,603,604,605,68,78,79,92,96	3	1,2,3,4,5,15,16,17,18,19,25,26,27,28,29,30,31,32	92	538	928	49|15|4|5|3|3|15|9|4|3|5|5
GA	Allmis	LTR	Gypsy	Gypsy-1B_AMi-LTR	JH733466:1027552-1028486-	JH738801:1022129-1023062+	49	105	0	238,239,244,248,259,262,263,273,278,577,581,590,598,602,773,775,801,812,814	238,239,244,248,259,262,263,273,278,575,579,588,596,600,771,773,799,810,812	3	12,13,14,15,16,17,18,19,20,27,28,29,30,31,39,40,41,42,43	109	575	930	49|12|1|2|2|1|8|18|4|4|2|2
GA	Allmis	LTR	Gypsy	Gypsy-1B_AMi-LTR	JH733502:200192-200952-	JH738801:1022129-1023062+	43	92	0	101,102,638,640,645,652,653,679,689,690,696,697,705,713,77,78,83,87	238,239,244,248,262,263,810,812,817,824,825,851,861,862,868,869,877,885	3	4,5,6,7,8,9,31,32,33,34,35,36,37,38,39,40,41,42	103	648	766	43|10|4|3|5|3|7|3|2|4|3|5
GA	Allmis	LTR	Gypsy	Gypsy-1B_AMi-LTR	JH733506:108-599+	JH738801:1022129-1023062+	37	82	0	146,150,158,162,165,166,167,358,359,370,372,377,384,385	584,588,596,600,603,604,605,798,799,810,812,817,824,825	2	8,9,10,11,12,13,14,23,24,25,26,27,28,29	50	242	492	37|9|2|5|3|2|6|8|2|3|3|2
GA	Allmis	LTR	Gypsy	Gypsy-1B_AMi-LTR	JH733577:712419-713329+	JH738801:1022129-1023062+	47	112	0	577,581,590,598,602,605,606,607,810,812,817,824,825	575,579,588,596,600,603,604,605,810,812,817,824,825	2	27,28,29,30,31,32,33,34,43,44,45,46,47	47	251	852	47|12|3|1|4|2|10|15|3|5|1|5
GA	Allmis	LTR	Gypsy	Gypsy-1B_AMi-LTR	JH733645:181251-182185+	JH738801:1022129-1023062+	47	95	0	238,239,244,248,262,263,577,581,590,598,602,605,606,607,811,813,818,825,826	238,239,244,248,262,263,575,579,588,596,600,603,604,605,810,812,817,824,825	3	9,10,11,12,13,14,20,21,22,23,24,25,26,27,37,38,39,40,41	73	588	925	47|8|4|2|1|1|15|9|0|4|0|3
GA	Allmis	LTR	Gypsy	Gypsy-30_AMi-LTR	JH733289:98952-100065+	JH739712:148943-150059+	33	80	0	652,692,693,713,715,725,745,750,751,762,768	650,690,691,711,713,723,743,748,749,760,766	2	17,18,19,20,21,22,23,24,25,26,27	118	117	1114	33|10|5|2|1|3|11|8|1|1|3|2
GA	Allmis	LTR	Gypsy	LTR-28_Crp	JH731151:560748-561698-	JH734339:104745-105423-	31	77	0	842,843,850,852,853,865,871,911,912,913,915	568,569,576,578,579,591,597,640,641,642,644	2	20,21,22,23,24,26,27,28,29,30,31	66	77	520	31|5|5|4|4|2|10|5|3|4|3|1
GA	Allmis	LTR	Gypsy	Gypsy-1B_AMi-LTR	JH733759:103935-104866-	JH738801:1022129-1023062+	45	117	0	212,237,238,243,247,591,599,603,606,607,608,776,799,800,811,813	213,238,239,244,248,588,596,600,603,604,605,773,798,799,810,812	3	10,11,12,13,14,24,25,26,27,28,29,33,34,35,36,37	94	600	930	45|13|2|4|4|2|15|7|1|4|0|5
GA	Allmis	LTR	Gypsy	Gypsy-1B_AMi-LTR	JH733777:128749-129683+	JH738801:1022129-1023062+	41	96	0	238,239,247,261,262,272,799,800,813,825,826	238,239,248,262,263,273,798,799,812,824,825	2	11,12,13,14,15,16,32,33,34,35,36	64	588	933	41|11|2|3|2|0|16|11|1|6|0|1
GA	Allmis	LTR	Gypsy	Gypsy-1B_AMi-LTR	JH733810:100258-100730-	JH738801:1022129-1023062+	26	52	0	106,110,119,127,131,134,135,136,338,349,351,356,363,364	575,579,588,596,600,603,604,605,799,810,812,817,824,825	2	6,7,8,9,10,11,12,13,16,17,18,19,20,21	58	251	471	26|4|0|1|1|0|6|4|0|0|0|0
GA	Allmis	LTR	Gypsy	Gypsy-1B_AMi-LTR	AKHW01043104:3803-4646+	JH738801:1022129-1023062+	43	121	0	147,148,153,157,171,172,708,709,720,727,734,735	238,239,244,248,262,263,798,799,810,817,824,825	2	7,8,9,10,11,12,33,34,35,36,37,38	54	588	833	43|23|4|9|9|2|10|8|3|3|1|5
GA	Allmis	LTR	Gypsy	LTR-3850_AMi	JH730996:459465-460761+	JH736040:38801-40074+	41	121	0	1006,1008,1015,1029,1039,1049,1051,1057,1059,1066,989	1004,1014,1024,1026,1032,1034,1041,964,981,983,990	1	25,26,27,28,29,30,31,32,33,34,35	78	78	961	41|23|2|3|1|1|18|26|2|0|1|2
GA	Allmis	LTR	Gypsy	Gypsy-1B_AMi-LTR	JH734013:23511-24441+	JH738801:1022129-1023062+	50	140	0	235,236,241,245,259,260,587,595,599,602,603,604,609	238,239,244,248,262,263,588,596,600,603,604,605,610	2	11,12,13,14,15,16,25,26,27,28,29,30,31	49	373	931	50|18|4|6|7|3|16|20|3|5|3|2
GA	Allmis	LTR	Gypsy	Gypsy-1B_AMi-LTR	JH734068:43048-43983+	JH738801:1022129-1023062+	50	124	0	579,583,592,600,604,607,608,609,812,814,819,826,827	575,579,588,596,600,603,604,605,810,812,817,824,825	2	24,25,26,27,28,29,30,31,41,42,43,44,45	47	251	934	50|16|3|4|6|2|14|14|2|3|2|6
GA	Allmis	LTR	Gypsy	Gypsy-1B_AMi-LTR	JH734108:1067410-1067751-	JH738801:1022129-1023062+	18	38	0	10,13,14,15,208,209,222,227,234,235,6	596,600,603,604,605,798,799,812,817,824,825	2	1,2,3,4,5,9,10,11,12,13,14	38	230	342	18|2|1|1|1|1|7|2|0|3|0|2
GA	Allmis	LTR	Gypsy	Gypsy-1B_AMi-LTR	JH734168:39978-40894-	JH738801:1022129-1023062+	51	125	0	262,272,277,285,291,768,770,784,793,794,795	263,273,278,286,292,771,773,787,798,799,800	2	17,18,19,20,21,38,39,40,41,42,43	60	538	924	51|23|6|4|6|5|10|6|2|4|3|5
GA	Allmis	LTR	Gypsy	Gypsy-1B_AMi-LTR	JH734176:269830-270762+	JH738801:1022129-1023062+	45	110	0	223,248,249,254,258,273,278,289,292,576,580,597,604,605,606	213,238,239,244,248,273,278,289,292,575,579,596,603,604,605	2	9,10,11,12,13,14,15,16,17,23,24,25,26,27,28	111	393	932	45|15|5|1|3|1|17|10|2|2|4|5
GA	Allmis	LTR	Gypsy	LTR-28_Crp	JH732206:101023-102458+	JH734339:104745-105423-	27	77	0	1195,1202,1203,1210,1226,1327,1336,1337,1349,1355	437,444,445,452,468,569,578,579,591,597	2	13,14,15,16,17,20,21,22,23,24	61	161	535	27|7|4|3|2|2|12|7|0|3|2|7
GA	Allmis	LTR	Gypsy	Gypsy-30_AMi-LTR	JH734117:427107-428235+	JH739712:148943-150059+	35	80	0	703,704,724,726,736,756,761,762,773,779,801	690,691,711,713,723,743,748,749,760,766,788	2	17,18,19,20,21,22,23,24,25,26,27	100	99	1122	35|11|5|4|0|2|14|5|2|0|2|0
GA	Allmis	LTR	Gypsy	LTR-28_Crp	JH732425:66391-67849-	JH734339:104745-105423-	29	67	0	1239,1246,1247,1248,1249,1368,1371,1380,1381,1387,1393,1399	437,444,445,446,447,566,569,578,579,585,591,597	2	15,16,17,18,19,23,24,25,26,27,28,29	43	161	489	29|7|4|6|1|1|7|3|0|5|1|3
GA	Allmis	LTR	Gypsy	Gypsy-1B_AMi-LTR	AKHW01046628:558-1471-	JH738801:1022129-1023062+	43	116	0	556,560,569,577,581,60,68,78,79,92	575,579,588,596,60,600,68,78,79,92	2	2,3,4,5,6,20,21,22,23,24	59	541	923	43|13|6|3|3|1|21|14|1|4|1|5
GA	Allmis	LTR	Gypsy	Gypsy-1B_AMi-LTR	JH734279:310473-311395+	JH738801:1022129-1023062+	41	101	0	233,234,239,257,258,572,576,585,593,597,600,601,602,796,807,809,814,821,822	238,239,244,262,263,575,579,588,596,600,603,604,605,799,810,812,817,824,825	3	9,10,11,12,13,19,20,21,22,23,24,25,26,31,32,33,34,35,36	84	588	920	41|7|5|3|2|3|16|12|3|4|1|3
GA	Allmis	LTR	Gypsy	Gypsy-1B_AMi-LTR	JH734286:70910-71844-	JH738801:1022129-1023062+	55	130	0	237,238,243,247,261,262,272,277,287,290,293,331,591,599,603,606,607,608,613	238,239,244,248,262,263,273,278,287,290,293,330,588,596,600,603,604,605,610	3	13,14,15,16,17,18,19,20,21,22,23,24,29,30,31,32,33,34,35	117	373	933	55|17|2|5|8|1|12|17|1|5|3|2
GA	Allmis	LTR	Gypsy	LTR-24_Crp	JH731812:21720-22415+	JH738122:3129-4588-	35	86	0	115,120,121,133,136,512,528,535,567,578,581,583	117,122,123,135,137,506,522,529,561,572,575,577	2	11,12,13,14,15,27,28,29,30,31,32,33	93	461	692	35|14|7|7|4|1|6|9|0|1|0|2
GA	Allmis	LTR	Gypsy	Gypsy-41_AMi-LTR	JH732173:834134-834658-	JH733515:191790-192956+	26	56	0	126,133,139,140,155,174,194,225,226,227	488,495,501,502,517,536,555,587,588,589	2	4,5,6,7,8,9,10,11,12,13	103	102	521	26|10|2|1|0|2|3|6|2|2|0|2
GA	Allmis	LTR	Gypsy	Gypsy-1B_AMi-LTR	JH734487:463004-463937+	JH738801:1022129-1023062+	49	130	0	238,239,244,248,262,263,278,291,294,588,596,600,603,604,605,798,799,817,824,825	238,239,244,248,262,263,278,290,293,588,596,600,603,604,605,798,799,817,824,825	3	12,13,14,15,16,17,18,19,20,26,27,28,29,30,31,38,39,40,41,42	102	588	933	49|21|2|4|6|2|20|10|2|3|6|5
GA	Allmis	LTR	Gypsy	Gypsy-1B_AMi-LTR	JH734507:54045-54980+	JH738801:1022129-1023062+	47	101	0	260,261,271,276,287,290,798,799,810,812,817,824,825	262,263,273,278,289,292,798,799,810,812,817,824,825	2	16,17,18,19,20,21,35,36,37,38,39,40,41	59	564	934	47|11|3|2|2|1|17|7|4|4|1|2
GA	Allmis	LTR	Gypsy	Gypsy-1B_AMi-LTR	JH734573:22374-23288-	JH738801:1022129-1023062+	36	87	0	237,238,243,247,261,262,573,577,586,594,598,601,602,603,795,796,807,809,814,821	238,239,244,248,262,263,575,579,588,596,600,603,604,605,798,799,810,812,817,824	3	8,9,10,11,12,13,17,18,19,20,21,22,23,24,28,29,30,31,32,33	84	587	913	36|8|4|1|3|2|16|9|0|4|3|1
GA	Allmis	LTR	Gypsy	Gypsy-1B_AMi-LTR	JH734774:11350-12285-	JH738801:1022129-1023062+	45	113	0	197,211,236,237,242,246,260,261,271,276,284,290,291,571,575,580,584,592,596,600,601	199,213,238,239,244,248,262,263,273,278,286,292,293,575,579,584,588,596,600,604,605	2	10,11,12,13,14,15,16,17,18,19,20,21,22,25,26,27,28,29,30,31,32	126	407	912	45|13|2|1|8|4|15|14|3|3|0|2
GA	Allmis	LTR	Gypsy	LTR-28_Crp	JH734158:110127-111550-	JH734339:104745-105423-	31	73	0	1182,1189,1190,1209,1211,1213,935,936,957,963,975,990,991	176,177,198,204,216,231,232,437,444,445,464,466,468	2	1,2,3,4,5,6,7,13,14,15,16,17,18	89	293	542	31|6|5|6|2|3|4|4|3|4|1|4
GA	Allmis	LTR	Gypsy	Gypsy-41_AMi-LTR	JH732371:10120-11342-	JH733515:191790-192956+	40	101	0	548,550,555,559,560,877,879,898,905,912,913,918,919,972	148,150,155,159,160,460,462,481,488,495,496,501,502,555	2	6,7,8,9,10,20,21,22,23,24,25,26,27,28	109	408	805	40|6|2|2|3|2|13|16|1|7|4|5
GA	Allmis	LTR	Gypsy	Gypsy-1B_AMi-LTR	AKHW01055956:3283-4196+	JH738801:1022129-1023062+	58	138	0	222,223,228,232,247,568,572,580,584,587,588,589,780,781,792,794,799,806,807	238,239,244,248,263,584,588,596,600,603,604,605,798,799,810,812,817,824,825	3	12,13,14,15,16,29,30,31,32,33,34,35,44,45,46,47,48,49,50	76	588	891	58|19|4|11|6|2|14|8|2|6|4|4
GA	Allmis	LTR	Gypsy	LTR-23_Crp	JH732044:7780-9007+	JH735322:783468-784923-	25	72	0	1001,1012,1037,1047,1055,874,876,882,883,890,893	809,811,817,818,825,828,936,947,973,983,991	2	9,10,11,12,13,14,18,19,20,21,22	76	183	594	25|8|2|1|1|3|13|9|2|3|5|0
GA	Allmis	LTR	Gypsy	Gypsy-1B_AMi-LTR	JH735017:136956-137612-	JH738801:1022129-1023062+	31	76	0	237,238,243,247,261,262,272,277,292,293,578,582,591,599,603	238,239,244,248,262,263,273,278,292,293,575,579,588,596,600	2	11,12,13,14,15,16,17,18,19,20,24,25,26,27,28	82	363	651	31|13|2|1|1|6|4|5|0|5|1|7
GA	Allmis	LTR	Gypsy	Gypsy-1B_AMi-LTR	JH735031:10812-11745-	JH738801:1022129-1023062+	50	119	0	211,236,237,238,242,246,271,276,284,291,292,577,581,598,602,605,606,607	213,238,239,240,244,248,273,278,286,292,293,575,579,596,600,603,604,605	3	10,11,12,13,14,15,18,19,20,21,22,25,26,27,28,29,30,31	88	393	933	50|13|4|5|4|1|10|13|3|7|6|3
GA	Allmis	LTR	Gypsy	Gypsy-1B_AMi-LTR	JH735105:1201499-1202436-	JH738801:1022129-1023062+	52	117	0	213,238,239,244,248,262,263,273,278,286,292,602,606,609,610,611,777,779,802,803,814,816	213,238,239,244,248,262,263,273,278,286,292,596,600,603,604,605,771,773,798,799,810,812	3	11,12,13,14,15,16,17,18,19,20,21,29,30,31,32,33,39,40,41,42,43,44	132	600	935	52|14|0|3|4|4|12|11|2|6|3|5
GA	Allmis	LTR	Gypsy	Gypsy-1B_AMi-LTR	JH735152:264544-265477-	JH738801:1022129-1023062+	49	104	0	596,600,603,604,605,810,812,817,824,825	596,600,603,604,605,810,812,817,824,825	2	27,28,29,30,31,39,40,41,42,43	26	230	927	49|7|1|3|2|1|13|16|2|3|4|3
GA	Allmis	LTR	Gypsy	Gypsy-1B_AMi-LTR	JH735256:6440-7205-	JH738801:1022129-1023062+	39	73	0	101,102,112,407,411,420,428,432,435,436,437,52,642,644,649,656,657,77,78,83,87	213,238,239,244,248,262,263,273,575,579,588,596,600,603,604,605,810,812,817,824,825	3	3,4,5,6,7,8,9,10,15,16,17,18,19,20,21,22,30,31,32,33,34	108	613	768	39|8|0|1|2|0|11|8|1|1|1|1
GA	Allmis	LTR	Gypsy	Gypsy-30_AMi-LTR	JH736749:327129-328236+	JH739712:148943-150059+	35	80	0	268,274,303,304,311,737,742,743,754,760,782,790,804	274,280,309,310,317,743,748,749,760,766,788,796,810	2	2,3,4,5,6,22,23,24,25,26,27,28,29	112	537	1109	35|8|7|5|4|3|10|4|2|1|0|1
GA	Allmis	LTR	Gypsy	Gypsy-30_AMi-LTR	JH736825:151940-152939-	JH739712:148943-150059+	27	75	0	293,304,308,324,363,686,687,707,709,738,743,744,755,761	295,306,310,326,365,690,691,711,713,743,748,749,760,766	2	3,4,5,6,7,15,16,17,18,19,20,21,22,23	148	472	1000	27|7|4|5|2|3|14|8|5|0|0|0
GA	Allmis	LTR	Gypsy	Gypsy-1B_AMi-LTR	JH735597:290731-291622+	JH738801:1022129-1023062+	50	117	0	100,212,228,232,246,247,252,257,262,276,561,565,574,582,586,589,590,591,60,79,92,96	100,213,244,248,262,263,268,273,278,293,575,579,588,596,60,600,603,604,605,79,92,96	3	2,3,4,5,6,12,13,14,15,16,17,18,19,20,25,26,27,28,29,30,31,32	153	546	896	50|14|5|4|3|2|10|11|5|4|5|4
GA	Allmis	LTR	Gypsy	Gypsy-30_AMi-LTR	JH737201:242182-243271+	JH739712:148943-150059+	35	95	0	629,669,670,689,690,692,702,722,727,728,739,745,767	650,690,691,710,711,713,723,743,748,749,760,766,788	2	16,17,18,19,20,21,22,23,24,25,26,27,28	140	139	1102	35|14|5|5|3|4|14|7|5|2|0|1
GA	Allmis	LTR	Gypsy	Gypsy-30_AMi-LTR	JH737482:481757-482597-	JH739712:148943-150059+	30	71	0	417,418,437,438,440,452,475,476,487,493	690,691,710,711,713,725,748,749,760,766	1	12,13,14,15,16,17,18,19,20,21	77	77	842	30|8|4|4|1|3|4|11|1|4|0|1
GA	Allmis	LTR	Gypsy	Gypsy-1B_AMi-LTR	JH735886:152216-152822-	JH738801:1022129-1023062+	38	76	0	227,228,233,237,241,251,252,262,267,279,316,581,584,585,586,591	238,239,244,248,252,262,263,273,278,293,330,600,603,604,605,610	2	16,17,18,19,20,21,22,23,24,25,26,34,35,36,37,38	104	373	615	38|13|1|4|4|1|6|2|1|4|0|2
GA	Allmis	LTR	Gypsy	Gypsy-1B_AMi-LTR	JH736046:23312-24207-	JH738801:1022129-1023062+	39	85	0	157,182,183,188,192,206,207,558,562,565,566,567,772,774,779,786,787	213,238,239,244,248,262,263,596,600,603,604,605,810,812,817,824,825	3	3,4,5,6,7,8,9,20,21,22,23,24,31,32,33,34,35	77	613	759	39|8|4|3|1|2|11|8|0|3|3|3
GA	Allmis	LTR	Gypsy	LTR-71_Gav	JH732031:163945-164570-	JH736732:94260-95327-	31	93	0	108,22,26,423,442,444,445,447,51,68	110,22,26,421,440,442,443,445,52,69	2	1,2,3,4,5,20,21,22,23,24	114	424	607	31|11|4|1|1|2|14|19|1|1|3|5
GA	Allmis	LTR	Gypsy	LTR-20_Gav	JH732391:63910-64852+	JH736653:52227-54351-	30	85	0	513,520,547,556,560,573,587,591,592,600	1381,1388,1432,1441,1445,1458,1472,1476,1477,1485	2	11,12,13,14,15,16,17,18,19,20	106	105	953	30|19|1|8|0|5|8|10|1|2|0|1
GA	Allmis	LTR	Gypsy	Gypsy-41_AMi-LTR	JH733013:184369-185543+	JH733515:191790-192956+	31	72	0	714,721,727,728,743,877,879,889,899,901	488,495,501,502,517,650,652,666,681,683	2	7,8,9,10,11,20,21,22,23,24	64	196	605	31|6|1|3|1|3|8|6|2|5|1|5
GA	Allmis	LTR	Gypsy	Gypsy-1B_AMi-LTR	JH736140:526892-527821-	JH738801:1022129-1023062+	50	136	0	237,238,243,247,261,262,265,272,277,285,291,586,594,598,601,602,603,794,795,806,808,820,821,847	238,239,244,248,262,263,266,273,278,286,292,588,596,600,603,604,605,798,799,810,812,824,825,851	3	11,12,13,14,15,16,17,18,19,20,21,26,27,28,29,30,31,39,40,41,42,43,44,45	127	614	930	50|13|3|3|4|1|13|14|2|5|4|9
GA	Allmis	LTR	Gypsy	Gypsy-1B_AMi-LTR	JH736158:252987-253915-	JH738801:1022129-1023062+	45	125	0	233,234,239,243,258,269,570,571,574,583,598,599,600	238,239,244,248,263,273,575,576,579,588,603,604,605	2	8,9,10,11,12,13,20,21,22,23,24,25,26	67	368	914	45|15|4|3|6|2|18|9|5|7|3|8
GA	Allmis	LTR	Gypsy	Gypsy-1B_AMi-LTR	JH736171:57807-58736-	JH738801:1022129-1023062+	52	121	0	237,238,243,247,261,262,272,277,291,595,599,602,603,604	238,239,244,248,262,263,273,278,292,596,600,603,604,605	2	13,14,15,16,17,18,19,20,21,30,31,32,33,34	65	368	929	52|15|3|3|2|2|14|10|4|5|5|5
GA	Allmis	LTR	Gypsy	Gypsy-1B_AMi-LTR	JH736171:63783-64599-	JH738801:1022129-1023062+	42	93	0	121,146,147,152,156,170,171,181,186,504,508,511,512,513,704,705,716,718,723,730,731	213,238,239,244,248,262,263,273,278,596,600,603,604,605,798,799,810,812,817,824,825	3	6,7,8,9,10,11,12,13,14,24,25,26,27,28,36,37,38,39,40,41,42	104	613	740	42|9|3|2|2|2|9|8|3|2|5|6
GA	Allmis	LTR	Gypsy	LTR-8835_AMi	JH731279:34992-35948-	JH731558:915252-915954+	27	73	0	811,820,827,830,833,872,873,903,910,916	553,562,569,572,575,616,617,647,654,660	2	17,18,19,20,21,22,23,24,25,26	109	108	696	27|15|4|7|3|4|6|4|1|0|0|2
GA	Allmis	LTR	Gypsy	Gypsy-30_AMi-LTR	JH738869:950925-951652-	JH739712:148943-150059+	32	67	0	356,361,362,373,379,47,50,56,62,78	434,437,443,449,465,743,748,749,760,766	2	3,4,5,6,7,18,19,20,21,22	56	333	726	32|8|3|2|2|1|10|6|0|2|0|1
GA	Allmis	LTR	Gypsy	Gypsy-1B_AMi-LTR	JH736337:243313-244237-	JH738801:1022129-1023062+	48	117	0	229,230,235,239,253,254,264,269,284,567,571,580,588,592,595,596,597,764,766,775,789,790,801,803,808,815,816	238,239,244,248,262,263,273,278,292,575,579,588,596,600,603,604,605,771,773,782,798,799,810,812,817,824,825	4	10,11,12,13,14,15,16,17,18,22,23,24,25,26,27,28,29,34,35,36,37,38,39,40,41,42,43	142	588	923	48|15|4|3|2|1|16|9|1|6|5|7
GA	Allmis	LTR	Gypsy	Gypsy-1B_AMi-LTR	JH736387:9520-9939-	JH738801:1022129-1023062+	29	56	0	296,298,303,310,311,337,61,65,74,82,86,89,90,91	575,579,588,596,600,603,604,605,810,812,817,824,825,851	2	2,3,4,5,6,7,8,9,19,20,21,22,23,24	73	277	419	29|5|1|1|4|1|5|3|2|2|1|2
GA	Allmis	LTR	Gypsy	Gypsy-1B_AMi-LTR	JH736475:75-679+	JH738801:1022129-1023062+	40	94	0	259,267,271,274,275,276,281,481,483,488,490,495,496	588,596,600,603,604,605,610,810,812,817,819,824,825	2	11,12,13,14,15,16,17,27,28,29,30,31,32	39	238	598	40|14|1|6|5|2|15|3|2|1|2|2
GA	Allmis	LTR	Gypsy	LTR1_Ami	JH731215:235813-236770+	JH731962:277683-278591-	17	39	0	116,132,144,161,165,195,197,203,215,218	117,133,145,162,166,196,198,204,216,219	2	3,4,5,6,7,8,9,10,11,12	104	103	574	17|9|0|1|0|0|8|1|0|1|1|1
GA	Allmis	LTR	Gypsy	Gypsy-30_AMi-LTR	JH739135:428741-429826-	JH739712:148943-150059+	32	91	0	673,674,693,694,696,706,726,732,743,749,763	690,691,710,711,713,723,743,749,760,766,780	2	14,15,16,17,18,19,20,21,22,23,24	92	91	1091	32|14|4|0|4|5|14|7|2|1|3|0
GA	Allmis	LTR	Gypsy	Gypsy-1B_AMi-LTR	JH736538:290674-291606+	JH738801:1022129-1023062+	55	121	0	243,244,249,253,267,268,577,581,590,598,602,605,606,607,810,812,817,824,825	238,239,244,248,262,263,575,579,588,596,600,603,604,605,810,812,817,824,825	3	14,15,16,17,18,19,27,28,29,30,31,32,33,34,44,45,46,47,48	73	588	932	55|18|1|8|6|1|8|8|4|3|3|6
GA	Allmis	LTR	Gypsy	Gypsy-1B_AMi-LTR	JH736538:669167-670093+	JH738801:1022129-1023062+	50	112	0	236,237,242,246,260,261,568,572,580,581,589,593,596,597,598,803,805,810,817,818,845	238,239,244,248,262,263,575,579,587,588,596,600,603,604,605,810,812,817,824,825,851	3	11,12,13,14,15,16,23,24,25,26,27,28,29,30,31,40,41,42,43,44,45	99	614	929	50|15|3|7|6|3|10|6|3|2|2|4
GA	Allmis	LTR	Gypsy	Gypsy-30_AMi-LTR	JH739632:581472-582570-	JH739712:148943-150059+	36	90	0	1000,739,744,745,756,762,784,936,952,954,963	1005,743,748,749,760,766,788,941,957,959,968	2	22,23,24,25,26,27,29,30,31,32,33	111	263	1107	36|14|4|5|6|2|9|5|5|0|1|3
GA	Allmis	LTR	Gypsy	Gypsy-1B_AMi-LTR	JH736560:55854-56790+	JH738801:1022129-1023062+	48	105	0	237,238,243,247,261,262,272,277,578,582,591,599,603,606,607,608,813,815,820,827,828	238,239,244,248,262,263,273,278,575,579,588,596,600,603,604,605,810,812,817,824,825	3	9,10,11,12,13,14,15,16,21,22,23,24,25,26,27,28,38,39,40,41,42	88	588	934	48|13|2|5|4|2|10|7|2|4|3|5
GA	Allmis	LTR	Gypsy	LTR-23_Crp	JH733106:277916-279335-	JH735322:783468-784923-	23	69	0	861,863,869,870,877,880,971,984,988,998,999	809,811,817,818,825,828,919,932,936,946,947	2	10,11,12,13,14,15,17,18,19,20,21	49	139	573	23|11|3|1|1|3|13|8|0|2|2|2
GA	Allmis	LTR	Gypsy	Gypsy-1B_AMi-LTR	JH736621:52948-53890+	JH738801:1022129-1023062+	47	100	0	237,238,243,247,261,262,584,588,597,605,609,612,613,614,769,780,782,807,808,819	238,239,244,248,262,263,575,579,588,596,600,603,604,605,760,771,773,798,799,810	3	11,12,13,14,15,16,23,24,25,26,27,28,29,30,33,34,35,36,37,38	108	573	937	47|10|3|2|4|0|8|9|1|4|0|2
GA	Allmis	LTR	Gypsy	Gypsy-1B_AMi-LTR	JH736621:87040-87479+	JH738801:1022129-1023062+	22	41	0	237,238,243,247,261,262,60,62,78,79,92	238,239,244,248,262,263,60,62,78,79,92	2	1,2,3,4,5,12,13,14,15,16,17	59	204	439	22|7|0|0|2|0|2|1|1|2|2|2
GA	Allmis	LTR	Gypsy	Gypsy-1B_AMi-LTR	JH736624:2380-3311+	JH738801:1022129-1023062+	46	120	0	212,237,238,243,247,261,262,268,271,276,590,598,602,605,606,607	213,238,239,244,248,262,263,270,273,278,588,596,600,603,604,605	3	10,11,12,13,14,15,16,17,18,19,25,26,27,28,29,30	85	393	932	46|14|2|1|3|3|19|10|2|5|3|5
GA	Allmis	LTR	Gypsy	Gypsy-1B_AMi-LTR	JH736674:292757-293721+	JH738060:278286-279251-	25	71	0	145,150,154,163,170,227,232,249,276,282,288	149,155,159,168,175,232,237,254,281,286,290	2	4,5,6,7,8,9,10,11,12,13,14	143	142	961	25|14|0|2|2|0|12|7|4|2|1|2
GA	Allmis	LTR	Gypsy	Gypsy-1B_AMi-LTR	JH736675:247697-248627+	JH738801:1022129-1023062+	46	92	0	213,238,239,244,248,262,263,268,272,277,291,292,295,583,591,595,598,599,600,793,794,805,807,819,820	213,238,239,244,248,262,263,268,273,278,292,293,296,588,596,600,603,604,605,798,799,810,812,824,825	3	10,11,12,13,14,15,16,17,18,19,20,21,22,28,29,30,31,32,33,36,37,38,39,40,41	130	613	931	46|9|2|2|2|3|15|6|0|3|0|4
GA	Allmis	LTR	Gypsy	LTR1_Ami	JH733165:459145-460119-	JH733419:573005-573931-	27	75	0	575,583,585,602,613,616,624,630,638,646	526,534,536,553,564,567,576,582,590,598	2	4,5,6,7,8,9,10,11,12,13	74	73	437	27|11|0|3|2|1|14|9|1|2|3|1
GA	Allmis	LTR	Gypsy	LTR1_Ami	JH733218:158168-159175-	JH733419:573005-573931-	21	43	0	570,578,580,597,608,611,619,625,633,641	526,534,536,553,564,567,576,582,590,598	2	4,5,6,7,8,9,10,11,12,13	74	73	279	21|3|0|1|1|1|8|6|1|0|1|0
GA	Allmis	LTR	Gypsy	Gypsy-1B_AMi-LTR	AKHW01080142:3434-4158-	JH738801:1022129-1023062+	41	95	0	439,443,446,447,448,52,77,78,83,87	213,238,239,244,248,596,600,603,604,605	2	3,4,5,6,7,23,24,25,26,27	46	393	696	41|15|2|3|3|1|8|11|1|1|2|4
GA	Allmis	LTR	Gypsy	Gypsy-1B_AMi-LTR	JH736832:21212-22134+	JH738801:1022129-1023062+	43	85	0	239,253,254,264,269,318,565,569,578,586,590,850,851,858,866,874	248,262,263,273,278,330,575,579,588,596,600,861,862,869,877,885	3	12,13,14,15,16,17,21,22,23,24,25,38,39,40,41,42	134	638	914	43|9|5|0|1|1|11|7|0|3|2|3
GA	Allmis	LTR	Gypsy	Gypsy-1B_AMi-LTR	JH737010:4507-5447-	JH738801:1022129-1023062+	44	109	0	239,245,249,263,264,596,604,608,611,612,613	238,244,248,262,263,588,596,600,603,604,605	2	12,13,14,15,16,25,26,27,28,29,30	44	368	936	44|15|2|1|3|4|15|16|1|3|2|3
GA	Allmis	LTR	Gypsy	Gypsy-1B_AMi-LTR	JH737213:30467-31409+	JH738801:1022129-1023062+	48	120	0	249,253,267,268,271,278,283,299,60,605,609,612,613,614,68,78,79,92	244,248,262,263,266,273,278,293,596,60,600,603,604,605,68,78,79,92	3	1,2,3,4,5,15,16,17,18,19,20,21,22,29,30,31,32,33	93	546	922	48|17|3|7|8|3|14|8|2|5|1|4
GA	Allmis	LTR	Gypsy	Gypsy-1B_AMi-LTR	JH737217:4258-5187+	JH738801:1022129-1023062+	49	120	0	572,576,585,593,597,600,601,602,789,790,801,803,808,815,816	575,579,588,596,600,603,604,605,798,799,810,812,817,824,825	2	22,23,24,25,26,27,28,29,37,38,39,40,41,42,43	59	251	931	49|11|2|8|9|2|11|8|1|5|5|6
GA	Allmis	LTR	Gypsy	Gypsy-1B_AMi-LTR	JH737279:102454-103389+	JH738801:1022129-1023062+	47	118	0	235,238,239,244,248,262,263,577,581,590,598,602,605,606,607	235,238,239,244,248,262,263,575,579,588,596,600,603,604,605	2	12,13,14,15,16,17,18,26,27,28,29,30,31,32,33	60	371	934	47|13|4|4|2|3|15|12|5|6|3|3
GA	Allmis	LTR	Gypsy	Gypsy-1B_AMi-LTR	JH737379:251481-252413+	JH738801:1022129-1023062+	56	124	0	238,239,244,248,262,263,274,279,293,294,578,582,591,599,603,606,607,608,809,811,816,823,824	238,239,244,248,262,263,273,278,292,293,575,579,588,596,600,603,604,605,810,812,817,824,825	3	13,14,15,16,17,18,19,20,21,22,29,30,31,32,33,34,35,36,46,47,48,49,50	103	588	932	56|15|1|4|3|3|14|10|1|4|5|8
GA	Allmis	LTR	Gypsy	Gypsy-1B_AMi-LTR	JH737379:255991-256458+	JH738801:1022129-1023062+	29	69	0	113,117,126,134,138,141,142,143,344,346,351,358,359	575,579,588,596,600,603,604,605,810,812,817,824,825	2	2,3,4,5,6,7,8,9,19,20,21,22,23	47	251	469	29|10|0|1|1|3|10|6|1|2|3|3
GA	Allmis	LTR	Gypsy	Gypsy-1B_AMi-LTR	JH737397:43444-44374-	JH738801:1022129-1023062+	46	92	0	210,235,236,241,245,58,76,77,797,798,807,809,814,821,822,90,98	100,213,238,239,244,248,60,78,79,798,799,810,812,817,824,825,92	3	2,3,4,5,6,11,12,13,14,15,35,36,37,38,39,40,41	105	766	931	46|9|3|3|1|1|10|12|1|4|0|2
GA	Allmis	LTR	Gypsy	Gypsy-1B_AMi-LTR	JH737417:2671-3607+	JH738801:1022129-1023062+	43	124	0	243,247,261,262,272,277,291,292,331,578,582,591,606,607,608	244,248,262,263,273,278,292,293,330,575,579,588,603,604,605	2	14,15,16,17,18,19,20,21,22,26,27,28,29,30,31	118	362	932	43|15|0|4|2|2|19|22|3|5|6|3
GA	Allmis	LTR	Gypsy	Gypsy-1B_AMi-LTR	JH737419:77462-78386-	JH738801:1022129-1023062+	45	99	0	262,263,273,278,292,571,575,584,592,596,599,600,601	262,263,273,278,292,575,579,588,596,600,603,604,605	2	14,15,16,17,18,21,22,23,24,25,26,27,28	62	344	927	45|11|2|3|0|4|16|9|1|3|3|2
GA	Allmis	LTR	Gypsy	Gypsy-1B_AMi-LTR	JH737541:7453-8363+	JH738801:1022129-1023062+	50	121	0	100,201,213,238,239,244,248,554,558,567,575,579,582,583,584,60,78,79,92	100,201,213,238,239,244,248,575,579,588,596,60,600,603,604,605,78,79,92	3	5,6,7,8,9,14,15,16,17,18,19,28,29,30,31,32,33,34,35	120	546	921	50|13|2|7|7|1|12|12|1|4|2|9
GA	Allmis	LTR	Gypsy	Gypsy-1B_AMi-LTR	JH737651:1320021-1320956+	JH738801:1022129-1023062+	43	100	0	213,220,238,239,244,248,262,263,273,278,292,296,598,602,605,606,607	213,220,238,239,244,248,262,263,273,278,292,296,596,600,603,604,605	2	9,10,11,12,13,14,15,16,17,18,19,20,25,26,27,28,29	94	393	934	43|14|3|2|1|2|11|12|0|2|1|4
GA	Allmis	LTR	Gypsy	LTR1_Ami	JH737249:531460-532367-	JH737379:233369-234324+	28	80	0	469,470,472,478,482,504,513,515,517,536	516,517,519,525,529,551,560,562,564,583	2	1,2,3,4,5,8,9,10,11,12	47	68	450	28|12|2|2|3|2|15|10|2|0|3|1
GA	Allmis	LTR	Gypsy	LTR-24_Crp	JH737232:333055-333650-	JH738122:3129-4588-	27	68	0	103,104,423,445,461,475,477,499,504,82,84,92,96	103,104,411,433,449,463,465,487,492,82,84,92,96	2	1,2,3,4,5,6,17,18,19,20,21,22,23	105	411	571	27|12|2|4|1|4|7|7|1|0|1|2
GA	Allmis	LTR	Gypsy	LTR-24_Crp	JH737757:127575-128057-	JH738122:3129-4588-	23	60	0	103,104,422,444,460,474,476,82,84,92,96	103,104,411,433,449,463,465,82,84,92,96	2	2,3,4,5,6,7,19,20,21,22,23	78	384	476	23|11|3|2|1|2|6|7|0|2|0|3
GA	Allmis	LTR	Gypsy	Gypsy-1B_AMi-LTR	JH738305:20712-21645+	JH738801:1022129-1023062+	46	95	0	248,262,263,273,278,596,600,603,604,605	248,262,263,273,278,596,600,603,604,605	2	15,16,17,18,19,25,26,27,28,29	41	358	933	46|11|3|1|1|0|10|13|4|3|1|2
GA	Allmis	LTR	Gypsy	Gypsy-1B_AMi-LTR	JH738631:70676-71606+	JH738801:1022129-1023062+	49	121	0	238,239,244,248,263,273,278,292,293,318,576,580,595,599,602,603,604	238,239,244,248,263,273,278,292,293,314,575,579,596,600,603,604,605	3	12,13,14,15,16,17,18,19,20,21,24,25,26,27,28,29,30	109	368	931	49|14|5|5|2|1|14|13|4|7|3|4
GA	Allmis	LTR	Gypsy	Gypsy-1B_AMi-LTR	JH738728:5214-6154+	JH738801:1022129-1023062+	50	113	0	209,210,235,236,241,245,259,260,576,580,589,597,601,604,605,606	212,213,238,239,244,248,262,263,575,579,588,596,600,603,604,605	2	11,12,13,14,15,16,17,18,27,28,29,30,31,32,33,34	83	394	935	50|15|1|5|2|4|9|8|3|7|4|4
GA	Allmis	LTR	Gypsy	Gypsy-1B_AMi-LTR	JH738742:22678-23605+	JH738801:1022129-1023062+	53	134	0	125,134,181,188,191,237,238,243,247,261,262,589,594,596,601,602,603	125,134,182,189,192,238,239,244,248,262,263,588,593,597,603,604,605	3	8,9,10,11,12,14,15,16,17,18,19,32,33,34,35,36,37	112	481	929	53|20|0|7|5|2|15|15|4|4|3|6
GA	Allmis	LTR	Gypsy	Gypsy-1B_AMi-LTR	JH738800:521195-522126-	JH738801:1022129-1023062+	47	107	0	243,247,261,262,272,578,582,591,599,608,859,860,866,867,883,921	244,248,262,263,273,575,579,588,596,605,861,862,868,869,885,923	3	13,14,15,16,17,23,24,25,26,27,42,43,44,45,46,47	124	680	932	47|16|4|3|5|2|13|8|1|2|2|4
GA	Allmis	LTR	Gypsy	LTR3_Ami	JH737110:1851523-1852844+	JH739049:109435-110749-	29	86	0	1150,1159,1166,1182,1189,945,946,950,956,959	1144,1153,1160,1176,1183,941,942,946,954,957	2	12,13,14,15,16,24,25,26,27,28	57	243	574	29|7|6|4|6|3|9|11|1|5|2|3
GA	Allmis	LTR	Gypsy	LTR-20_Crp	JH735300:378826-379770+	JH737271:12630-13582-	33	99	0	448,459,460,470,498,503,504,756,757,772,778,784,797	459,470,471,481,509,514,515,768,769,784,790,796,809	2	11,12,13,14,15,16,17,22,23,24,25,26,27	99	351	915	33|14|2|7|5|1|20|9|4|1|0|2
GA	Allmis	LTR	Gypsy	Gypsy-1_AMi-LTR	JH734901:765444-766443-	JH737929:53384-54383+	43	117	0	339,351,352,360,361,368,770,778,782,797,815	344,356,357,365,366,373,775,783,787,802,820	2	12,13,14,15,16,17,32,33,34,35,36	76	477	999	43|23|1|7|7|1|11|6|9|3|1|4
GA	Allmis	LTR	Gypsy	LTR-20_Crp	JH737010:453965-454411-	JH738618:44702-45655+	18	44	0	168,176,195,207,211,283,287,296,300,307	165,173,192,204,208,280,284,293,297,304	2	5,6,7,8,9,14,15,16,17,18	69	140	338	18|6|3|2|1|1|3|6|2|0|1|1
