GA	Petmar	LTR	Gypsy	Gypsy-19_PM-I	PIZI01000004v1:2442133-2443966+	PIZI01000021v1:13993986-14000000-	11	15	0	1028,708,714,795,918,950,951,974,977,992	169,175,257,383,415,416,439,442,457,493	1	2,3,4,5,6,7,8,9,10,11	325	325	519	11|2|0|0|0|0|1|0|1|0|0|0
GA	Petmar	LTR	Gypsy	Gypsy-37_PM-LTR	PIZI01000001v1:13492183-13492849+	PIZI01000023v1:7119670-7121069-	18	35	0	476,493,499,519,521,602,605,615,619,635,644	184,201,207,227,229,315,318,328,332,343,352	2	4,5,6,7,8,13,14,15,16,17,18	84	169	271	18|4|1|1|1|0|3|3|1|2|1|0
GA	Petmar	LTR	Gypsy	Gypsy-35_PM-LTR	PIZI01000002v1:27256769-27257646+	PIZI01000025v1:6758578-6759468-	21	38	0	344,381,389,392,402,405,415,418,428,431	342,379,386,389,399,402,412,415,425,428	1	3,4,5,6,7,8,9,10,11,12	87	87	496	21|0|1|4|1|4|4|2|0|0|0|1
GA	Petmar	LTR	Gypsy	Gypsy-35_PM-LTR	PIZI01000002v1:27256769-27257646+	PIZI01000040v1:8962727-8963818-	18	37	0	413,418,428,441,444,454,457,470,480,483	403,407,417,428,431,440,443,455,465,468	1	9,10,11,12,13,14,15,16,17,18	66	66	491	18|5|0|1|1|3|5|3|0|0|1|0
GA	Petmar	LTR	Gypsy	Gypsy-35_PM-LTR	PIZI01000002v1:27256769-27257646+	PIZI01000023v1:12674308-12675227-	16	22	0	405,415,418,428,431,441,444,454,458,470	362,372,375,386,389,399,402,412,415,427	1	3,4,5,6,7,8,9,10,11,12	66	66	358	16|0|0|0|0|0|1|0|0|3|1|1
GA	Petmar	LTR	Gypsy	Gypsy-35_PM-LTR	PIZI01000002v1:27256769-27257646+	PIZI01000004v1:11241282-11242201-	20	57	0	389,392,418,428,431,438,441,444,457,470	461,464,475,485,488,495,498,501,514,527	1	1,2,3,4,5,6,7,8,9,10	67	67	518	20|1|2|3|6|5|2|1|0|7|5|5
GA	Petmar	LTR	Gypsy	Gypsy-35_PM-LTR	PIZI01000002v1:27256769-27257646+	PIZI01000020v1:2464183-2465147-	16	32	0	400,415,418,425,428,431,441,444,454,457,458,470,480,495	559,576,579,584,587,590,600,603,613,616,617,629,637,652	1	1,2,3,4,5,6,7,8,9,10,11,12,13,14	94	94	271	16|2|1|3|0|1|0|0|2|4|2|1
GA	Petmar	LTR	Gypsy	Gypsy-41_PM-LTR	PIZI01000029v1:3928596-3929224+	PIZI01000082v1:69816-70419+	16	42	0	446,459,504,516,521,55,63,69,71,94	439,449,45,479,491,496,53,59,61,83	2	1,2,3,4,5,11,12,13,14,15	97	452	571	16|7|2|2|2|0|1|4|3|2|2|1
GA	Petmar	LTR	Gypsy	Gypsy-27_PM-LTR	PIZI01000002v1:24568079-24568642-	PIZI01000171v1:102946-103618+	22	66	0	143,160,162,172,173,207,214,215,222,224	143,160,162,172,173,207,214,215,222,224	2	4,5,6,7,8,9,10,11,12,13	83	82	575	22|15|3|4|3|3|4|4|3|3|2|0
GA	Petmar	LTR	Gypsy	Gypsy-47_PM-LTR	PIZI01000005v1:3899194-3899655+	PIZI01000081v1:247914-248169+	16	34	0	103,111,125,128,130,168,174,175,182,183,82,83	136,142,143,150,151,53,54,71,79,93,96,98	2	2,3,4,5,6,7,8,9,10,11,12,13	100	99	250	16|2|2|2|3|1|4|3|0|1|0|0
GA	Petmar	LTR	Gypsy	Gypsy-45_PM-LTR	PIZI01000007v1:10410512-10411219-	PIZI01000368v1:46696-47797+	12	14	0	363,379,413,423,433,437,477,478,486,489,493	434,455,489,499,511,515,554,555,563,566,570	2	2,3,4,5,6,7,8,9,10,11,12	138	137	182	12|0|1|0|0|0|0|1|0|0|0|0
GA	Petmar	LTR	Gypsy	Gypsy-45_PM-LTR	PIZI01000007v1:10532919-10533977-	PIZI01000368v1:46696-47797+	19	34	0	680,683,688,691,695,757,783,784,792,795	610,613,618,621,625,683,712,713,722,725	2	9,10,11,12,13,14,15,16,17,18	117	116	380	19|3|0|2|1|0|3|4|1|1|0|0
GA	Petmar	LTR	Gypsy	Gypsy-45_PM-LTR	PIZI01000007v1:10532919-10533977-	PIZI01000368v1:46696-47797+	15	22	0	680,683,688,691,695,783,784,792,795,799,845,865,867	444,447,452,455,459,554,555,563,566,570,621,646,648	2	1,2,3,4,5,8,9,10,11,12,13,14,15	111	205	258	15|2|0|0|0|0|2|1|0|1|0|1
GA	Petmar	LTR	Gypsy	Gypsy-45_PM-LTR	PIZI01000007v1:12052950-12055364-	PIZI01000010v1:14703566-14705264-	26	69	0	1521,1540,1551,1588,1630,1650,832,841,842,881,892	1280,1299,1310,1352,1407,1427,492,501,502,548,564	2	2,3,4,5,6,20,21,22,23,24,25	221	936	1108	26|11|0|2|3|1|13|11|0|0|2|0
GA	Petmar	LTR	Gypsy	Gypsy-23_PM-I	PIZI01000027v1:41229-42057-	PIZI01007400v1:6782-7600+	17	40	0	206,214,215,231,232,257,258,261,267,268	206,214,215,231,232,257,258,261,267,268	1	1,2,3,4,5,6,7,8,9,10	63	63	822	17|1|0|2|0|4|5|4|2|0|2|3
GA	Petmar	LTR	Gypsy	Gypsy-23_PM-I	PIZI01000027v1:41229-42057-	PIZI01000599v1:31871-32686+	17	39	0	206,214,215,231,232,257,258,261,267,268	206,214,215,231,232,257,258,261,267,268	1	1,2,3,4,5,6,7,8,9,10	63	63	820	17|1|0|2|0|3|5|4|2|0|2|3
GA	Petmar	LTR	Gypsy	Gypsy-23_PM-I	PIZI01000027v1:41229-42057-	PIZI01003255v1:5302-6111-	17	39	0	206,214,215,231,232,257,258,261,267,268	206,214,215,231,232,257,258,261,267,268	1	1,2,3,4,5,6,7,8,9,10	63	63	817	17|2|0|2|0|3|5|4|2|0|1|3
GA	Petmar	LTR	Gypsy	Gypsy-23_PM-I	PIZI01000027v1:41229-42057-	PIZI01001984v1:16221-17030-	17	39	0	206,214,215,231,232,257,258,261,267,268	206,214,215,231,232,257,258,261,267,268	1	1,2,3,4,5,6,7,8,9,10	63	63	817	17|2|0|2|0|3|5|4|2|0|1|3
GA	Petmar	LTR	Gypsy	Gypsy-23_PM-I	PIZI01000027v1:41229-42057-	PIZI01000571v1:28279-29088-	17	39	0	206,214,215,231,232,257,258,261,267,268	206,214,215,231,232,257,258,261,267,268	1	1,2,3,4,5,6,7,8,9,10	63	63	817	17|2|0|2|0|3|5|4|2|0|1|3
GA	Petmar	LTR	Gypsy	Gypsy-23_PM-I	PIZI01000027v1:41229-42057-	PIZI01005803v1:5779-6588+	17	40	0	206,214,215,231,232,257,258,261,267,268	206,214,215,231,232,257,258,261,267,268	1	1,2,3,4,5,6,7,8,9,10	63	63	817	17|2|1|2|0|3|5|4|2|0|1|3
GA	Petmar	LTR	Gypsy	Gypsy-23_PM-I	PIZI01000027v1:41229-42057-	PIZI01000805v1:34123-34934-	17	39	0	206,214,215,231,232,257,258,261,267,268	206,214,215,231,232,257,258,261,267,268	1	1,2,3,4,5,6,7,8,9,10	63	63	818	17|2|0|2|0|3|5|4|2|0|1|3
GA	Petmar	LTR	Gypsy	Gypsy-23_PM-I	PIZI01000027v1:41229-42057-	PIZI01005843v1:0-810-	17	39	0	206,214,215,231,232,257,258,261,267,268	206,214,215,231,232,257,258,261,267,268	1	1,2,3,4,5,6,7,8,9,10	63	63	817	17|2|0|2|0|3|5|4|2|0|1|3
GA	Petmar	LTR	Gypsy	Gypsy-23_PM-I	PIZI01000027v1:41229-42057-	PIZI01000181v1:199443-200320+	25	56	0	206,220,229,231,232,250,257,258,261,267,268	206,220,229,231,232,250,257,258,261,267,268	1	5,6,7,8,9,10,11,12,13,14,15	63	63	849	25|4|1|4|2|3|3|5|2|2|1|4
GA	Petmar	LTR	Gypsy	Gypsy-23_PM-I	PIZI01000027v1:41229-42057-	PIZI01005299v1:7835-8698+	21	46	0	206,231,232,257,258,261,267,268,380,389,419,423,462	201,226,227,252,253,256,262,263,375,384,414,418,456	2	2,3,4,5,6,7,8,9,15,16,17,18,19	145	256	844	21|4|2|2|0|2|4|5|2|1|1|2
GA	Petmar	LTR	Gypsy	Gypsy-23_PM-I	PIZI01000027v1:41229-42057-	PIZI01000117v1:61299-62173+	28	72	0	206,220,229,231,232,257,258,261,267,268,274,283,284,285	206,220,229,231,232,257,258,261,267,268,274,282,283,284	2	6,7,8,9,10,11,12,13,14,15,16,17,18,19	80	79	848	28|9|2|3|3|3|7|8|4|0|3|2
GA	Petmar	LTR	Gypsy	Gypsy-23_PM-I	PIZI01000027v1:41229-42057-	PIZI01000028v1:3193225-3194042+	26	64	0	206,220,229,231,232,257,258,261,267,268,274	207,221,229,231,232,257,258,261,267,268,274	1	4,5,6,7,8,9,10,11,12,13,14	68	68	821	26|6|2|4|1|4|7|5|3|0|4|2
GA	Petmar	LTR	Gypsy	Gypsy-23_PM-I	PIZI01000027v1:41229-42057-	PIZI01000249v1:144299-145115-	28	70	0	206,217,220,229,231,232,257,258,261,267,268	207,218,221,230,232,233,258,259,262,268,269	2	4,5,6,7,8,9,10,11,12,13,14	64	63	820	28|5|2|4|3|3|7|6|5|0|5|2
GA	Petmar	LTR	Gypsy	Gypsy-23_PM-I	PIZI01000027v1:41229-42057-	PIZI01000041v1:6088910-6094850-	23	57	0	206,220,229,231,232,257,258,261,267,268	206,220,229,231,232,257,258,261,267,268	1	4,5,6,7,8,9,10,11,12,13	63	63	696	23|4|0|4|1|2|7|6|3|1|2|4
GA	Petmar	LTR	Gypsy	Gypsy-23_PM-I	PIZI01000027v1:41229-42057-	PIZI01000066v1:4426085-4426759-	21	47	0	206,220,229,231,232,257,258,261,267,268,274	105,37,51,60,62,63,88,89,92,98,99	1	1,2,3,4,5,6,7,8,9,10,11	69	69	665	21|4|0|4|0|3|7|3|1|1|1|2
GA	Petmar	LTR	Gypsy	Gypsy-23_PM-I	PIZI01000027v1:41229-42057-	PIZI01010320v1:2599-4304+	22	66	0	206,220,229,231,232,257,258,261,267,268,274	198,212,220,222,223,248,249,252,259,260,266	1	1,2,3,4,5,6,7,8,9,10,11	69	69	810	22|6|2|4|4|3|8|4|5|2|1|5
GA	Petmar	LTR	Gypsy	Gypsy-23_PM-I	PIZI01000027v1:41229-42057-	PIZI01005401v1:9694-10472-	29	72	0	206,220,229,231,232,257,258,261,267,268,274	206,220,229,231,232,257,258,261,267,268,274	1	4,5,6,7,8,9,10,11,12,13,14	69	69	801	29|4|2|2|1|3|9|6|3|1|7|5
GA	Petmar	LTR	Gypsy	Gypsy-23_PM-I	PIZI01000027v1:41229-42057-	PIZI01009872v1:1532-2336-	27	76	0	206,220,229,231,232,257,258,261,267,268,274	212,226,235,237,238,263,264,267,277,278,284	1	4,5,6,7,8,9,10,11,12,13,14	73	73	815	27|8|4|4|1|7|7|6|4|1|5|2
GA	Petmar	LTR	Gypsy	Gypsy-23_PM-I	PIZI01000027v1:41229-42057-	PIZI01007791v1:1606-2354-	17	39	0	206,231,232,257,258,261,267,268,290,307,374,380,419	209,234,235,260,261,264,270,271,293,310,354,360,398	2	1,2,3,4,5,6,7,8,12,13,14,15,16	169	190	618	17|0|0|1|3|3|5|4|2|0|2|2
GA	Petmar	LTR	Gypsy	Gypsy-23_PM-I	PIZI01000027v1:41229-42057-	PIZI01008424v1:4778-5684+	22	63	0	206,220,229,231,232,257,258,261,267,268,272,274	197,211,220,222,223,248,249,252,258,259,263,265	1	3,4,5,6,7,8,9,10,11,12,13,14	69	69	684	22|4|1|3|2|4|9|6|4|2|2|4
GA	Petmar	LTR	Gypsy	Gypsy-23_PM-I	PIZI01000027v1:41229-42057-	PIZI01010103v1:559-1464+	22	64	0	206,220,229,231,232,257,258,261,267,268,272,274	197,211,220,222,223,248,249,252,258,259,263,265	2	3,4,5,6,7,8,9,10,11,12,13,14	70	69	684	22|6|0|3|2|4|9|6|4|2|2|4
GA	Petmar	LTR	Gypsy	Gypsy-23_PM-I	PIZI01000027v1:41229-42057-	PIZI01007860v1:3582-7416+	28	68	0	206,220,229,231,232,257,258,261,267,268,274	205,219,228,230,231,253,254,257,263,264,270	1	5,6,7,8,9,10,11,12,13,14,15	66	66	677	28|6|1|4|2|3|6|4|2|2|4|6
GA	Petmar	LTR	Gypsy	Gypsy-23_PM-I	PIZI01000027v1:41229-42057-	PIZI01000871v1:0-1800-	28	68	0	206,220,229,231,232,257,258,261,267,268,274	205,219,228,230,231,253,254,257,263,264,270	1	5,6,7,8,9,10,11,12,13,14,15	66	66	676	28|6|1|4|2|3|6|4|2|2|4|6
GA	Petmar	LTR	Gypsy	Gypsy-23_PM-I	PIZI01000027v1:41229-42057-	PIZI01000090v1:573148-574108-	20	58	0	220,229,231,232,234,257,258,261,267,268,274,283,284,285,290,307	207,216,218,219,221,244,245,248,254,255,261,270,271,272,277,294	2	3,4,5,6,7,8,9,10,11,12,13,14,15,16,17,18	89	88	656	20|6|0|6|1|3|6|7|1|0|3|5
GA	Petmar	LTR	Gypsy	Gypsy-23_PM-I	PIZI01000027v1:41229-42057-	PIZI01000041v1:10089403-10090228+	22	55	0	206,220,229,231,232,257,258,261,267,268,274	200,213,222,224,225,250,251,254,260,261,267	2	3,4,5,6,7,8,9,10,11,12,13	69	68	589	22|2|1|5|3|2|5|6|2|1|3|3
GA	Petmar	LTR	Gypsy	Gypsy-23_PM-I	PIZI01000027v1:41229-42057-	PIZI01000049v1:476929-483129-	28	75	0	206,215,220,229,231,232,257,258,261,267,268,274	206,215,220,229,231,232,257,258,261,267,268,274	1	4,5,6,7,8,9,10,11,12,13,14,15	69	69	668	28|7|3|4|3|5|6|4|3|1|8|3
GA	Petmar	LTR	Gypsy	Gypsy-23_PM-I	PIZI01000027v1:41229-42057-	PIZI01000096v1:162116-162540-	21	40	0	206,220,229,231,232,257,258,261,267,268,274	206,220,229,231,232,257,258,261,267,268,274	1	5,6,7,8,9,10,11,12,13,14,15	69	69	417	21|3|0|1|1|2|4|2|2|2|1|1
GA	Petmar	LTR	Gypsy	Gypsy-23_PM-I	PIZI01000027v1:41229-42057-	PIZI01005845v1:6949-10591+	25	72	0	206,220,229,231,232,257,258,261,267,268,274	205,219,228,230,231,256,257,260,266,267,273	1	4,5,6,7,8,9,10,11,12,13,14	69	69	659	25|7|2|5|0|5|11|7|3|0|4|3
GA	Petmar	LTR	Gypsy	Gypsy-23_PM-I	PIZI01000027v1:41229-42057-	PIZI01004758v1:11844-12714+	25	74	0	206,220,229,231,232,257,258,261,267,268,274	206,220,229,231,232,257,258,261,267,268,274	1	4,5,6,7,8,9,10,11,12,13,14	69	69	658	25|7|3|2|2|7|7|7|4|0|5|5
GA	Petmar	LTR	Gypsy	Gypsy-23_PM-I	PIZI01000027v1:41229-42057-	PIZI01000048v1:8863369-8864266-	21	43	0	206,220,229,231,232,257,258,261,267,268,274,276	206,220,229,231,232,257,258,261,267,268,274,276	1	4,5,6,7,8,9,10,11,12,13,14,15	71	71	398	21|4|0|1|0|2|3|6|2|1|1|2
GA	Petmar	LTR	Gypsy	Gypsy-23_PM-I	PIZI01000027v1:41229-42057-	PIZI01000070v1:1976998-1977700+	17	36	0	206,231,232,257,258,261,267,268,290,308,374,380,419	162,187,188,213,214,217,223,224,243,260,304,310,349	2	1,2,3,4,5,6,7,8,12,13,14,15,16	170	188	473	17|0|0|1|3|3|4|4|1|0|2|1
GA	Petmar	LTR	Gypsy	Gypsy-23_PM-I	PIZI01000027v1:41229-42057-	PIZI01005845v1:1022-6937+	20	42	0	206,220,229,231,232,257,258,261,267,268,274	199,213,222,224,225,250,251,254,260,261,267	1	3,4,5,6,7,8,9,10,11,12,13	69	69	311	20|4|2|1|0|3|4|4|2|0|1|1
GA	Petmar	LTR	Gypsy	Gypsy-45_PM-LTR	PIZI01000012v1:11998815-11999974-	PIZI01000024v1:941872-943037-	19	40	0	589,599,607,610,614,699,709,715,717,724	353,363,371,374,378,456,466,472,474,481	2	3,4,5,6,7,9,10,11,12,13	52	129	367	19|10|0|0|1|0|3|4|1|0|0|2
GA	Petmar	LTR	Gypsy	Gypsy-45_PM-LTR	PIZI01000012v1:11998815-11999974-	PIZI01000368v1:46696-47797+	26	56	0	544,552,555,559,589,599,607,610,614,679,699,708,709,717,720	555,563,566,570,600,610,618,621,625,683,703,712,713,722,725	2	4,5,6,7,8,9,10,11,12,14,15,16,17,18,19	114	171	546	26|7|0|3|0|0|8|6|2|2|2|0
GA	Petmar	LTR	Gypsy	Gypsy-45_PM-LTR	PIZI01000012v1:11998815-11999974-	PIZI01000368v1:46696-47797+	31	59	0	544,552,555,559,589,599,607,610,614,665,699,709,717,720,724	444,452,455,459,489,499,507,510,515,566,600,610,618,621,625	2	3,4,5,6,7,8,9,10,11,15,16,17,18,19,20	132	182	478	31|9|0|2|0|0|9|3|2|2|0|1
GA	Petmar	LTR	Gypsy	Gypsy-45_PM-LTR	PIZI01000012v1:11998815-11999974-	PIZI01000368v1:46696-47797+	26	50	0	579,589,599,607,610,614,708,709,717,720,724	424,434,444,452,455,459,554,555,563,566,570	2	1,2,3,4,5,6,11,12,13,14,15	53	147	417	26|8|0|2|0|0|4|3|3|1|0|3
GA	Petmar	LTR	Gypsy	Gypsy-45_PM-LTR	PIZI01000012v1:11998815-11999974-	PIZI01000368v1:46696-47797+	22	44	0	665,699,709,717,720,724,763,764,775,809,819	455,489,499,507,510,515,554,555,566,600,610	2	4,5,6,7,8,9,11,12,13,14,15	118	156	366	22|8|0|2|0|0|5|1|2|2|0|2
GA	Petmar	LTR	Gypsy	Gypsy-45_PM-LTR	PIZI01000012v1:11998815-11999974-	PIZI01000021v1:14043-15109-	25	58	0	544,550,552,555,559,589,590,599,607,610,699,709,717,720,724	366,372,374,377,381,411,412,421,429,432,515,525,533,536,540	3	2,3,4,5,6,7,8,9,10,11,15,16,17,18,19	94	175	475	25|13|2|0|0|0|9|2|1|2|2|2
GA	Petmar	LTR	Gypsy	Gypsy-45_PM-LTR	PIZI01000012v1:11998815-11999974-	PIZI01000017v1:3289647-3290579+	23	58	0	544,552,555,559,589,599,607,610,614,644,654,699,724,754	497,505,508,512,542,552,560,563,567,597,605,650,670,699	2	8,9,10,11,12,13,14,15,16,17,18,19,20,21	204	203	788	23|6|3|5|3|2|9|4|0|0|1|2
GA	Petmar	LTR	Gypsy	Gypsy-45_PM-LTR	PIZI01000012v1:11998815-11999974-	PIZI01000012v1:14973083-14974049-	17	50	0	589,599,606,608,614,699,715,717,720,724	413,423,429,431,438,527,543,545,548,552	2	2,3,4,5,6,8,9,10,11,12	52	140	588	17|10|2|3|0|0|8|4|4|0|0|2
GA	Petmar	LTR	Gypsy	Gypsy-52_PM-LTR	PIZI01000035v1:914587-914955-	PIZI01002030v1:18025-18385+	14	34	0	12,145,147,151,225,24,250,34,35,7	12,141,143,147,218,24,240,34,35,7	2	1,2,3,4,5,7,8,9,10,11	129	234	335	14|3|2|0|3|3|4|2|0|0|3|0
GA	Petmar	LTR	Gypsy	Gypsy-24_PM-I	PIZI01000015v1:8134585-8136759-	PIZI01000091v1:1438167-1440067+	38	106	0	1019,1020,1173,1175,1185,1187,1207,979,982,991,992	150,153,163,164,193,194,346,348,358,360,379	2	2,3,4,5,6,7,11,12,13,14,15	79	230	1305	38|22|5|7|4|3|10|6|4|1|5|1
GA	Petmar	LTR	Gypsy	Gypsy-43_PM-LTR	PIZI01000023v1:754907-755460-	PIZI01000058v1:4879036-4879549+	19	53	0	100,132,137,146,148,188,202,209,222,246	124,129,136,138,179,193,200,213,237,92	2	3,4,5,6,7,8,9,10,11,12	147	146	513	19|13|2|2|5|2|2|3|1|4|0|0
GA	Petmar	LTR	Gypsy	Gypsy-53_PM-LTR	PIZI01000006v1:4195763-4196635+	PIZI01000031v1:1361600-1362704-	33	75	0	459,478,481,500,504,507,564,566,567,586,592,601	414,432,434,448,452,455,511,513,514,531,535,544	2	12,13,14,15,16,17,22,23,24,25,26,27	76	131	681	33|8|8|4|5|2|5|0|3|1|5|1
GA	Petmar	LTR	Gypsy	Gypsy-47_PM-LTR	PIZI01000019v1:2582939-2583415-	PIZI01000081v1:247914-248169+	17	36	0	100,108,122,125,127,165,171,172,179,180,82,83	136,142,143,150,151,53,54,71,79,93,96,98	2	2,3,4,5,6,7,8,9,10,11,12,13	100	99	254	17|2|2|0|3|1|4|5|0|2|0|0
GA	Petmar	LTR	Gypsy	Gypsy-47_PM-LTR	PIZI01000020v1:9287926-9288427-	PIZI01000031v1:281238-281650-	17	35	0	242,259,261,262,272,304,307,320,324,329	213,231,233,234,244,273,276,289,293,298	2	5,6,7,8,9,11,12,13,14,15	58	86	318	17|3|1|3|0|2|4|0|2|1|1|1
GA	Petmar	LTR	Gypsy	Gypsy-69_PM-I	PIZI01000028v1:3840025-3845989-	PIZI01000065v1:206394-208167-	32	80	0	5169,5174,5193,5225,5232,5576,5580,5585,5587,5622	1004,1036,1042,1371,1375,1380,1382,1417,980,985	2	6,7,8,9,10,19,20,21,22,23	110	438	907	32|16|3|1|5|2|11|6|1|1|2|0
GA	Petmar	LTR	Gypsy	Gypsy-78_PM-LTR	PIZI01000002v1:17942349-17943777-	PIZI01000044v1:4342270-4342843-	19	40	0	326,328,330,332,333,40,47,53,55,58,61,74,75	315,317,319,321,322,42,49,55,57,60,63,75,76	2	2,3,4,5,6,7,8,9,15,16,17,18,19	43	281	340	19|5|1|0|2|1|2|3|2|2|2|1
GA	Petmar	LTR	Gypsy	Gypsy-78_PM-LTR	PIZI01000002v1:17942349-17943777-	PIZI01000085v1:1549631-1549979-	17	34	0	255,259,292,295,310,40,50,53,55,58,61	232,236,270,273,288,41,51,54,56,59,62	2	2,3,4,5,6,7,11,12,13,14,15	79	248	336	17|4|0|0|2|0|5|3|0|1|1|1
GA	Petmar	LTR	Gypsy	Gypsy-45_PM-LTR	PIZI01000060v1:2371708-2373074+	PIZI01000368v1:46696-47797+	20	44	0	718,728,776,786,826,835,836,844,875,923	424,434,489,499,545,554,555,563,600,655	2	1,2,3,4,5,6,7,8,9,10	233	232	685	20|8|1|1|2|1|4|5|0|0|2|0
GA	Petmar	LTR	Gypsy	Gypsy-45_PM-LTR	PIZI01000060v1:2371708-2373074+	PIZI01000368v1:46696-47797+	17	34	0	742,776,786,826,842,844,854,875,884,885,923	566,600,610,655,671,673,683,703,712,713,759	2	3,4,5,6,7,8,10,11,12,13,14	185	194	511	17|2|1|3|1|2|2|5|0|1|0|0
GA	Petmar	LTR	Gypsy	Gypsy-45_PM-LTR	PIZI01000060v1:2371708-2373074+	PIZI01000368v1:46696-47797+	17	35	0	785,786,826,836,844,875,903,923,932,933,970	554,555,600,610,618,655,683,703,712,713,759	2	3,4,5,6,7,8,9,10,11,12,13	207	206	447	17|4|1|3|1|0|2|5|0|2|0|0
GA	Petmar	LTR	Gypsy	Gypsy-39_PM-LTR	PIZI01000015v1:12772051-12772715-	PIZI01000030v1:11775407-11776054+	24	65	0	160,165,167,177,205,241,437,442,445,468,474	160,165,167,177,205,241,421,426,429,452,458	2	3,4,5,6,7,8,14,15,16,17,18	120	299	655	24|9|0|4|3|0|8|10|3|1|2|1
GA	Petmar	LTR	Gypsy	Gypsy-53_PM-LTR	PIZI01000019v1:12079586-12080765+	PIZI01000053v1:6500754-6501143-	10	27	0	104,106,176,188,198,204,238,28,59,97	103,105,175,187,197,202,236,28,59,96	2	1,2,3,4,5,6,7,8,9,10	210	209	389	10|0|1|3|2|0|3|3|0|3|2|0
GA	Petmar	LTR	Gypsy	Gypsy-47_PM-LTR	PIZI01000042v1:9638247-9638712+	PIZI01000125v1:502082-502567-	21	51	0	167,175,179,195,214,253,261,291,296,303	171,179,183,200,218,257,265,318,323,330	2	5,6,7,8,9,12,13,14,15,16	122	160	472	21|9|2|3|2|1|5|1|3|1|1|2
GA	Petmar	LTR	Gypsy	Gypsy-44_PM-LTR	PIZI01000029v1:143790-144812-	PIZI01000075v1:903778-904730+	20	60	0	386,390,399,402,410,718,720,721,729,744	368,372,381,384,393,696,698,699,707,722	2	1,2,3,4,5,16,17,18,19,20	53	355	416	20|8|0|1|2|2|9|10|1|1|2|4
GA	Petmar	LTR	Gypsy	Gypsy-27_PM-LTR	PIZI01000025v1:9565218-9565751+	PIZI01004180v1:12102-12704-	27	79	0	198,201,202,231,233,295,299,308,314,315	272,275,276,305,307,372,376,386,392,393	2	9,10,11,12,13,16,17,18,19,20	58	122	518	27|16|3|3|5|3|8|5|2|3|2|2
GA	Petmar	LTR	Gypsy	Gypsy-27_PM-LTR	PIZI01000025v1:9565218-9565751+	PIZI01000383v1:22859-23462-	27	80	0	198,201,202,231,233,294,295,308,314,315	272,275,276,305,307,371,372,385,391,392	2	9,10,11,12,13,16,17,18,19,20	58	121	519	27|16|3|3|5|2|7|6|2|4|3|2
GA	Petmar	LTR	Gypsy	Gypsy-24_PM-I	PIZI01000994v1:11847-13766+	PIZI01001039v1:9039-12870+	67	159	0	1747,1756,1783,1800,1808,1843,1849,1852,1861,1864	1407,1417,1444,1461,1469,1504,1510,1513,1522,1525	2	56,57,58,59,60,62,63,64,65,66	85	119	1570	67|44|11|2|4|1|5|4|8|4|5|4
GA	Petmar	LTR	Gypsy	Gypsy-27_PM-LTR	PIZI01000069v1:1683000-1683482+	PIZI01000109v1:46144-46794-	16	41	0	290,293,303,305,314,50,70,72,76,93	126,142,144,149,166,359,362,372,374,383	2	1,2,3,4,5,9,10,11,12,13	66	258	457	16|9|0|3|2|1|1|2|0|2|2|3
GA	Petmar	LTR	Gypsy	Gypsy-53_PM-LTR	PIZI01000352v1:44985-45483-	PIZI01004142v1:3554-4154-	24	67	0	207,208,211,221,231,399,401,403,419,421,423	181,182,185,197,207,376,378,380,394,396,398	2	8,9,10,11,12,17,18,19,20,21,22	50	218	436	24|0|27|1|0|0|1|0|9|2|1|2
