GA	Danrer	LTR	ERV1	ERV5_DR_LTR	chr7_KZ115235v1_alt:53807-54257+	chr15:14132511-14132983-	12	28	0	130,14,142,147,16,168,23,24,4,50,51	14,149,16,161,166,187,23,24,4,50,51	2	1,2,3,4,5,6,7,8,9,10,11	185	184	459	12|0|1|3|1|2|3|2|1|1|1|1
GA	Danrer	LTR	ERV1	ERV5_DR_LTR	chr7_KZ115235v1_alt:53807-54257+	chr15_KZ115473v1_alt:137099-137571-	12	28	0	130,14,142,147,16,168,23,24,4,50,51	14,149,16,161,166,187,23,24,4,50,51	2	1,2,3,4,5,6,7,8,9,10,11	185	184	459	12|0|1|3|1|2|3|2|1|1|1|1
GA	Danrer	LTR	ERV1	ERV5_DR_LTR	chr7_KZ115235v1_alt:60859-61309+	chr15:14132511-14132983-	12	28	0	130,14,142,147,16,168,23,24,4,50,51	14,149,16,161,166,187,23,24,4,50,51	2	1,2,3,4,5,6,7,8,9,10,11	185	184	459	12|0|1|3|1|2|3|2|1|1|1|1
GA	Danrer	LTR	ERV1	ERV5_DR_LTR	chr7_KZ115235v1_alt:60859-61309+	chr15_KZ115473v1_alt:137099-137571-	12	28	0	130,14,142,147,16,168,23,24,4,50,51	14,149,16,161,166,187,23,24,4,50,51	2	1,2,3,4,5,6,7,8,9,10,11	185	184	459	12|0|1|3|1|2|3|2|1|1|1|1
GA	Danrer	LTR	ERV1	ZFERV-2-I_DR	chr7_KZ115235v1_alt:333180-333360-	chr17:10635334-10635503-	13	14	0	127,129,131,43,45,47,55,57,59,61,63,65,67	118,120,122,34,36,38,46,48,50,52,54,56,58	1	1,2,3,4,5,6,7,8,9,10,11,12,13	89	89	157	13|0|0|0|0|1|0|0|0|0|0|0
GA	Danrer	LTR	ERV1	ZFERV-2-I_DR	chr7_KZ115235v1_alt:333180-333360-	chr21:43158461-43158639-	15	19	0	101,103,105,129,131,43,45,49,53,67,91,93,95,97,99	123,125,37,39,43,47,61,85,87,89,91,93,95,97,99	2	1,2,3,4,5,6,7,8,9,10,11,12,13,14,15	90	89	174	15|0|0|0|0|2|2|0|0|0|0|0
GA	Danrer	LTR	ERV1	ZFERV-2-I_DR	chr7_KZ115235v1_alt:333180-333360-	chr13:49256357-49256541+	12	17	0	101,103,43,45,49,53,57,61,63,93,95,97	101,103,105,109,111,51,53,57,61,65,69,71	2	1,2,3,4,5,6,7,8,9,10,11,12	62	61	159	12|0|0|1|0|1|3|0|0|0|0|0
GA	Danrer	LTR	ERV1	ZFERV-2-I_DR	chr7_KZ115235v1_alt:333180-333360-	chr4:74293917-74294096-	10	22	0	111,113,119,121,45,63,65,67,91,93	110,112,118,120,45,63,65,67,91,93	1	1,2,3,4,5,6,7,8,9,10	76	76	178	10|0|0|1|0|1|10|0|0|0|0|0
GA	Danrer	LTR	ERV1	ZFERV-2-I_DR	chr12_KZ114926v1_alt:169368-169555-	chr25:3839500-3839750+	19	19	0	10,116,118,120,122,124,18,24,28,30,4,40,46,48,50,52,54,92,94	121,123,125,127,129,15,23,29,33,35,45,51,53,55,57,59,9,97,99	1	1,2,3,4,5,6,7,8,9,10,11,12,13,14,15,16,17,18,19	121	121	161	19|0|0|0|0|0|0|0|0|0|0|0
GA	Danrer	LTR	ERV1	ERV5_DR_LTR	chr15:13312508-13312960-	chr15:14132511-14132983-	13	28	0	131,14,143,148,16,169,23,24,4,50,51	14,149,16,161,166,187,23,24,4,50,51	2	1,2,3,4,5,6,7,8,9,10,11	185	184	460	13|0|0|3|0|2|5|2|1|1|0|1
GA	Danrer	LTR	ERV1	ZFERV-2-I_DR	chr11:10997728-10997907+	chr7:58162357-58162537+	17	23	0	108,112,120,124,128,132,136,140,144,148,152,156,160,164,172,176	107,111,119,123,127,131,135,139,143,147,151,155,159,163,171,175	2	2,3,4,5,6,7,8,9,10,11,12,13,14,15,16,17	70	69	178	17|0|0|0|0|0|6|0|0|0|0|0
GA	Danrer	LTR	ERV1	ZFERV-2-I_DR	chr11:10997728-10997907+	chr5:1264866-1265046-	11	13	0	112,116,140,148,152,156,160,164,168,172,176	101,123,131,135,139,143,147,151,155,159,97	1	1,2,3,4,5,6,7,8,9,10,11	63	63	162	11|0|0|0|0|0|2|0|0|0|0|0
GA	Danrer	LTR	ERV1	ZFERV-2-I_DR	chr11:10997728-10997907+	chr5:1264866-1265046-	14	17	0	108,112,136,144,148,152,156,160,164,168,172,176	101,123,131,135,139,143,147,151,155,159,163,97	1	3,4,5,6,7,8,9,10,11,12,13,14	67	67	168	14|0|0|0|0|0|3|0|0|0|0|0
GA	Danrer	LTR	ERV1	ZFERV-2-I_DR	chr11:10997728-10997907+	chr5:1264866-1265046-	18	21	0	10,116,124,128,132,136,14,140,144,148,152,156,160,164,168,18,22,26	123,131,135,139,143,147,15,151,155,159,163,167,171,175,19,23,27,31	2	1,2,3,4,5,6,7,8,9,10,11,12,13,14,15,16,17,18	162	161	172	18|0|0|0|0|0|3|0|0|0|0|0
GA	Danrer	LTR	ERV1	ZFERV-2-I_DR	chr11:10997728-10997907+	chr16:1649160-1649350-	14	17	0	108,132,136,140,144,148,152,156,160,164,168,172,176	120,124,128,132,136,140,144,148,152,156,160,164,98	1	2,3,4,5,6,7,8,9,10,11,12,13,14	67	67	169	14|0|0|0|0|0|3|0|0|0|0|0
GA	Danrer	LTR	ERV1	ZFERV-2-I_DR	chr11:30455648-30455828-	chr13:49773942-49774120-	13	20	0	115,125,129,13,133,137,15,17,21,25,45	11,113,123,127,13,131,135,15,19,23,43	2	1,2,3,4,5,6,9,10,11,12,13	56	125	166	13|1|0|0|0|0|6|0|0|0|0|0
GA	Danrer	LTR	ERV1	ZFERV-2-I_DR	chr11:30455648-30455828-	chr13:49773942-49774120-	14	21	0	11,121,125,129,13,133,137,15,19,23,43,45	11,121,125,129,13,133,137,15,19,23,43,45	2	1,2,3,4,5,6,7,10,11,12,13,14	52	127	168	14|1|0|0|0|0|6|0|0|0|0|0
GA	Danrer	LTR	ERV1	ZFERV-2-I_DR	chr11:30455648-30455828-	chr7:58162357-58162537+	18	19	0	115,117,121,125,129,13,137,169,17,21,25,29,33,37,41,45,49,9	111,113,117,12,121,125,133,16,165,20,24,28,32,36,4,40,44,8	2	1,2,3,4,5,6,7,8,9,10,11,12,13,14,15,16,17,18	163	162	167	18|1|0|0|0|0|0|0|0|0|0|0
GA	Danrer	LTR	ERV1	ZFERV-2-I_DR	chr13:49773942-49774120-	chr6:11196432-11196679+	11	20	0	17,21,27,31,33,35,37,39,41,89	14,18,24,28,30,32,34,36,38,86	1	1,2,3,4,5,6,7,8,9,10	73	73	173	11|0|0|0|0|0|9|0|0|0|0|0
GA	Danrer	LTR	ERV1	ZFERV-2-I_DR	chr13:49773942-49774120-	chr7:10726087-10726267+	12	24	0	17,21,29,31,33,35,37,5,7,89,93	19,23,31,33,35,37,39,7,9,91,95	1	1,2,3,4,5,6,7,8,9,10,11	89	89	178	12|0|0|0|0|0|12|0|0|0|0|0
GA	Danrer	LTR	ERV1	ZFERV-2-I_DR	chr14:1406902-1407085-	chr17:12988037-12988217-	13	21	0	121,128,134,138,142,146,43,61,63,65,67	125,131,137,141,145,149,47,65,67,69,71	1	1,2,3,4,5,6,7,8,9,10,11	103	103	177	13|0|0|0|0|0|7|1|0|0|0|0
GA	Danrer	LTR	ERV1	ZFERV-2-I_DR	chr16:42855724-42855932-	chr20:45069555-45069761+	21	26	0	123,137,145,149,153,157,161,165,173,177,181,185,189,193,197,201,205	116,130,138,142,146,150,154,158,166,170,174,178,182,186,190,194,198	1	5,6,7,8,9,10,11,12,13,14,15,16,17,18,19,20,21	83	83	204	21|0|0|0|0|5|0|0|0|0|0|0
GA	Danrer	LTR	ERV1	ZFERV-2-I_DR	chr16:42855724-42855932-	chr25:5253217-5253462+	20	25	0	123,137,145,149,153,157,161,165,173,177,181,185,189,193,197,201,205	148,162,170,174,178,182,186,190,198,202,206,210,214,218,222,226,230	1	4,5,6,7,8,9,10,11,12,13,14,15,16,17,18,19,20	83	83	180	20|0|0|0|0|4|0|0|0|0|0|1
GA	Danrer	LTR	ERV1	ZFERV-2-I_DR	chr16:42855724-42855932-	chr25:5253217-5253462+	20	24	0	123,137,145,149,153,157,161,165,173,177,181,185,189,193,197,201,205	152,166,174,178,182,186,190,194,202,206,210,214,218,222,226,230,234	1	4,5,6,7,8,9,10,11,12,13,14,15,16,17,18,19,20	83	83	179	20|0|0|0|0|4|0|0|0|0|0|0
GA	Danrer	LTR	ERV1	ZFERV-2-I_DR	chr16:42855724-42855932-	chr25:5253217-5253462+	20	24	0	123,137,145,149,153,157,161,165,173,177,181,185,189,193,197,201,205	154,168,176,180,184,188,192,196,204,208,212,216,220,224,228,232,236	1	4,5,6,7,8,9,10,11,12,13,14,15,16,17,18,19,20	83	83	179	20|0|0|0|0|4|0|0|0|0|0|0
GA	Danrer	LTR	ERV1	ZFERV-2-I_DR	chr16:42855724-42855932-	chr25:5253217-5253462+	20	24	0	123,137,145,149,153,157,161,165,173,177,181,185,189,193,197,201,205	156,170,178,182,186,190,194,198,206,210,214,218,222,226,230,234,238	1	4,5,6,7,8,9,10,11,12,13,14,15,16,17,18,19,20	83	83	179	20|0|0|0|0|4|0|0|0|0|0|0
GA	Danrer	LTR	ERV1	ZFERV-2-I_DR	chr16:42855724-42855932-	chr25:5253217-5253462+	20	24	0	123,137,145,149,153,157,161,165,173,177,181,185,189,193,197,201,205	158,172,180,184,188,192,196,200,208,212,216,220,224,228,232,236,240	1	4,5,6,7,8,9,10,11,12,13,14,15,16,17,18,19,20	83	83	179	20|0|0|0|0|4|0|0|0|0|0|0
GA	Danrer	LTR	ERV1	ZFERV-2-I_DR	chr16:42855724-42855932-	chr25:5253217-5253462+	20	24	0	123,137,145,149,153,157,161,165,173,177,181,185,189,193,197,201,205	160,174,182,186,190,194,198,202,210,214,218,222,226,230,234,238,242	1	4,5,6,7,8,9,10,11,12,13,14,15,16,17,18,19,20	83	83	179	20|0|0|0|0|4|0|0|0|0|0|0
GA	Danrer	LTR	ERV1	ZFERV-2-I_DR	chr16:42855724-42855932-	chr21:3074151-3074347-	19	24	0	123,137,145,149,153,157,161,165,173,177,181,185,189,193,197,201	106,114,118,122,126,130,134,142,146,150,154,158,162,166,170,92	1	4,5,6,7,8,9,10,11,12,13,14,15,16,17,18,19	79	79	176	19|0|0|1|0|4|0|0|0|0|0|0
GA	Danrer	LTR	ERV1	ZFERV-2-I_DR	chr17:12988037-12988217-	chr25:3839500-3839750+	23	24	0	121,123,127,129,139,143,147,151,155,159,163,169,177,19,25,27,73,75,77,79,81,83,85	143,145,147,149,151,153,155,191,193,197,199,209,213,217,221,225,229,233,239,247,89,95,97	2	1,2,3,4,5,6,7,8,9,10,11,12,13,14,15,16,17,18,19,20,21,22,23	160	159	180	23|1|0|0|0|0|0|0|0|0|0|0
GA	Danrer	LTR	ERV1	ZFERV-2-I_DR	chr17:12988037-12988217-	chr17:51767867-51768044+	17	18	0	117,127,129,133,135,139,143,147,151,155,159,163,169,177,25,27,73	104,114,116,12,120,122,126,130,134,138,14,142,146,150,156,164,60	2	1,2,3,4,5,6,7,8,9,10,11,12,13,14,15,16,17	154	153	161	17|1|0|0|0|0|0|0|0|0|0|0
GA	Danrer	LTR	ERV1	ZFERV-2-I_DR	chr17:12988037-12988217-	chr17:51767867-51768044+	17	18	0	115,123,127,129,133,135,139,143,147,151,155,159,163,169,177,25,27	104,112,116,118,122,124,128,132,136,14,140,144,148,152,158,16,166	2	1,2,3,4,5,6,7,8,9,10,11,12,13,14,15,16,17	154	153	161	17|1|0|0|0|0|0|0|0|0|0|0
GA	Danrer	LTR	ERV1	ZFERV-2-I_DR	chr18:2520976-2521155-	chr4:72832254-72832433+	10	13	0	115,117,23,27,31,35,37,39,41,57	12,16,18,20,22,38,4,8,96,98	1	1,2,3,4,5,6,7,8,9,10	95	95	153	10|1|0|0|0|0|2|0|0|0|0|0
GA	Danrer	LTR	ERV1	ZFERV-2-I_DR	chr18:2520976-2521155-	chr4:72832254-72832433+	11	14	0	115,117,21,25,29,33,35,37,39,41,57	100,12,16,18,20,22,24,4,40,8,98	1	1,2,3,4,5,6,7,8,9,10,11	97	97	155	11|1|0|0|0|0|2|0|0|0|0|0
GA	Danrer	LTR	ERV1	ZFERV-2-I_DR	chr18:2520976-2521155-	chr9:53062428-53062608+	10	16	0	115,117,29,31,33,35,37,39,41,57	101,13,15,17,19,21,23,25,41,99	1	1,2,3,4,5,6,7,8,9,10	89	89	153	10|1|0|0|0|0|0|5|0|0|0|0
GA	Danrer	LTR	ERV1	ZFERV-2-I_DR	chr18:2520976-2521155-	chr9:53062428-53062608+	11	18	0	115,117,27,29,31,33,35,37,39,41,57	101,103,13,15,17,19,21,23,25,27,43	1	1,2,3,4,5,6,7,8,9,10,11	91	91	158	11|1|0|0|0|0|0|6|0|0|0|0
GA	Danrer	LTR	ERV1	ZFERV-2-I_DR	chr18:2520976-2521155-	chr9:53062428-53062608+	12	19	0	115,117,25,27,29,31,33,35,37,39,41,57	103,105,13,15,17,19,21,23,25,27,29,45	1	1,2,3,4,5,6,7,8,9,10,11,12	93	93	160	12|1|0|0|0|0|0|6|0|0|0|0
GA	Danrer	LTR	ERV1	ZFERV-2-I_DR	chr18:2520976-2521155-	chr25:3292553-3292750-	11	16	0	115,117,19,21,23,27,29,35,37,41,57	132,134,32,34,36,40,42,48,50,54,70	1	1,2,3,4,5,6,7,8,9,10,11	103	103	174	11|1|0|2|0|0|2|0|0|0|0|0
GA	Danrer	LTR	ERV1	ZFERV-2-I_DR	chr18:2520976-2521155-	chr25:3292553-3292750-	13	19	0	115,117,15,17,19,23,25,31,33,37,39,41,57	136,138,32,34,36,40,42,48,50,54,56,58,74	1	1,2,3,4,5,6,7,8,9,10,11,12,13	107	107	174	13|1|0|2|0|0|3|0|0|0|0|0
GA	Danrer	LTR	ERV1	ERV1-N8-LTR_DR	chr12:38503753-38504284+	chr21:30790477-30791001-	24	55	0	105,14,16,23,24,25,4,51,56,62,64,65,75,8,81	105,14,16,23,24,25,4,51,56,62,64,65,75,8,81	2	1,2,3,4,5,6,7,12,13,14,15,16,17,18,19	77	102	525	24|3|2|2|4|2|13|2|1|1|0|1
GA	Danrer	LTR	ERV1	ZFERV-2-I_DR	chr2:9727848-9728026-	chr6:23106028-23106208-	12	20	0	107,127,141,145,149,15,17,19,21,27,97	103,11,123,13,137,141,145,15,17,23,93	2	1,2,3,4,5,6,7,8,9,10,11	136	135	172	12|0|0|0|0|0|7|0|0|0|0|1
GA	Danrer	LTR	ERV1	ZFERV-2-I_DR	chr2:9727848-9728026-	chr6:23106028-23106208-	15	24	0	107,11,127,13,141,145,15,21,23,25,9,97	109,11,129,13,143,147,15,17,23,25,27,99	2	1,2,3,4,5,6,7,8,9,10,11,12	138	137	178	15|0|0|0|0|0|8|0|0|0|0|1
GA	Danrer	LTR	ERV1	ZFERV-2-I_DR	chr2:9727848-9728026-	chr25:11328471-11328651+	15	20	0	11,13,141,15,159,161,163,169,17,19,21,23,27	13,143,15,159,161,163,169,17,19,21,23,25,29	2	1,2,3,4,5,6,7,8,11,12,13,14,15	44	157	176	15|0|0|0|0|0|5|0|0|0|0|0
GA	Danrer	LTR	ERV1	ZFERV-2-I_DR	chr2:9727848-9728026-	chr7:17209899-17210081+	10	17	0	127,13,141,157,161,167,17,21,25,9	13,131,145,159,163,169,17,21,25,9	2	1,2,3,4,5,6,7,8,9,10	162	161	177	10|0|0|0|0|1|5|1|0|0|0|0
GA	Danrer	LTR	ERV1	ZFERV-2-I_DR	chr2:25459723-25459902+	chr7:21911439-21911671+	11	17	0	10,160,164,168,172,176,26,28,30,6	201,205,209,213,217,45,49,65,67,69	2	1,2,3,4,5,7,8,9,10,11	42	173	178	11|0|0|1|0|2|1|0|0|0|0|2
GA	Danrer	LTR	ERV1	ZFERV-2-I_DR	chr2:25459723-25459902+	chr7:21911439-21911671+	11	19	0	10,156,160,164,168,172,176,26,28,30,6	201,205,209,213,217,221,49,53,69,71,73	2	1,2,3,4,5,6,7,8,9,10,11	174	173	178	11|0|0|2|0|2|1|0|0|1|0|2
GA	Danrer	LTR	ERV1	ZFERV-2-I_DR	chr2:25459723-25459902+	chr7:21911439-21911671+	12	20	0	10,152,156,160,164,168,172,176,26,28,30,6	201,205,209,213,217,221,225,53,57,73,75,77	2	1,2,3,4,5,6,7,8,9,10,11,12	174	173	178	12|0|0|1|0|2|1|0|0|1|0|3
GA	Danrer	LTR	ERV1	ZFERV-2-I_DR	chr2:25459723-25459902+	chr7:21911439-21911671+	13	22	0	10,148,152,156,160,164,168,172,176,26,28,30,6	201,205,209,213,217,221,225,229,57,61,77,79,81	2	1,2,3,4,5,6,7,8,9,10,11,12,13	174	173	178	13|0|0|1|0|2|2|0|0|1|0|3
GA	Danrer	LTR	ERV1	ZFERV-2-I_DR	chr2:54092733-54092905+	chr25:5253217-5253462+	18	18	0	101,105,109,113,117,121,125,129,133,137,141,145,149,153,157,161,165,169	158,162,166,170,174,178,182,186,190,194,198,202,206,210,214,218,222,226	1	1,2,3,4,5,6,7,8,9,10,11,12,13,14,15,16,17,18	69	69	172	18|0|0|0|0|0|0|0|0|0|0|0
GA	Danrer	LTR	ERV1	ZFERV-2-I_DR	chr2:54092733-54092905+	chr25:5253217-5253462+	18	18	0	101,105,109,113,117,121,125,129,133,137,141,145,149,153,157,161,165,169	160,164,168,172,176,180,184,188,192,196,200,204,208,212,216,220,224,228	1	1,2,3,4,5,6,7,8,9,10,11,12,13,14,15,16,17,18	69	69	172	18|0|0|0|0|0|0|0|0|0|0|0
GA	Danrer	LTR	ERV1	ZFERV-2-I_DR	chr2:54092733-54092905+	chr25:5253217-5253462+	18	18	0	101,105,109,113,117,121,125,129,133,137,141,145,149,153,157,161,165,169	162,166,170,174,178,182,186,190,194,198,202,206,210,214,218,222,226,230	1	1,2,3,4,5,6,7,8,9,10,11,12,13,14,15,16,17,18	69	69	172	18|0|0|0|0|0|0|0|0|0|0|0
GA	Danrer	LTR	ERV1	ZFERV-2-I_DR	chr2:54092733-54092905+	chr25:5253217-5253462+	18	18	0	101,105,109,113,117,121,125,129,133,137,141,145,149,153,157,161,165,169	164,168,172,176,180,184,188,192,196,200,204,208,212,216,220,224,228,232	1	1,2,3,4,5,6,7,8,9,10,11,12,13,14,15,16,17,18	69	69	172	18|0|0|0|0|0|0|0|0|0|0|0
GA	Danrer	LTR	ERV1	ZFERV-2-I_DR	chr2:54092733-54092905+	chr25:5253217-5253462+	18	18	0	101,105,109,113,117,121,125,129,133,137,141,145,149,153,157,161,165,169	166,170,174,178,182,186,190,194,198,202,206,210,214,218,222,226,230,234	1	1,2,3,4,5,6,7,8,9,10,11,12,13,14,15,16,17,18	69	69	172	18|0|0|0|0|0|0|0|0|0|0|0
GA	Danrer	LTR	ERV1	ZFERV-2-I_DR	chr2:54092733-54092905+	chr25:5253217-5253462+	18	18	0	101,105,109,113,117,121,125,129,133,137,141,145,149,153,157,161,165,169	168,172,176,180,184,188,192,196,200,204,208,212,216,220,224,228,232,236	1	1,2,3,4,5,6,7,8,9,10,11,12,13,14,15,16,17,18	69	69	172	18|0|0|0|0|0|0|0|0|0|0|0
GA	Danrer	LTR	ERV1	ZFERV-2-I_DR	chr2:54092733-54092905+	chr25:5253217-5253462+	18	18	0	101,105,109,113,117,121,125,129,133,137,141,145,149,153,157,161,165,169	170,174,178,182,186,190,194,198,202,206,210,214,218,222,226,230,234,238	1	1,2,3,4,5,6,7,8,9,10,11,12,13,14,15,16,17,18	69	69	172	18|0|0|0|0|0|0|0|0|0|0|0
GA	Danrer	LTR	ERV1	ZFERV-2-I_DR	chr2:54092733-54092905+	chr25:5253217-5253462+	18	18	0	101,105,109,113,117,121,125,129,133,137,141,145,149,153,157,161,165,169	172,176,180,184,188,192,196,200,204,208,212,216,220,224,228,232,236,240	1	1,2,3,4,5,6,7,8,9,10,11,12,13,14,15,16,17,18	69	69	172	18|0|0|0|0|0|0|0|0|0|0|0
GA	Danrer	LTR	ERV1	ZFERV-2-I_DR	chr2:54092733-54092905+	chr25:5253217-5253462+	18	18	0	101,105,109,113,117,121,125,129,133,137,141,145,149,153,157,161,165,169	174,178,182,186,190,194,198,202,206,210,214,218,222,226,230,234,238,242	1	1,2,3,4,5,6,7,8,9,10,11,12,13,14,15,16,17,18	69	69	172	18|0|0|0|0|0|0|0|0|0|0|0
GA	Danrer	LTR	ERV1	ZFERV-2-I_DR	chr2:54092733-54092905+	chr25:5253217-5253462+	18	18	0	101,105,109,113,117,121,125,129,133,137,141,145,149,153,157,161,165,169	156,160,164,168,172,176,180,184,188,192,196,200,204,208,212,216,220,224	1	1,2,3,4,5,6,7,8,9,10,11,12,13,14,15,16,17,18	69	69	171	18|0|0|0|0|0|0|0|0|0|0|0
GA	Danrer	LTR	ERV1	ZFERV-2-I_DR	chr2:54092733-54092905+	chr25:5253217-5253462+	16	16	0	101,105,109,113,117,121,125,129,133,137,141,145,149,153,157,161	180,184,188,192,196,200,204,208,212,216,220,224,228,232,236,240	1	1,2,3,4,5,6,7,8,9,10,11,12,13,14,15,16	61	61	164	16|0|0|0|0|0|0|0|0|0|0|0
GA	Danrer	LTR	ERV1	ZFERV-2-I_DR	chr2:54092733-54092905+	chr25:5253217-5253462+	16	16	0	101,105,109,113,117,121,125,129,133,137,141,145,149,153,157,161	182,186,190,194,198,202,206,210,214,218,222,226,230,234,238,242	1	1,2,3,4,5,6,7,8,9,10,11,12,13,14,15,16	61	61	164	16|0|0|0|0|0|0|0|0|0|0|0
GA	Danrer	LTR	ERV1	ZFERV-2-I_DR	chr2:54092733-54092905+	chr25:5253217-5253462+	18	18	0	101,105,109,113,117,121,125,129,133,137,141,145,149,153,157,161,165,169	150,154,158,162,166,170,174,178,182,186,190,194,198,202,206,210,214,218	1	1,2,3,4,5,6,7,8,9,10,11,12,13,14,15,16,17,18	69	69	165	18|0|0|0|0|0|0|0|0|0|0|0
GA	Danrer	LTR	ERV1	ZFERV-2-I_DR	chr2:54092733-54092905+	chr25:5253217-5253462+	18	18	0	101,105,109,113,117,121,125,129,133,137,141,145,149,153,157,161,165,169	144,148,152,156,160,164,168,172,176,180,184,188,192,196,200,204,208,212	1	1,2,3,4,5,6,7,8,9,10,11,12,13,14,15,16,17,18	69	69	159	18|0|0|0|0|0|0|0|0|0|0|0
GA	Danrer	LTR	ERV1	ZFERV-2-I_DR	chr2:54092733-54092905+	chr21:3074151-3074347-	18	18	0	101,105,109,113,117,121,125,129,133,137,141,145,149,153,157,161,165,169	102,106,110,114,118,122,126,130,134,138,142,146,150,154,158,162,166,170	1	1,2,3,4,5,6,7,8,9,10,11,12,13,14,15,16,17,18	69	69	172	18|0|0|0|0|0|0|0|0|0|0|0
GA	Danrer	LTR	ERV1	ZFERV-2-I_DR	chr2:54092733-54092905+	chr21:3074151-3074347-	17	18	0	101,105,109,113,117,121,125,129,133,137,141,145,149,153,157,161,165	106,110,114,118,122,126,130,134,138,142,146,150,154,158,162,166,170	1	1,2,3,4,5,6,7,8,9,10,11,12,13,14,15,16,17	65	65	172	17|0|0|1|0|0|0|0|0|0|0|0
GA	Danrer	LTR	ERV1	ZFERV-2-I_DR	chr2:54092733-54092905+	chr21:3074151-3074347-	18	18	0	101,105,109,113,117,121,125,129,133,137,141,145,149,153,157,161,165,169	100,104,108,112,116,120,124,128,132,136,140,144,148,152,156,160,164,168	1	1,2,3,4,5,6,7,8,9,10,11,12,13,14,15,16,17,18	69	69	171	18|0|0|0|0|0|0|0|0|0|0|0
GA	Danrer	LTR	ERV1	ZFERV-2-I_DR	chr2:54092733-54092905+	chr21:3074151-3074347-	18	18	0	101,105,109,113,117,121,125,129,133,137,141,145,149,153,157,161,165,169	102,106,110,114,118,122,126,130,134,138,142,146,150,154,158,162,94,98	1	1,2,3,4,5,6,7,8,9,10,11,12,13,14,15,16,17,18	69	69	165	18|0|0|0|0|0|0|0|0|0|0|0
GA	Danrer	LTR	ERV1	ZFERV-2-I_DR	chr2:54092733-54092905+	chr21:3074151-3074347-	18	18	0	101,105,109,113,117,121,125,129,133,137,141,145,149,153,157,161,165,169	100,104,108,112,116,120,124,128,132,136,140,144,148,152,156,88,92,96	1	1,2,3,4,5,6,7,8,9,10,11,12,13,14,15,16,17,18	69	69	159	18|0|0|0|0|0|0|0|0|0|0|0
GA	Danrer	LTR	ERV1	ZFERV-2-I_DR	chr2:54092733-54092905+	chr20:45069555-45069761+	18	18	0	101,105,109,113,117,121,125,129,133,137,141,145,149,153,157,161,165,169	126,130,134,138,142,146,150,154,158,162,166,170,174,178,182,186,190,194	1	1,2,3,4,5,6,7,8,9,10,11,12,13,14,15,16,17,18	69	69	172	18|0|0|0|0|0|0|0|0|0|0|0
GA	Danrer	LTR	ERV1	ZFERV-2-I_DR	chr2:54092733-54092905+	chr20:45069555-45069761+	18	18	0	101,105,109,113,117,121,125,129,133,137,141,145,149,153,157,161,165,169	128,132,136,140,144,148,152,156,160,164,168,172,176,180,184,188,192,196	1	1,2,3,4,5,6,7,8,9,10,11,12,13,14,15,16,17,18	69	69	172	18|0|0|0|0|0|0|0|0|0|0|0
GA	Danrer	LTR	ERV1	ZFERV-2-I_DR	chr2:54092733-54092905+	chr20:45069555-45069761+	18	18	0	101,105,109,113,117,121,125,129,133,137,141,145,149,153,157,161,165,169	130,134,138,142,146,150,154,158,162,166,170,174,178,182,186,190,194,198	1	1,2,3,4,5,6,7,8,9,10,11,12,13,14,15,16,17,18	69	69	172	18|0|0|0|0|0|0|0|0|0|0|0
GA	Danrer	LTR	ERV1	ZFERV-2-I_DR	chr2:54092733-54092905+	chr20:45069555-45069761+	18	18	0	101,105,109,113,117,121,125,129,133,137,141,145,149,153,157,161,165,169	132,136,140,144,148,152,156,160,164,168,172,176,180,184,188,192,196,200	1	1,2,3,4,5,6,7,8,9,10,11,12,13,14,15,16,17,18	69	69	172	18|0|0|0|0|0|0|0|0|0|0|0
GA	Danrer	LTR	ERV1	ZFERV-2-I_DR	chr2:54092733-54092905+	chr20:45069555-45069761+	18	18	0	101,105,109,113,117,121,125,129,133,137,141,145,149,153,157,161,165,169	134,138,142,146,150,154,158,162,166,170,174,178,182,186,190,194,198,202	1	1,2,3,4,5,6,7,8,9,10,11,12,13,14,15,16,17,18	69	69	172	18|0|0|0|0|0|0|0|0|0|0|0
GA	Danrer	LTR	ERV1	ZFERV-2-I_DR	chr2:54092733-54092905+	chr20:45069555-45069761+	16	16	0	101,105,109,113,117,121,125,129,133,137,141,145,149,153,157,161	140,144,148,152,156,160,164,168,172,176,180,184,188,192,196,200	1	1,2,3,4,5,6,7,8,9,10,11,12,13,14,15,16	61	61	164	16|0|0|0|0|0|0|0|0|0|0|0
GA	Danrer	LTR	ERV1	ZFERV-2-I_DR	chr2:54092733-54092905+	chr20:45069555-45069761+	18	18	0	101,105,109,113,117,121,125,129,133,137,141,145,149,153,157,161,165,169	120,124,128,132,136,140,144,148,152,156,160,164,168,172,176,180,184,188	1	1,2,3,4,5,6,7,8,9,10,11,12,13,14,15,16,17,18	69	69	166	18|0|0|0|0|0|0|0|0|0|0|0
GA	Danrer	LTR	ERV1	ZFERV-2-I_DR	chr2:54092733-54092905+	chr20:45069555-45069761+	18	18	0	101,105,109,113,117,121,125,129,133,137,141,145,149,153,157,161,165,169	114,118,122,126,130,134,138,142,146,150,154,158,162,166,170,174,178,182	1	1,2,3,4,5,6,7,8,9,10,11,12,13,14,15,16,17,18	69	69	160	18|0|0|0|0|0|0|0|0|0|0|0
GA	Danrer	LTR	ERV1	ZFERV-2-I_DR	chr2:54092733-54092905+	chr4:72832254-72832433+	16	17	0	101,113,117,121,125,129,133,137,141,145,149,153,157,161,165,169	110,120,124,128,132,136,140,144,148,152,156,160,164,168,172,176	1	1,2,3,4,5,6,7,8,9,10,11,12,13,14,15,16	67	67	170	16|0|0|0|0|0|1|0|0|0|0|0
GA	Danrer	LTR	ERV1	ZFERV-2-I_DR	chr2:54092733-54092905+	chr5:1264866-1265046-	11	16	0	105,109,133,141,145,149,153,157,161,165,169	101,123,131,135,139,143,147,151,155,159,97	1	1,2,3,4,5,6,7,8,9,10,11	63	63	162	11|0|0|0|0|0|5|0|0|0|0|0
GA	Danrer	LTR	ERV1	ZFERV-2-I_DR	chr2:54092733-54092905+	chr5:1264866-1265046-	12	18	0	101,105,129,137,141,145,149,153,157,161,165,169	101,123,131,135,139,143,147,151,155,159,163,97	1	1,2,3,4,5,6,7,8,9,10,11,12	67	67	166	12|0|0|0|0|0|6|0|0|0|0|0
GA	Danrer	LTR	ERV1	ZFERV-2-I_DR	chr2:54092733-54092905+	chrUn_KN150128v1:4764-4968+	10	19	0	101,105,109,113,133,141,145,153,161,165	125,129,133,137,155,163,167,175,183,187	2	1,2,3,4,5,6,7,8,9,10	64	63	171	10|0|0|0|0|0|9|0|0|0|0|0
GA	Danrer	LTR	ERV1	ZFERV-2-I_DR	chr20:44667567-44667780+	chr9:54078326-54078549+	14	29	0	102,110,116,124,184,188,192,198,202,206,64,76,82	105,113,119,127,184,188,192,198,202,206,67,79,85	2	1,2,3,4,5,6,7,9,10,11,12,13,14	84	140	207	14|0|0|1|0|2|6|0|0|0|0|6
GA	Danrer	LTR	ERV1	ZFERV-2-I_DR	chr20:44667567-44667780+	chr9:54078326-54078549+	15	30	0	102,110,116,176,180,184,188,192,198,202,206,64,76,82	111,119,125,186,190,194,198,202,208,212,216,73,85,91	2	1,2,3,4,5,6,8,9,10,11,12,13,14,15	84	144	197	15|0|0|1|0|0|7|0|0|0|0|7
GA	Danrer	LTR	ERV1	ERV1-N8-LTR_DR	chr15:11503821-11504348+	chr21:30790477-30791001-	22	50	0	14,16,23,24,25,32,36,4,41,51,60,62,63,73,79,8	14,16,23,24,25,32,36,4,41,51,62,64,65,75,8,81	2	1,2,3,4,5,6,7,8,9,10,12,13,14,15,16,17	69	78	523	22|3|2|0|3|3|8|2|2|1|1|3
GA	Danrer	LTR	ERV1	ZFERV-2-I_DR	chr21:4149109-4149286+	chr4:72832254-72832433+	16	18	0	108,110,112,150,154,158,162,166,170,174	108,110,112,150,154,158,162,166,170,174	1	7,8,9,10,11,12,13,14,15,16	67	67	177	16|0|0|0|1|0|0|0|0|0|0|1
GA	Danrer	LTR	ERV1	ZFERV-2-I_DR	chr23:23939784-23939964+	chr5:1264866-1265046-	11	14	0	109,113,137,145,149,153,157,161,165,169,173	101,123,131,135,139,143,147,151,155,159,97	1	1,2,3,4,5,6,7,8,9,10,11	63	63	160	11|0|0|0|0|0|3|0|0|0|0|0
GA	Danrer	LTR	ERV1	ZFERV-2-I_DR	chr23:23939784-23939964+	chr5:1264866-1265046-	13	17	0	105,109,133,141,145,149,153,157,161,165,169,173	101,123,131,135,139,143,147,151,155,159,163,97	1	2,3,4,5,6,7,8,9,10,11,12,13	67	67	172	13|0|0|0|0|0|4|0|0|0|0|0
GA	Danrer	LTR	ERV1	ZFERV-2-I_DR	chr23:23939784-23939964+	chr5:1264866-1265046-	11	16	0	105,109,117,121,145,153,157,161,165,169,173	101,123,131,135,139,143,147,151,85,89,97	1	1,2,3,4,5,6,7,8,9,10,11	67	67	158	11|0|0|0|0|0|5|0|0|0|0|0
GA	Danrer	LTR	ERV1	ZFERV-2-I_DR	chr23:23939784-23939964+	chr4:72832254-72832433+	19	20	0	105,109,121,125,129,133,137,141,145,149,153,157,161,165,169,173	106,110,120,124,128,132,136,140,144,148,152,156,160,164,168,172	1	4,5,6,7,8,9,10,11,12,13,14,15,16,17,18,19	67	67	179	19|1|0|0|0|0|0|0|0|0|0|0
GA	Danrer	LTR	ERV1	ZFERV-2-I_DR	chr23:23939784-23939964+	chr4:72832254-72832433+	17	19	0	105,109,113,117,121,129,133,137,141,145,149,153,157,161,165,169,173	100,104,108,112,120,124,128,132,136,140,144,148,152,156,160,164,96	2	1,2,3,4,5,6,7,8,9,10,11,12,13,14,15,16,17	70	69	161	17|0|0|0|0|0|2|0|0|0|0|0
GA	Danrer	LTR	ERV1	ZFERV-2-I_DR	chr23:23939784-23939964+	chr4:72832254-72832433+	17	22	0	105,109,113,117,121,129,133,137,141,145,149,153,157,161,165,169,173	102,106,110,118,122,126,130,134,138,142,146,150,154,158,162,94,98	2	1,2,3,4,5,6,7,8,9,10,11,12,13,14,15,16,17	70	69	169	17|1|0|0|0|0|4|0|0|0|0|0
GA	Danrer	LTR	ERV1	ZFERV-2-I_DR	chr23:23939784-23939964+	chr25:5253217-5253462+	18	19	0	105,109,113,117,121,125,129,133,137,141,145,149,153,157,161,165,169,173	148,152,156,160,164,168,172,176,180,184,188,192,196,200,204,208,212,216	1	1,2,3,4,5,6,7,8,9,10,11,12,13,14,15,16,17,18	69	69	167	18|1|0|0|0|0|0|0|0|0|0|0
GA	Danrer	LTR	ERV1	ZFERV-2-I_DR	chr23:23939784-23939964+	chr25:5253217-5253462+	18	19	0	105,109,113,117,121,125,129,133,137,141,145,149,153,157,161,165,169,173	150,154,158,162,166,170,174,178,182,186,190,194,198,202,206,210,214,218	1	1,2,3,4,5,6,7,8,9,10,11,12,13,14,15,16,17,18	69	69	167	18|1|0|0|0|0|0|0|0|0|0|0
GA	Danrer	LTR	ERV1	ZFERV-2-I_DR	chr23:23939784-23939964+	chr25:5253217-5253462+	18	19	0	105,109,113,117,121,125,129,133,137,141,145,149,153,157,161,165,169,173	152,156,160,164,168,172,176,180,184,188,192,196,200,204,208,212,216,220	1	1,2,3,4,5,6,7,8,9,10,11,12,13,14,15,16,17,18	69	69	167	18|1|0|0|0|0|0|0|0|0|0|0
GA	Danrer	LTR	ERV1	ZFERV-2-I_DR	chr23:23939784-23939964+	chr25:5253217-5253462+	18	19	0	105,109,113,117,121,125,129,133,137,141,145,149,153,157,161,165,169,173	154,158,162,166,170,174,178,182,186,190,194,198,202,206,210,214,218,222	1	1,2,3,4,5,6,7,8,9,10,11,12,13,14,15,16,17,18	69	69	167	18|1|0|0|0|0|0|0|0|0|0|0
GA	Danrer	LTR	ERV1	ZFERV-2-I_DR	chr23:23939784-23939964+	chr25:5253217-5253462+	18	19	0	105,109,113,117,121,125,129,133,137,141,145,149,153,157,161,165,169,173	156,160,164,168,172,176,180,184,188,192,196,200,204,208,212,216,220,224	1	1,2,3,4,5,6,7,8,9,10,11,12,13,14,15,16,17,18	69	69	167	18|1|0|0|0|0|0|0|0|0|0|0
GA	Danrer	LTR	ERV1	ZFERV-2-I_DR	chr23:23939784-23939964+	chr25:5253217-5253462+	18	19	0	105,109,113,117,121,125,129,133,137,141,145,149,153,157,161,165,169,173	158,162,166,170,174,178,182,186,190,194,198,202,206,210,214,218,222,226	1	1,2,3,4,5,6,7,8,9,10,11,12,13,14,15,16,17,18	69	69	167	18|1|0|0|0|0|0|0|0|0|0|0
GA	Danrer	LTR	ERV1	ZFERV-2-I_DR	chr23:23939784-23939964+	chr25:5253217-5253462+	18	19	0	105,109,113,117,121,125,129,133,137,141,145,149,153,157,161,165,169,173	160,164,168,172,176,180,184,188,192,196,200,204,208,212,216,220,224,228	1	1,2,3,4,5,6,7,8,9,10,11,12,13,14,15,16,17,18	69	69	167	18|1|0|0|0|0|0|0|0|0|0|0
GA	Danrer	LTR	ERV1	ZFERV-2-I_DR	chr23:23939784-23939964+	chr25:5253217-5253462+	18	19	0	105,109,113,117,121,125,129,133,137,141,145,149,153,157,161,165,169,173	162,166,170,174,178,182,186,190,194,198,202,206,210,214,218,222,226,230	1	1,2,3,4,5,6,7,8,9,10,11,12,13,14,15,16,17,18	69	69	167	18|1|0|0|0|0|0|0|0|0|0|0
GA	Danrer	LTR	ERV1	ZFERV-2-I_DR	chr23:23939784-23939964+	chr25:5253217-5253462+	18	19	0	105,109,113,117,121,125,129,133,137,141,145,149,153,157,161,165,169,173	164,168,172,176,180,184,188,192,196,200,204,208,212,216,220,224,228,232	1	1,2,3,4,5,6,7,8,9,10,11,12,13,14,15,16,17,18	69	69	167	18|1|0|0|0|0|0|0|0|0|0|0
GA	Danrer	LTR	ERV1	ZFERV-2-I_DR	chr23:23939784-23939964+	chr25:5253217-5253462+	18	19	0	105,109,113,117,121,125,129,133,137,141,145,149,153,157,161,165,169,173	166,170,174,178,182,186,190,194,198,202,206,210,214,218,222,226,230,234	1	1,2,3,4,5,6,7,8,9,10,11,12,13,14,15,16,17,18	69	69	167	18|1|0|0|0|0|0|0|0|0|0|0
GA	Danrer	LTR	ERV1	ZFERV-2-I_DR	chr23:23939784-23939964+	chr25:5253217-5253462+	18	19	0	105,109,113,117,121,125,129,133,137,141,145,149,153,157,161,165,169,173	168,172,176,180,184,188,192,196,200,204,208,212,216,220,224,228,232,236	1	1,2,3,4,5,6,7,8,9,10,11,12,13,14,15,16,17,18	69	69	167	18|1|0|0|0|0|0|0|0|0|0|0
GA	Danrer	LTR	ERV1	ZFERV-2-I_DR	chr23:23939784-23939964+	chr25:5253217-5253462+	18	19	0	105,109,113,117,121,125,129,133,137,141,145,149,153,157,161,165,169,173	170,174,178,182,186,190,194,198,202,206,210,214,218,222,226,230,234,238	1	1,2,3,4,5,6,7,8,9,10,11,12,13,14,15,16,17,18	69	69	167	18|1|0|0|0|0|0|0|0|0|0|0
GA	Danrer	LTR	ERV1	ZFERV-2-I_DR	chr23:23939784-23939964+	chr25:5253217-5253462+	18	18	0	105,109,113,117,121,125,129,133,137,141,145,149,153,157,161,165,169,173	142,146,150,154,158,162,166,170,174,178,182,186,190,194,198,202,206,210	1	1,2,3,4,5,6,7,8,9,10,11,12,13,14,15,16,17,18	69	69	167	18|0|0|0|0|0|0|0|0|0|0|0
GA	Danrer	LTR	ERV1	ZFERV-2-I_DR	chr23:23939784-23939964+	chr25:5253217-5253462+	17	18	0	105,109,113,117,121,125,129,133,137,141,145,149,153,157,161,165,169	176,180,184,188,192,196,200,204,208,212,216,220,224,228,232,236,240	1	1,2,3,4,5,6,7,8,9,10,11,12,13,14,15,16,17	65	65	159	17|1|0|0|0|0|0|0|0|0|0|0
GA	Danrer	LTR	ERV1	ZFERV-2-I_DR	chr23:23939784-23939964+	chr25:5253217-5253462+	17	18	0	105,109,113,117,121,125,129,133,137,141,145,149,153,157,161,165,169	178,182,186,190,194,198,202,206,210,214,218,222,226,230,234,238,242	1	1,2,3,4,5,6,7,8,9,10,11,12,13,14,15,16,17	65	65	159	17|1|0|0|0|0|0|0|0|0|0|0
GA	Danrer	LTR	ERV1	ZFERV-2-I_DR	chr24:19904228-19904409-	chr25:6270284-6270461+	15	17	0	21,25,27,29,31,33,37,41,43,55,59,63,85,87,89	12,14,16,18,20,24,28,30,42,46,50,72,74,76,8	2	1,2,3,4,5,6,7,8,9,10,11,12,13,14,15	70	69	162	15|0|0|0|0|1|1|0|0|0|0|0
GA	Danrer	LTR	ERV1	ERV1-N8-LTR_DR	chr2:36475312-36475852+	chr21:30790477-30791001-	22	47	0	14,16,23,24,25,32,36,4,41,58,64,66,67,77,8,83	14,16,23,24,25,32,36,4,41,56,62,64,65,75,8,81	2	1,2,3,4,5,6,7,8,9,10,12,13,14,15,16,17	64	78	529	22|3|1|2|3|4|4|4|1|1|1|1
GA	Danrer	LTR	ERV1	ERV1-N8-LTR_DR	chr2:36475312-36475852+	chr5:42536058-42536659+	25	55	0	14,16,23,24,25,32,36,4,56,58,64,66,67	14,16,23,24,25,32,36,4,54,56,62,64,65	2	1,2,3,4,5,6,7,8,12,13,14,15,16	45	62	344	25|2|1|2|1|5|5|3|1|4|4|2
GA	Danrer	LTR	ERV1	ZFERV-2-I_DR	chr5:15659939-15660163+	chrUn_KN150128v1:4764-4968+	11	18	0	141,149,153,157,161,185,193,197,205,213,217	115,123,127,131,135,155,163,167,175,183,187	2	1,2,3,4,5,6,7,8,9,10,11	74	73	171	11|0|0|0|0|0|7|0|0|0|0|0
GA	Danrer	LTR	ERV1	ZFERV-2-I_DR	chr5:68067272-68067456-	chr6:11196432-11196679+	14	18	0	13,15,23,25,29,33,35,37,39,65,67,69,71,73	10,18,20,24,28,30,32,34,60,62,64,66,68,8	1	1,2,3,4,5,6,7,8,9,10,11,12,13,14	61	61	176	14|0|0|0|0|0|4|0|0|0|0|0
GA	Danrer	LTR	ERV1	ZFERV-2-I_DR	chr5:68067272-68067456-	chr6:11196432-11196679+	15	19	0	11,13,15,23,27,31,33,35,37,39,65,67,69,71,73	10,12,20,24,28,30,32,34,36,62,64,66,68,70,8	1	1,2,3,4,5,6,7,8,9,10,11,12,13,14,15	63	63	179	15|0|0|0|0|0|4|0|0|0|0|0
GA	Danrer	LTR	ERV1	ZFERV-2-I_DR	chr7:50600911-50601091-	chr9:53062428-53062608+	10	16	0	15,161,165,169,173,177,21,27,95,97	15,161,165,169,173,177,21,27,95,97	2	1,2,3,4,5,6,7,8,9,10	164	163	180	10|0|0|0|0|0|0|5|0|0|1|0
GA	Danrer	LTR	ERV1	ERV1-N8-LTR_DR	chr4:36114754-36114979-	chr9:6603979-6604258+	17	31	0	14,16,23,24,25,32,36,4,41,51,58,60,61,71	14,16,23,24,25,32,36,4,41,54,62,64,65,75	2	1,2,3,4,5,6,7,8,9,10,11,12,13,14	73	72	227	17|1|1|2|0|3|4|0|0|2|0|1
GA	Danrer	LTR	ERV1	ERV1-N8-LTR_DR	chr4:63965298-63965525-	chr9:6603979-6604258+	19	31	0	14,16,23,24,25,4,54,60,62,63,73	14,16,23,24,25,4,56,62,64,65,75	2	1,2,3,4,5,6,12,13,14,15,16	42	72	228	19|1|1|1|0|2|4|0|0|2|0|1
