Query   Subject      %_Query_covered_per_hsp  Query_length  Alignment_length  Q_start  Q_end  S_start    S_end      E_value   Bit_score
exon_3  NC_045497.1  24                       544           137               319      448    7909714    7909846    1.21e-05  55.4
exon_3  NC_045505.1  21                       544           121               316      431    2243664    2243778    4.23e-05  53.6
exon_3  NC_045505.1  15                       544           89                355      437    842879     842964     0.002     48.2
exon_3  NC_045481.1  22                       544           119               74       191    14056232   14056344   5.15e-04  50.9
exon_3  NC_045476.1  19                       544           105               149      250    102058847  102058745  5.15e-04  50.9
exon_3  NC_045476.1  14                       544           85                113      188    78119330   78119247   0.006     46.4
exon_3  NC_045500.1  9                        544           51                15       65     5911621    5911571    0.002     48.2
exon_3  NC_045479.1  19                       544           109               342      443    41144898   41144797   0.002     48.2
exon_3  NC_045479.1  19                       544           109               342      443    41144963   41144862   0.002     48.2
