Query   Subject         %_Query_covered_per_hsp  Query_length  Alignment_length  Q_start  Q_end  S_start  S_end    E_value   Bit_score
exon_1  PTFA01000166.1  63                       43            27                11       37     2307473  2307447  0.009     41.0
exon_3  PTFA01000196.1  27                       544           166               288      433    1843508  1843670  1.08e-06  59.9
exon_3  PTFA01000044.1  16                       544           87                75       161    1325644  1325726  3.77e-06  58.1
exon_3  PTFA01000044.1  21                       544           121               340      453    4128486  4128599  1.60e-04  51.8
exon_3  PTFA01000166.1  10                       544           55                178      232    1517633  1517579  5.60e-04  50.9
exon_3  PTFA01000359.1  17                       544           96                355      445    31407    31314    5.60e-04  50.0
exon_3  PTFA01000274.1  12                       544           63                200      262    811381   811440   5.60e-04  50.0
exon_3  PTFA01000157.1  27                       544           158               296      442    2509041  2508891  5.60e-04  50.0
exon_3  PTFA01000256.1  19                       544           109               277      382    480728   480626   0.002     48.2
