Location        #_hits  %_query_cov  %_identity  Lowest_evalue
PTFA01000166.1  2       24.3333      57.531      0.009
PTFA01000572.1  1       7.33333      30.2083     0.006
PTFA01000359.1  1       5.66667      24.6527     5.60e-04
PTFA01000345.1  1       1.66667      32.143      0.007
PTFA01000274.1  1       4            25.926      5.60e-04
PTFA01000256.1  1       6.33333      24.159      0.002
PTFA01000196.1  1       9            23.6947     1.08e-06
PTFA01000157.1  1       9            23.2067     5.60e-04
PTFA01000130.1  1       2.66667      28.6823     0.002
PTFA01000044.1  1       5.33333      25.2873     3.77e-06
