CT	Aptfor	LTR	ERVL	TguLTR5d	NW_008794084.1:558861-559454+	NW_008794911.1:3867408-3868001+	16	48	0	345,444,446,461,475,495,507,512,542,565,569,571	345,444,446,461,475,495,507,512,542,565,569,571	2	5,6,7,8,9,10,11,12,13,14,15,16	228	227	592	13|16|1|3|2|1|5|3|1|2|1|0
CT	Aptfor	LTR	ERVL	TguLTR5d	NW_008794084.1:558861-559454+	NW_008795129.1:26148947-26149542-	20	56	0	440,446,475,495,498,507,511,512,532,533,542	440,446,475,495,498,507,511,512,532,533,544	1	8,9,10,11,12,13,14,15,16,17,18	105	105	593	14|20|3|4|2|0|5|5|1|2|0|0
CT	Aptfor	LTR	ERVL	TguLTR5d	NW_008794084.1:558861-559454+	NW_008795041.1:5000856-5001452+	20	58	0	440,444,446,475,488,495,500,507,512,533,542	442,446,448,477,490,497,502,509,514,535,545	1	7,8,9,10,11,12,13,14,15,16,17	104	104	594	19|20|1|4|2|0|7|2|1|1|0|1
CT	Aptfor	LTR	ERVL	TguLTR5d	NW_008794211.1:708736-709282-	NW_008795251.1:170294-170850+	19	47	0	214,223,247,254,286,293,379,382,395,409,433	214,223,247,254,284,291,382,385,402,416,439	2	6,7,8,9,10,11,13,14,15,16,17	136	226	546	7|19|0|2|0|1|6|10|1|0|1|0
CT	Aptfor	LTR	ERVL	TguLTR5d	NW_008794408.1:1700060-1700630-	NW_008794452.1:2617492-2618064+	16	44	0	125,129,135,145,165,478,479,480,481,482	126,130,137,147,167,484,485,486,487,488	2	3,4,5,6,7,12,13,14,15,16	47	363	569	8|16|0|1|1|0|8|7|0|2|0|1
CT	Aptfor	LTR	ERVL	TguLTR5d	NW_008794414.1:2077777-2078369+	NW_008794579.1:636133-636728+	26	53	0	348,350,352,365,367,545,549,555,560,571	351,353,355,368,370,548,552,558,563,574	2	12,13,14,15,16,21,22,23,24,25	47	224	589	7|26|1|2|0|0|4|3|3|3|2|2
CT	Aptfor	LTR	ERVL	TguLTR5d	NW_008794445.1:2350766-2351358-	NW_008795579.1:396560-397154-	12	32	0	125,135,147,150,162,165,509,531,545,555,564	126,136,148,151,163,166,511,533,547,557,566	2	1,2,3,4,5,6,8,9,10,11,12	97	441	593	3|12|3|1|1|0|4|6|1|1|0|0
CT	Aptfor	LTR	ERVL	TguLTR5d	NW_008794448.1:4299994-4300564+	NW_008795364.1:1774287-1774840+	25	60	0	106,120,165,168,470,472,473,474,475,477,478,479,480,481,81,98	106,120,159,162,459,461,462,463,464,466,467,468,469,470,81,98	3	3,4,5,6,7,8,13,14,15,16,17,18,19,20,21,22	95	390	556	9|25|1|1|0|1|8|9|2|2|2|0
CT	Aptfor	LTR	ERVL	TguLTR5d	NW_008794451.1:1159958-1160549+	NW_008795579.1:396560-397154-	14	38	0	125,147,150,152,165,492,508,530,546,556,565	126,148,151,153,166,495,511,533,547,557,566	2	2,3,4,5,6,9,10,11,12,13,14	113	441	589	3|14|5|4|5|0|2|0|2|1|2|0
CT	Aptfor	LTR	ERVL	TguLTR5d	NW_008794708.1:74752-75349+	NW_008796043.1:8037360-8037954-	35	92	0	354,396,397,400,401,482,508,511,512,514	353,395,396,399,400,481,507,510,511,513	2	15,16,17,18,19,24,25,26,27,28	81	161	595	19|35|4|12|7|1|7|3|1|2|0|1
CT	Aptfor	LTR	ERVL	TguLTR5d	NW_008794753.1:168050-168607-	NW_008795126.1:6703400-6703952-	18	53	0	120,142,153,164,168,456,457,458,459,460,461	119,140,151,162,166,446,447,448,449,450,451	2	1,2,3,4,5,13,14,15,16,17,18	54	333	554	6|18|1|3|0|0|11|7|2|2|1|2
CT	Aptfor	LTR	ERVL	TguLTR5d	NW_008795025.1:1895745-1896282-	NW_008795043.1:146704-147239+	14	42	0	376,393,406,407,432,445,446,448,450,451,452	369,386,399,400,425,438,439,441,443,444,445	2	4,5,6,7,8,9,10,11,12,13,14	78	77	536	3|14|0|1|2|0|7|9|3|2|0|1
CT	Aptfor	LTR	ERVL	TguLTR5d	NW_008795030.1:2165607-2166150-	NW_008795126.1:6703400-6703952-	19	44	0	120,142,153,154,164,168,453,454,485,501,516,98	119,140,151,152,162,166,456,457,491,510,525,97	2	3,4,5,6,7,8,9,15,16,17,18,19	140	429	547	6|19|1|3|1|0|3|4|1|3|1|2
CT	Aptfor	LTR	ERVL	TguLTR5d	NW_008795034.1:3887912-3888492+	NW_008795490.1:14277033-14277446+	21	40	0	431,434,475,488,489,490,491,492,516,523	263,266,307,320,321,322,323,324,347,355	1	10,11,12,13,14,15,16,17,18,19	93	93	363	5|21|1|1|2|0|5|2|1|0|2|0
CT	Aptfor	LTR	ERVL	TguLTR5d	NW_008795034.1:3887912-3888492+	NW_008795128.1:1580621-1581082+	22	52	0	402,405,408,414,431,475,490,491,492,493	277,280,283,290,313,357,371,372,373,374	1	9,10,11,12,13,14,15,16,17,18	98	98	370	7|22|2|3|2|1|6|3|4|1|1|0
CT	Aptfor	LTR	ERVL	TguLTR5d	NW_008795035.1:7725533-7726125+	NW_008796165.1:5149201-5149796+	20	48	0	104,105,144,151,174,196,499,505,506,509,511	106,107,146,153,176,198,501,507,508,511,513	2	2,3,4,5,6,7,13,14,15,16,17	106	408	585	5|20|1|5|3|1|6|5|1|1|0|0
CT	Aptfor	LTR	ERVL	TguLTR5d	NW_008795251.1:826239-826780+	NW_008795695.1:2000598-2001143+	25	60	0	445,446,454,455,458,480,494,504,511,513	447,448,454,455,458,480,503,513,520,522	2	16,17,18,19,20,21,22,23,24,25	77	76	541	13|25|0|3|1|0|6|6|1|1|2|2
CT	Aptfor	LTR	ERVL	TguLTR5d	NW_008795364.1:5617261-5617853-	NW_008795405.1:13092523-13093115+	15	45	0	125,135,145,152,165,418,442,444,447,486	125,135,145,152,165,418,442,444,447,486	2	2,3,4,5,6,11,12,13,14,15	110	362	587	8|15|2|5|1|0|6|5|1|1|1|0
CT	Aptfor	LTR	ERVL	TguLTR5d	NW_008795702.1:2242350-2242894+	NW_008796044.1:7791396-7791939-	21	61	0	355,370,376,378,379,454,455,456,457,458	350,365,371,373,374,453,454,455,456,457	2	7,8,9,10,11,12,13,14,15,16	109	108	542	11|21|2|2|1|0|9|10|1|2|2|0
CT	Aptfor	LTR	ERVL	TguLTR5d	NW_008795702.1:2633588-2633889-	NW_008795934.1:12170-12451-	14	27	0	120,151,158,160,165,238,240,250,253,260	120,150,157,159,164,237,239,249,252,259	2	4,5,6,7,8,10,11,12,13,14	68	140	281	2|14|0|2|1|0|2|2|2|0|0|2
CT	Aptfor	LTR	ERVL	TguLTR5d	NW_008796043.1:6488354-6488799-	NW_008796110.1:499428-499974-	15	34	0	278,349,350,351,352,353,354,355,361,363,367	379,452,453,454,455,456,457,458,464,466,470	1	3,4,5,6,7,8,9,10,11,12,13	92	92	448	5|15|1|2|1|1|5|2|0|0|0|2
