Acanthisitta_chloris           2(62,1.53e-04,50.0)   3(41,0.003,46.4)      1(32,0.006,45.5)
Alectura_lathami               3(65,4.94e-04,50.9)   1(31,4.99e-04,48.2)   2(59,0.001,47.3)
Anas_platyrhynchos             3(143,4.52e-05,53.6)  4(69,0.003,48.2)      2(31,0.007,44.6)
Anser_cygnoides                3(38,1.48e-04,51.8)   1(31,5.36e-04,48.2)   2(37,0.005,44.6)
Apaloderma_vittatum            3(36,0.002,48.2)      1(26,0.003,43.7)
Aptenodytes_forsteri           3(38,1.66e-04,51.8)   1(24,0.007,44.6)
Apteryx_rowi                   2(148,1.95e-40,168)   1(41,4.45e-13,75.2)   3(100,3.83e-06,57.2)
Aquila_chrysaetos_chrysaetos   3(109,4.80e-05,54.5)  2(63,6.22e-04,48.2)   1(25,0.009,41.9)
Atlantisia_rogersi             3(122,1.27e-05,56.3)  1(34,8.49e-04,44.6)   2(42,0.001,46.4)
Aythya_fuligula                3(64,4.71e-06,58.1)   2(72,1.91e-04,51.8)   4(69,0.002,48.2)
Bambusicola_thoracicus         3(64,5.23e-05,53.6)   2(72,1.74e-04,51.8)   1(45,0.006,44.6)
Buceros_rhinoceros_silvestris  2(33,0.008,47.3)      4(59,0.008,47.3)
Calidris_pugnax                3(154,2.31e-36,157)   1(34,8.96e-04,44.6)   2(45,0.002,46.4)
Callipepla_squamata            3(93,1.38e-04,51.8)   1(28,1.95e-04,47.3)   2(39,0.005,44.6)
Calypte_anna                   2(30,1.57e-04,50.9)   3(35,5.02e-04,50.9)   1(27,0.008,41.0)
Camarhynchus_parvulus          3(219,8.99e-22,107)   2(138,4.38e-16,88.7)  1(30,0.002,42.8)      4(49,0.004,46.4)
Caprimulgus_europaeus          3(104,3.67e-06,58.1)  2(49,0.005,44.6)      1(22,0.009,41.0)
Cariama_cristata               3(121,1.26e-07,60.8)  2(33,0.002,47.3)      1(67,0.007,45.5)
Casuarius_casuarius            3(55,5.60e-04,50.9)   1(34,8.81e-04,44.6)   2(51,0.007,45.5)
Cathartes_aura                 2(35,0.002,47.3)      1(29,0.007,44.6)
Centrocercus_minimus           3(77,3.12e-06,58.1)   2(48,0.001,46.4)      1(27,0.008,41.0)
Centrocercus_urophasianus      3(108,3.15e-06,57.2)  1(28,0.002,42.8)      4(28,0.004,47.3)      2(50,0.007,46.4)
Chaetura_pelagica              3(98,5.30e-04,50.9)   1(29,0.007,44.6)      2(33,0.008,47.3)
Charadrius_vociferus           3(39,4.63e-05,53.6)   1(29,7.49e-04,44.6)   2(37,0.002,46.4)
Chlamydotis_macqueenii         3(36,1.44e-04,52.7)   1(29,6.66e-04,44.6)   2(32,0.005,45.5)
Chrysolophus_pictus            3(78,1.39e-04,51.8)   2(46,5.19e-04,48.2)   1(40,0.006,45.5)
Colinus_virginianus            1(56,1.20e-05,54.5)   3(79,1.26e-04,51.8)   2(34,0.002,49.1)
Colius_striatus                3(195,3.10e-07,60.8)  2(44,0.002,46.4)      4(38,0.004,47.3)      1(34,0.009,41.0)
Columba_livia                  3(63,1.97e-04,52.7)   1(34,8.07e-04,44.6)   2(27,0.006,45.5)
Corvus_moneduloides            3(137,1.21e-05,55.4)  1(28,0.002,47.3)      2(33,0.008,47.3)
Corythaeola_cristata           2(32,1.32e-05,54.5)   3(62,5.04e-04,50.0)   1(23,0.002,42.8)      4(64,0.004,47.3)
Coturnix_japonica              1(36,0.002,43.7)      3(46,0.002,48.2)
Cuculus_canorus                1(34,6.90e-05,49.1)   3(38,0.002,48.2)      2(32,0.005,45.5)
Dromaius_novaehollandiae       2(56,1.72e-04,50.0)   3(55,5.52e-04,50.9)   1(34,8.69e-04,44.6)
Egretta_garzetta               2(25,0.002,46.4)      1(25,0.009,41.9)      3(53,0.009,47.3)
Erythrura_gouldiae             3(181,1.19e-26,124)   2(127,3.00e-18,95.1)  1(45,0.002,47.3)
Eurypyga_helias                3(36,0.002,48.2)      2(27,0.006,45.5)
Falco_cherrug                  3(155,1.40e-13,81.5)  1(46,0.002,46.4)      2(42,0.002,46.4)
Ficedula_albicollis            3(69,1.10e-07,62.6)   1(29,6.86e-04,44.6)   4(57,6.93e-04,50.0)   2(51,0.002,48.2)
Fulmarus_glacialis             2(33,0.002,47.3)      3(36,0.002,48.2)      1(26,0.003,43.7)
Galbula_dea                    3(53,1.37e-04,52.7)   1(31,4.82e-04,48.2)   2(50,0.002,48.2)
Gallus_gallus                  3(135,4.00e-05,54.5)  2(72,1.78e-04,51.8)   1(30,0.002,46.4)      4(46,0.002,49.1)
Gavia_stellata                 1(27,8.22e-04,45.5)   3(36,0.002,48.2)      2(32,0.007,45.5)
Geospiza_fortis                3(62,1.44e-04,51.8)   1(30,0.002,42.8)
Gymnogyps_californianus        3(169,4.71e-05,53.6)  2(38,0.002,47.3)      1(29,0.007,44.6)
Lagopus_leucura                2(52,5.99e-04,50.0)   1(29,7.40e-04,44.6)   3(31,8.25e-04,48.2)   4(28,0.004,47.3)
Lagopus_muta                   3(129,2.63e-07,60.8)  2(52,6.06e-04,50.0)   1(29,7.48e-04,44.6)   4(28,0.004,47.3)
Leptosomus_discolor            1(36,0.002,43.7)      3(30,0.003,46.4)      2(29,0.007,44.6)
Limosa_lapponica_baueri        3(125,4.79e-04,50.0)  2(36,0.007,44.6)
Lonchura_striata_domestica     2(95,5.04e-09,64.4)   3(105,3.38e-06,58.1)  1(43,0.002,42.8)
Malurus_cyaneus_samueli        3(65,1.57e-05,55.4)   1(30,0.003,42.8)      2(29,0.007,44.6)
Manacus_vitellinus             3(29,5.44e-04,49.1)   4(44,0.001,49.1)      1(36,0.007,44.6)
Meleagris_gallopavo            3(73,4.22e-05,53.6)   1(45,0.006,44.6)
Melopsittacus_undulatus        3(120,4.45e-05,53.6)  2(54,4.85e-05,51.8)
Merops_nubicus                 1(28,0.002,42.8)      3(46,0.002,49.1)      2(39,0.007,44.6)
Mesitornis_unicolor            2(39,6.40e-04,50.0)   1(29,7.91e-04,44.6)   3(62,0.003,47.3)
Nestor_notabilis               3(36,1.40e-04,52.7)   1(32,0.008,41.0)      2(33,0.008,47.3)
Numida_meleagris               3(121,9.32e-07,59.0)  1(30,0.002,46.4)
Odontophorus_gujanensis        2(54,0.002,48.2)      1(43,0.006,44.6)      3(176,0.006,46.4)
Opisthocomus_hoazin            3(38,1.60e-04,51.8)   2(43,4.40e-04,49.1)   1(36,0.003,43.7)
Passer_domesticus              3(90,6.42e-11,71.6)   2(122,1.45e-05,55.4)  4(42,0.008,47.3)
Pavo_cristatus                 3(47,2.38e-04,50.0)   1(33,0.002,43.7)      2(72,0.007,47.3)
Pavo_muticus                   3(47,2.47e-04,50.0)   1(33,0.002,43.7)      2(72,0.008,47.3)
Pelecanus_crispus              3(38,1.54e-04,51.8)   2(32,1.70e-04,50.0)
Penelope_pileata               2(54,1.10e-04,50.0)   3(52,1.39e-04,52.7)   1(33,0.003,42.8)      4(50,0.008,46.4)
Phaethon_lepturus              4(43,9.58e-05,51.8)   1(28,0.003,42.8)      2(32,0.007,45.5)
Phasianus_colchicus            3(31,8.26e-04,48.2)   2(32,0.002,46.4)
Phoenicopterus_ruber           1(39,0.002,46.4)      3(127,0.002,48.2)     4(67,0.003,49.1)      2(39,0.006,44.6)
Podilymbus_podiceps            3(62,1.59e-04,51.8)   2(61,7.06e-04,50.9)   1(32,0.009,41.0)
Pterocles_gutturalis           2(41,0.005,44.6)      3(87,0.006,47.3)
Rhea_americana                 3(556,0.0,990)        2(148,2.56e-70,268)   1(43,1.47e-12,74.3)   4(138,1.48e-12,78.8)
Rhynochetos_jubatus            3(71,4.34e-05,53.6)   1(50,0.002,46.4)      2(70,0.002,48.2)
Serinus_canaria                3(92,1.17e-05,56.3)   2(82,0.002,49.1)      4(64,0.002,49.1)      1(37,0.006,45.5)
Stachyris_ruficeps             3(230,7.79e-48,195)   4(62,0.004,47.3)      2(32,0.006,45.5)
Struthio_camelus_australis     1(34,0.007,44.6)      2(54,0.009,46.4)
Syrmaticus_mikado              3(179,4.93e-04,50.0)  2(53,0.005,44.6)      1(39,0.008,41.9)
Taeniopygia_guttata            3(214,2.12e-23,113)   2(151,5.36e-15,85.1)  1(41,0.002,43.7)
Tauraco_erythrolophus          2(32,1.27e-04,50.0)   1(31,0.002,43.7)      3(36,0.002,48.2)
Tinamus_guttatus               3(46,0.002,49.1)
Tympanuchus_cupido             3(129,2.52e-07,60.8)  2(52,5.80e-04,50.0)   1(28,0.002,42.8)      4(28,0.003,47.3)
Zonotrichia_albicollis         3(62,1.17e-05,56.3)   1(33,0.002,47.3)      2(66,0.002,49.1)
