Location        #_hits  %_query_cov  %_identity  Lowest_evalue
NW_021819259.1  1       2            30.303      0.006
NW_021819176.1  1       4            25.9803     0.006
NC_042589.1     1       4            26.2627     5.02e-04
NC_042587.1     1       5            25.8823     5.02e-04
NC_042586.1     1       6.33333      25.3967     3.38e-06
NC_042581.1     1       7.33333      30.2083     0.005
NC_042568.1     1       4.33333      25.352      0.006
NC_042567.1     1       6            24.5953     4.12e-05
NC_042566.1     1       6            24.4223     0.002
