Location    #_hits  %_query_cov  %_identity  Lowest_evalue
OU015548.1  1       2.66667      27.5363     0.007
OU015546.1  1       4.33333      25.541      0.002
OU015545.1  1       6.33333      25          3.67e-06
OU015539.1  1       3            27.451      0.002
OU015536.1  1       5.66667      24.919      0.002
OU015534.1  1       6.33333      24.4647     0.007
OU015529.1  1       3            28.6667     0.002
OU015528.1  1       2.33333      28.9473     0.007
OU015524.1  1       3.66667      27.3223     0.002
OU015523.1  1       2.33333      29.6297     0.002
