CT	Falche	LTR	ERVL	DR0079170	NC_073698.1:19068284-19068849-	NW_026599288.1:4366270-4366853+	18	51	0	301,313,321,324,326,475,486,490,493,497	318,330,338,341,343,493,504,508,511,515	2	3,4,5,6,7,13,14,15,16,17	49	198	574	15|18|1|3|2|0|3|3|2|2|2|0
CT	Falche	LTR	ERVL	DR0079145	NC_073698.1:110641747-110642290+	NC_073720.1:46485213-46485687+	29	79	0	305,316,323,325,357,454,459,463,467,470,471,472,476	229,240,247,249,281,381,386,390,394,397,398,399,403	2	14,15,16,17,18,20,21,22,23,24,25,26,27	76	175	451	15|29|3|2|0|2|7|10|4|3|1|3
CT	Falche	LTR	ERVL	DR0079170	NC_073698.1:56823694-56824273-	NC_073719.1:3379699-3380286+	24	65	0	435,450,467,488,496,500,521,531,535,539	442,457,474,495,503,507,528,539,543,547	1	15,16,17,18,19,20,21,22,23,24	106	106	547	18|24|1|7|5|1|3|3|2|1|0|0
CT	Falche	LTR	ERVL	DR0079145	NC_073701.1:40964243-40964709+	NC_073720.1:46485213-46485687+	29	72	0	11,14,22,25,26,374,379,383,387,390,391,392,396	11,14,22,25,26,381,386,390,394,397,398,399,403	2	1,2,3,4,5,20,21,22,23,24,25,26,27	39	393	467	8|29|1|5|2|2|10|8|1|2|1|3
CT	Falche	LTR	ERVL	DR0079145	NC_073701.1:65379820-65380452-	NC_073720.1:46485213-46485687+	28	82	0	166,174,177,178,181,540,545,550,553,556,557,558	14,22,25,26,29,381,386,391,394,397,398,399	2	1,2,3,4,5,22,23,24,25,26,27,28	35	386	475	9|28|0|6|1|0|11|16|2|2|2|5
CT	Falche	LTR	ERVL	DR0079145	NC_073704.1:5730580-5731036+	NC_073720.1:46485213-46485687+	22	56	0	192,212,220,223,232,264,377,380,381,382,386	204,229,237,240,249,281,394,397,398,399,403	2	8,9,10,11,12,13,16,17,18,19,20	88	200	459	6|22|1|3|1|4|5|6|2|3|1|2
CT	Falche	LTR	ERVL	DR0079145	NC_073704.1:54325484-54325955+	NC_073720.1:46485213-46485687+	25	69	0	242,244,251,253,283,380,385,389,393,396,397,398	240,242,249,251,281,381,386,390,394,397,398,399	2	9,10,11,12,13,15,16,17,18,19,20,21	61	160	469	12|25|2|4|1|1|10|9|1|3|1|0
CT	Falche	LTR	ERVL	DR0079110	NC_073701.1:16542782-16543375+	NC_073719.1:7703282-7703855+	32	93	0	127,136,151,152,154,489,503,507,508,512,516,527,532,533,543	108,117,130,131,133,468,483,487,488,492,496,507,512,513,525	3	3,4,5,6,7,21,22,23,24,25,26,27,28,29,30	85	418	576	19|32|2|6|5|4|4|11|2|4|1|3
CT	Falche	LTR	ERVL	DR0079110	NC_073701.1:16542782-16543375+	NW_026599288.1:5322838-5324760-	35	102	0	479,507,508,512,516,521,525,527,533,543	472,495,496,500,504,509,513,515,521,532	1	22,23,24,25,26,27,28,29,30,31	61	61	587	22|35|3|6|5|4|4|9|6|3|3|2
CT	Falche	LTR	ERVL	DR0079170	NC_073699.1:31299943-31300556+	NW_026599288.1:4366270-4366853+	18	51	0	350,359,367,372,374,391,405,430,443,446	321,330,338,343,345,362,376,401,414,417	1	4,5,6,7,8,9,10,11,12,13	97	97	492	13|18|0|5|4|1|4|1|2|1|2|0
CT	Falche	LTR	ERVL	DR0079170	NC_073699.1:31299943-31300556+	NC_073719.1:1935885-1936472+	21	50	0	391,405,421,446,463,510,529,536,542,544	365,379,395,420,438,485,504,511,517,519	2	10,11,12,13,14,15,16,17,18,19	156	155	495	10|21|0|6|1|1|4|1|3|2|1|0
CT	Falche	LTR	ERVL	DR0079170	NC_073700.1:77449591-77450175-	NC_073719.1:1935885-1936472+	25	63	0	128,131,152,155,168,483,489,502,509,515,553	128,131,152,155,168,485,491,504,511,517,555	2	6,7,8,9,10,20,21,22,23,24,25	112	428	584	9|25|1|4|2|0|12|4|5|0|1|0
CT	Falche	LTR	ERVL	DR0079170	NC_073702.1:52555957-52556551-	NW_026599288.1:583894-584484+	28	75	0	333,352,378,388,392,393,473,478,479,481,492	337,357,383,393,397,398,479,484,485,487,498	2	10,11,12,13,14,15,21,22,23,24,25	82	162	589	8|28|1|3|5|3|13|7|3|1|0|3
CT	Falche	LTR	ERVL	DR0079170	NC_073702.1:52555957-52556551-	NC_073719.1:3330529-3331108-	27	77	0	152,160,161,168,187,473,481,492,500,507,512,515,525	152,160,161,168,187,469,477,488,496,503,508,511,521	2	7,8,9,10,11,20,21,22,23,24,25,26,27	89	370	564	15|27|1|3|6|1|9|5|5|2|1|2
CT	Falche	LTR	ERVL	DR0079170	NC_073703.1:53775084-53775656+	NW_026599288.1:583894-584484+	27	66	0	380,384,385,395,407,437,454,467,468,469	393,397,398,408,419,454,471,484,485,486	2	12,13,14,15,16,20,21,22,23,24	60	94	581	9|27|1|4|2|2|8|8|4|1|0|0
